 24  24 -0.0040 -0.5737 14.0151
 48  24 -0.0193 -0.6830 11.1043
 72  24  0.0263 -0.6856 11.2468
 96  24  0.0277 -0.6435 11.2179
120  24  0.0087 -0.6481 11.0167
144  24 -0.0122 -0.6661 10.8577
168  24 -0.0013 -0.5877 10.3748
192  24 -0.0114 -0.5923 10.8598
216  24 -0.0176 -0.6734 11.5074
240  24 -0.0450 -0.6733 11.5824
264  24  0.0086 -0.6446 11.3688
288  24 -0.0248 -0.6441 11.0796
312  24 -0.0105 -0.6619 11.1848
336  24 -0.0217 -0.6186 11.1687
360  24 -0.0196 -0.6358 11.3581
384  24  0.0133 -0.6827 11.4653
408  24  0.0064 -0.6388 11.0910
432  24 -0.0085 -0.6618 10.8931
456  24  0.0230 -0.6713 10.8603
480  24 -0.0397 -0.6196 10.9113
504  24 -0.0472 -0.6071 11.2418
528  24  0.0270 -0.5377 10.7795
552  24 -0.0044 -0.5630 10.4709
576  24 -0.0424 -0.6213 10.8068
600  24 -0.0467 -0.6168 10.6872
624  24 -0.0204 -0.5963 10.1912
648  24 -0.0249 -0.6172 10.4053
672  24 -0.0056 -0.5946 10.7339
696  24 -0.0390 -0.5077 10.6819
720  24 -0.0288 -0.5607 11.0382
744  24 -0.0356 -0.6293 10.8869
768  24 -0.0061 -0.6388 10.9157
792  24 -0.0036 -0.6239 10.9496
816  24 -0.0664 -0.6269 10.4479
840  24 -0.0542 -0.6037 10.5866
864  24 -0.0177 -0.5789 10.8982
888  24 -0.0273 -0.6378 11.1469
912  24 -0.0168 -0.6393 11.3571
936  24 -0.0148 -0.6284 11.0150
960  24 -0.0267 -0.6359 10.6791
984  24  2.7439 -0.6204 11.7630
 24  48  0.0063 -0.0070 12.3513
 48  48 -2.6801 13.7467 13.3263
 72  48 -0.5164 12.7940 13.7363
 96  48  1.9669 13.8143 11.4141
120  48 -5.7427  1.4026  8.1635
144  48  2.0161  2.9107  9.6160
168  48  1.3591  2.6412 19.5838
192  48 -0.3485  2.0122 13.3226
216  48 -1.2882  1.9206 16.6228
240  48 -2.9989 -0.0776 19.0022
264  48 -2.4136 -0.0835 19.2357
288  48 -0.1843 -0.6684 22.6682
312  48 -0.7996 -1.2168 23.8006
336  48 -2.0275 -2.0740 18.7911
360  48 -0.3699 -0.2007 15.4752
384  48  0.3432  0.0012 18.7911
408  48  1.5226  3.5905 18.7596
432  48  1.3022  3.3159 19.6128
456  48 -0.6824  1.9481 20.0231
480  48 -0.8372  0.3220 17.6003
504  48  2.0198  2.9007 13.2145
528  48  0.8720  4.3238 17.0449
552  48  0.8248  4.6620 17.3445
576  48  0.2319  3.0887 10.9959
600  48 -3.9021  1.1642 14.3286
624  48 -2.2767  0.2510 13.9793
648  48 -0.6391  2.6306 14.6288
672  48 -0.7517  2.1282 17.4747
696  48 -0.0026  0.9348 12.2792
720  48  0.5462 -1.3442 13.7026
744  48 -0.8569 -0.4900 14.6856
768  48 -6.9138 -0.9437 11.6932
792  48 -9.9611 -3.8246 13.3665
816  48 -7.1061 -0.9426 15.2108
840  48 -6.7473 -0.2460 15.3673
864  48 -6.7069  0.8005 15.8400
888  48 -6.9419 -1.8863 14.8697
912  48 -2.4926 -3.9858 13.8554
936  48 -2.3054 -3.9737 15.4509
960  48 -2.5658 -2.2518 15.5243
984  48  2.8719  0.0105  9.1065
 24  72  0.0040 -0.0192 11.7912
 48  72 -0.2750 11.1746 16.6450
 72  72 -1.0682 12.7466 16.8379
 96  72 -1.9926  9.9019 12.3251
120  72 -3.3800  0.1480 20.6386
144  72 -4.8154 -0.9246 17.8371
168  72  0.0942  2.1033 19.5603
192  72 -0.9689  3.7983 16.9760
216  72 -1.1156  4.0250 18.3302
240  72 -2.7981 -0.2046 17.0616
264  72 -2.6399 -0.2818 17.9564
288  72 -1.7992  0.3254 19.0113
312  72 -0.8951 -1.2155 20.0851
336  72 -1.7040 -2.0011 16.8674
360  72 -1.6340 -1.2198 16.7041
384  72  0.5548  0.0214 20.7503
408  72  0.7211  3.4644 16.4459
432  72  1.7173  3.5948 15.0549
456  72  1.3563  1.2170 20.1661
480  72  1.5438 -0.2549 19.0041
504  72  0.9282 -0.5577 18.6083
528  72  2.0406  3.0290 16.6487
552  72  0.8864  4.1527 15.7562
576  72 -0.3053  6.1919 14.0213
600  72 -1.7137  3.5978 12.6691
624  72 -2.6952  0.1095 11.5965
648  72 -1.3237  1.6691 15.4122
672  72 -1.5828  1.8693 18.3952
696  72 -1.5131  1.9485  7.6289
720  72  9.1176 -7.3160 10.8526
744  72 -1.8829 -0.8208 10.7726
768  72 -6.0986  0.0467 16.9464
792  72 -8.7389 -2.9926 16.5142
816  72 -7.9733 -2.1710 14.5098
840  72 -6.3504 -0.1818 16.1623
864  72 -7.9496  0.0440 19.1935
888  72 -6.3120 -1.6827 14.6590
912  72 -5.7576 -2.5943 17.1494
936  72 -5.7351 -3.0880 15.5377
960  72 -4.7539 -0.9377 18.0407
984  72  2.7841 -0.0068  8.9613
 24  96 -0.0024 -0.0061 11.8554
 48  96  1.0000  1.0000  8.0301
 72  96 -7.0934  0.6165  6.5181
 96  96 -3.3571  4.2416 12.4713
120  96 -4.7037 -0.9555 23.2471
144  96 -4.5641 -1.1008 23.0721
168  96  0.1093  2.1103 21.4619
192  96 -0.2424  2.8764 19.6637
216  96  1.0671  4.7439 11.9245
240  96 -1.3594 -2.5014 16.5565
264  96 -0.3003 -0.4682 18.8387
288  96 -0.5152 -0.8650 18.9509
312  96 -0.5569 -0.9031 19.3405
336  96 -0.5776 -2.0231 14.5179
360  96  0.0456 -2.2535 18.1722
384  96 -0.0276 -2.1392 17.5409
408  96  0.0079  1.7627 18.3336
432  96  0.2702  1.0787 15.4373
456  96  1.8378  0.9217 15.2757
480  96  1.6698  0.0036 14.4388
504  96  1.3805 -0.2431 16.3689
528  96  2.0787  1.7622 17.3402
552  96  0.3788  4.1947 13.8663
576  96 -1.0040  5.2447 14.3593
600  96 -1.0304  4.0444 13.7105
624  96 -3.5308  0.0751 11.5106
648  96 -4.7969 -0.0445 14.7480
672  96 -2.9050  1.1613 12.7983
696  96 -4.6652 -15.6570  8.3875
720  96 11.5340 -6.0960  5.6311
744  96 -5.7431  0.1696 10.6602
768  96 -6.3035 -0.4056 15.2599
792  96 -6.0938 -1.8954 14.6102
816  96 -7.2182 -1.1449 12.9993
840  96 -6.2151 -0.1394 14.2195
864  96 -7.6478 -0.2444 15.3025
888  96 -3.7987 -1.1376 15.1207
912  96 -4.0623 -1.8927 17.1490
936  96 -4.9470 -4.7371 13.0304
960  96 -3.4328 -1.9311 16.6051
984  96  2.6879 -0.0021  8.7748
 24 120 -0.0067  0.0036 12.4184
 48 120 -3.7986  1.4885  9.9996
 72 120 -7.9983  1.8760 15.9420
 96 120 -5.9753  3.0250 16.9198
120 120 -7.0823 -0.6135 17.2030
144 120 -7.5295 -2.1516 14.3722
168 120 -8.8479 -3.0831 15.3554
192 120  1.9544  0.9212 12.3041
216 120  1.9593 -3.1664 20.7960
240 120  0.9853 -1.2554 15.4215
264 120 -0.0448 -0.9368 20.3924
288 120 -0.4299 -1.2547 21.1195
312 120 -0.2642 -1.2514 21.1505
336 120  1.3719 -2.2351 16.3753
360 120  1.4285 -2.0807 17.4212
384 120  2.0487 -1.3383 19.3123
408 120  1.1793  0.4479 15.9433
432 120  3.0980  3.9186 16.8154
456 120  2.2196  1.9761 14.8325
480 120  3.7692  3.6471 16.5825
504 120  2.3201  1.8972 15.0656
528 120  1.6240  1.9956 20.3471
552 120  0.0001  4.2004  9.9758
576 120 -0.5720  5.1975 15.7271
600 120 -0.1302  2.9564 13.5463
624 120 -1.7731  1.2260 14.6149
648 120 -1.9187  0.5658 14.0630
672 120 -1.3780 -0.0654 12.3444
696 120 -7.2242  2.4681 11.5697
720 120 -4.4753 -2.0540  9.0365
744 120 -4.3619 -2.0967 13.9857
768 120 -5.7810 -1.1513 14.4224
792 120 -6.4982 -1.3734 17.9824
816 120 -6.0783 -0.9783 17.4037
840 120 -4.4479  0.8542 19.8694
864 120 -4.7997  0.3136 19.2767
888 120 -4.3282 -1.3436 17.7741
912 120 -3.8969 -1.8663 19.3028
936 120 -2.6346 -4.7108 16.4140
960 120 -2.1500 -4.0589 15.7327
984 120  2.7652  0.0193  9.4146
 24 144 -0.0037  0.0266 12.4478
 48 144 -3.5946  1.9690 17.5985
 72 144 -5.8698  2.9197 14.4600
 96 144 -6.2190  2.9546 12.8036
120 144 -8.1183  1.1751 20.2303
144 144 -9.5565 -0.4406 12.0190
168 144  0.2013 -3.2118 14.6274
192 144  0.4506 -2.3534 16.8111
216 144  1.9618 -3.6334 17.7215
240 144  0.9389 -1.3561 15.3504
264 144  1.8580 -0.1329 18.7388
288 144  2.5132 -0.4068 15.6320
312 144  0.6739 -1.9806 15.5659
336 144  1.6856 -2.3540 18.8304
360 144  0.9682 -2.2012 19.4324
384 144  1.5302 -0.5578 15.9940
408 144  1.2695  0.0190 14.9487
432 144  3.0188  4.5855 19.7104
456 144  2.0171  2.4048 17.6672
480 144  3.0335  3.5183 16.0823
504 144  3.8763  3.4324 17.2898
528 144  4.3386  3.9206 19.6686
552 144  3.3051  3.5055 14.7350
576 144  1.6880  3.1497 14.8209
600 144  0.3309  1.0198 15.5464
624 144  1.3658  0.7222 19.1135
648 144  1.3952  1.5403 15.7734
672 144  0.2811 -0.1567 17.3933
696 144 -0.7764 -0.4207 15.8910
720 144 -4.2851 -1.7247 13.3220
744 144 -5.9328 -3.0666 13.8572
768 144 -5.2946 -0.3477 14.4394
792 144 -6.0426 -0.4806 16.4622
816 144 -5.8003 -1.0925 17.1138
840 144 -3.0597 -0.1291 16.8174
864 144 -3.1813  0.2632 20.4506
888 144 -4.1926 -1.2661 17.5422
912 144 -2.7752 -2.9427 16.7278
936 144 -1.9416 -4.5894 14.6943
960 144 -2.0741 -4.0103 15.5078
984 144  2.6969 -0.0253  9.0689
 24 168  0.0033  0.0556 12.1310
 48 168  2.8315  4.0469 15.4800
 72 168  1.7910 -0.1277 13.9893
 96 168  1.0965 -1.1006 16.1100
120 168  1.7064  2.9695 10.1245
144 168  0.7040 -2.9653 17.5625
168 168  0.9207 -2.6105 20.6799
192 168  1.2463 -1.4191 18.0260
216 168  2.1483 -0.9164 21.2450
240 168  2.9414  0.7857 20.2135
264 168  3.6509  0.4599 21.4407
288 168  4.1231 -0.2365 20.0931
312 168  3.3939 -0.7293 16.8135
336 168  1.8352 -2.0876 19.6710
360 168  1.9471 -2.9794 18.8725
384 168 -2.9745 -0.0813 17.8990
408 168 -1.9095 -0.0568 14.9942
432 168 -0.0973  3.0074 16.0640
456 168 -0.2135  2.2539 18.0589
480 168  1.7172  2.1081 16.7106
504 168  3.5234  3.1271 15.9564
528 168  4.1930  3.4176 16.3458
552 168  4.2813  3.8119 16.5172
576 168  3.4038  3.8999 15.5011
600 168  3.0819  2.1797 13.2804
624 168  2.3271  0.7794 15.8869
648 168  1.5051  0.3194 17.0281
672 168  1.2561 -0.2723 19.3678
696 168 -0.4741 -0.2708 16.4036
720 168 -1.7489 -0.0434 16.5668
744 168 -3.9996 -0.9564 13.9923
768 168 -3.8248 -0.6821 15.8155
792 168 -3.3543  0.2850  8.7618
816 168 -5.8223 -1.9722 11.2700
840 168 -2.6783 -0.1189 15.7118
864 168 -2.4658  0.8392 16.2680
888 168 -2.6639 -2.0364 14.5796
912 168 -3.1485 -3.7738 14.5227
936 168 -4.4306 -3.8139 13.5653
960 168 -5.7235 -3.7188 16.8769
984 168  2.6752 -0.0871  8.8941
 24 192  0.0023  0.0599 12.0581
 48 192  2.3630  3.7490 17.9799
 72 192  2.8720 -0.7219 16.5819
 96 192  3.0808 -0.7995 17.1944
120 192  1.0000  1.0000  6.9471
144 192  0.5854 -2.6888 17.5604
168 192  0.5115 -1.6269 15.9783
192 192  0.0251 -0.9861 17.3418
216 192  1.6480 -0.7834 15.8964
240 192  0.7045  0.3498 17.5825
264 192  2.3336  0.4520 13.7880
288 192  4.2507 -0.6521 13.2146
312 192 -0.3516  0.0265 14.5223
336 192 -5.1340  5.1295 14.7334
360 192 -5.0489  4.8298 14.5698
384 192  0.6267  4.2214 18.6271
408 192 -0.1815  3.1463 17.1936
432 192 -0.3259  2.3752 19.3350
456 192  0.3963 -0.1237 19.8021
480 192  0.9714  0.1475 15.5576
504 192  1.9213  1.9113 15.3593
528 192  3.1501  3.2098 13.9212
552 192  4.3756  3.8495 17.0424
576 192  4.2870  3.2783 12.5260
600 192  3.9164  0.0990 15.0502
624 192  3.6168 -1.5891 14.8135
648 192  3.8589  0.5976 16.2793
672 192  3.6576  1.0618 13.3704
696 192 -1.3981  3.2388 15.0675
720 192 -1.3315  2.3167 16.9323
744 192 -1.1338  0.1484 17.6250
768 192 -1.0860  0.1860 13.8163
792 192 -3.5895 -1.7381 10.9186
816 192 -3.1197 -1.2528 11.3586
840 192 -2.4534  0.6506 18.5603
864 192 -1.9576  1.3759 16.5707
888 192 -1.2120  3.6856 14.9291
912 192 -4.6668 -2.2806 11.2173
936 192 -4.7110 -3.5896 14.4301
960 192 -6.0278 -3.5982 17.3688
984 192  2.7366 -0.0521  9.1476
 24 216  0.0012  0.0302 11.7249
 48 216  0.1727  1.5096 13.9584
 72 216 -2.0534 -3.1876 18.2524
 96 216  0.1200 -1.1925 14.5655
120 216  3.1056 -6.9825  9.6558
144 216  1.6721 -4.1033 17.3243
168 216  0.7311 -1.2152 15.5825
192 216 -1.1153 -0.3836 17.3907
216 216 -1.6164  0.9388 13.3565
240 216 -1.2559  1.0911 15.6965
264 216 -1.2039  1.1476 19.2551
288 216 -2.3465  1.2527 17.4290
312 216 -2.3559  1.0716 16.2478
336 216 -4.9815  5.0071 18.5917
360 216 -3.9011  2.8597 16.4875
384 216 -0.6845  2.6192 16.0169
408 216 -0.5023  3.8201 19.3810
432 216 -0.2267  2.4076 21.0760
456 216  1.1467  0.8238 21.9931
480 216  1.4477 -0.1011 19.9315
504 216  0.5781  0.4933 14.2121
528 216  2.4003  2.7143 13.9526
552 216  3.0041  3.0806 17.1700
576 216  3.5573  2.9790 17.7794
600 216  3.8505  1.0151 16.3822
624 216  3.6990 -0.1140 14.3176
648 216  3.2808  0.8419 17.0729
672 216  1.6403  1.6213 12.7218
696 216 -0.1927  4.2631 13.6443
720 216 -0.3968  3.4837 14.8937
744 216 -1.5330  1.7938 16.3250
768 216 -0.3053  0.0691 15.3670
792 216 -2.4004 -0.7698 15.9542
816 216 -1.7308 -0.2329 14.6535
840 216 -1.4308  1.2338 17.7218
864 216 -0.1698  2.5302 19.7052
888 216 -0.6282  3.9641 17.0347
912 216 -1.0002  1.6466 14.9934
936 216 -4.7335 -0.0421 12.0803
960 216 -4.9944 -2.2791 11.6947
984 216  0.8511  0.0239  8.6075
 24 240  0.0035  0.0095 11.9113
 48 240 -1.0731 -2.8212 14.7110
 72 240 -2.2258 -4.3944 17.9587
 96 240 -1.5885 -4.8621 19.4450
120 240  0.0373 -6.6971 13.3156
144 240  2.2435 -5.5521 21.7276
168 240  1.6351 -3.7647 17.7893
192 240 -3.9600  2.0298 14.3224
216 240 -5.4652  3.9249 15.3681
240 240 -5.1960  4.2307 16.2661
264 240 -6.6864 -0.7124 11.7060
288 240 -7.0365  0.7102 19.2281
312 240 -4.5840  2.9430 13.9185
336 240 -2.4039  3.9928 16.1238
360 240 -2.1370  3.5283 16.5754
384 240 -3.4570  3.2161 18.1756
408 240 -2.8717  4.2224 28.7521
432 240 -1.6617  4.1823 18.9899
456 240  0.9969  1.0881 22.1413
480 240  1.8680  0.0013 20.8002
504 240  2.2381 -0.1075 18.3426
528 240  2.8025  0.9057 16.3054
552 240  2.0032  0.7616 16.3237
576 240  2.5506  1.0410 16.1319
600 240  3.7692  1.2405 16.1578
624 240  3.7018  0.3246 19.4103
648 240  1.9284  1.2901 18.2065
672 240  0.8398  3.2318 16.9099
696 240  0.5866  4.2885 17.8416
720 240 -1.2594  1.9175 13.5399
744 240 -1.6748  1.5316 14.0332
768 240 -1.7948  1.0629 12.9518
792 240 -2.0454 -0.4573 18.2411
816 240 -1.9829  0.0310 15.7823
840 240 -0.2629  2.8235 14.5564
864 240 -0.3376  4.2682 14.9992
888 240 -1.3168  5.0245 14.9941
912 240 -0.5885  1.6676 19.3450
936 240  0.6815  0.0959 17.6187
960 240 -0.1019 -2.6302 14.8989
984 240  1.1512 -0.0317  8.7448
 24 264  0.0182  0.0222 11.6254
 48 264 -5.2838 -7.0214 17.2269
 72 264 -1.1977 -4.7379 22.6371
 96 264 -0.9597 -4.8186 22.6942
120 264 -0.1268 -6.7242 15.9496
144 264 -5.6651 -3.6535 16.2303
168 264 -3.9254 -0.1576 16.9366
192 264 -4.3594  2.5780 12.4722
216 264 -5.9599  4.0653 11.7297
240 264 -3.1675  3.6766  9.7634
264 264 -7.8045 -0.1763 18.7025
288 264 -7.6862  0.2027 15.5588
312 264 -4.2449  3.1492 16.6339
336 264 -3.7308  4.5554 17.5309
360 264 -3.6772  5.0483 17.6587
384 264 -2.0296  5.8011 13.6214
408 264 -1.5051  3.6019 14.1049
432 264 -0.1655  3.0074 11.8103
456 264  2.7068  1.3432 17.2982
480 264  3.4053 -0.0838 17.7976
504 264  3.7178 -0.0624 18.2121
528 264  2.5432  0.1868 20.0657
552 264  1.6126  0.1904 21.0590
576 264  1.3240  0.1809 15.0805
600 264  2.4161  0.5306 15.0535
624 264  1.1935  1.1818 20.9668
648 264  0.6771  1.0377 19.5986
672 264  0.1947  5.2965 16.7860
696 264 -0.2434  5.4369 13.0241
720 264 -0.2147  1.9227 11.8228
744 264 -0.4172  1.7458 12.3669
768 264 -0.9786  3.1917 11.4941
792 264 -2.3821 -0.0735 18.0158
816 264 -2.8463  0.2157 15.2961
840 264 -3.7540  2.2811 16.4960
864 264 -3.5019  5.0404 16.9318
888 264 -2.1894  4.9607 15.4306
912 264 -0.0520  1.7187 19.9133
936 264  0.1958 -1.1400 13.8736
960 264  0.1389 -1.3574 12.9196
984 264  2.8097  0.0333  9.0395
 24 288  0.0149 -0.0330 11.6184
 48 288 -5.0367 -6.4369 15.4139
 72 288 -1.0926 -4.4779 14.3783
 96 288 -1.0114 -4.5805 15.2005
120 288 -5.8173 -3.7041 10.0842
144 288 -5.5519 -3.3849 18.3229
168 288 -4.5703 -2.3908 13.0692
192 288 -0.1305 -0.9331 14.1868
216 288 -0.2956 -1.1222 12.4166
240 288 -6.6972 -2.2887 11.5920
264 288 -7.6297 -0.2746 17.2396
288 288 -7.6529 -0.0717 20.0316
312 288 -6.9025  0.0717 14.4789
336 288 -4.1627  3.8975 10.7916
360 288  1.4010  3.0778 18.6251
384 288  0.0526  4.8757 19.2629
408 288  0.3446  4.7991 15.4853
432 288  1.2990  3.4415 14.3576
456 288  2.6175  2.1662 14.0617
480 288  3.1822  0.0527 15.6846
504 288  3.5613  0.1222 15.6159
528 288  2.1902  0.3573 17.6119
552 288  2.3409  0.5696 16.1365
576 288  0.4120  0.2967 15.3139
600 288  0.2145  1.0048 15.6091
624 288  0.9662  2.0379 16.4068
648 288  0.3884  0.9350 18.9728
672 288 -0.0054  5.4544 15.4670
696 288  0.7345  5.6716 12.6233
720 288  0.0243  2.8471  6.5259
744 288 -2.5394  3.7375  9.3665
768 288 -0.3558  1.2433 13.6292
792 288 -2.1958  1.1286 14.2664
816 288 -3.5908  1.8999 15.4362
840 288 -3.7392  2.1620 14.3786
864 288 -3.1766  3.9901 18.0146
888 288 -0.4102  3.3693 15.8646
912 288  0.4507  1.9535 18.2373
936 288  1.0883 -0.0108 14.6529
960 288 -0.6700  0.0617 15.8228
984 288  2.8424  0.0002  9.0953
 24 312 -0.0010 -0.0432 12.5161
 48 312 -1.2008 -5.7900 14.7197
 72 312 -0.4388 -7.0808 16.5601
 96 312 -1.6958 -8.0879 17.6941
120 312  0.2498 -8.9490  8.4450
144 312 -4.2034 -3.2877 13.1459
168 312  0.2001 -2.2730 12.5079
192 312  0.0627 -1.2465 16.9010
216 312 -1.0561 -2.2295 20.9747
240 312 -2.0782 -2.3472 18.3996
264 312 -2.9884 -1.6883 13.2843
288 312 -5.4335 -0.7091 12.6774
312 312 -5.8193 -0.9899 19.4796
336 312 -5.4009 -1.5429 14.2196
360 312 -0.8184  1.9697 11.2796
384 312  1.8929  2.9276 13.1014
408 312  2.5216  2.8165 15.1481
432 312  2.0067  3.6794 15.4876
456 312  2.0090  2.5863 12.0986
480 312  1.7497 -0.0297 17.3345
504 312  2.1721 -0.0956 16.5891
528 312  2.7041  1.2927 13.3063
552 312  1.8472  2.5414 14.9353
576 312  0.4577  2.0536 15.8489
600 312 -1.0964  0.9335 16.8911
624 312 -0.6036  0.8487 18.2479
648 312 -2.2698  0.0136 16.8627
672 312 -3.1361  1.8309 19.4617
696 312 -3.6324  3.5319  8.9872
720 312  4.8050 -10.4174  6.8941
744 312 -2.5758  1.3569 12.4379
768 312 -1.6491  1.3842 14.5140
792 312 -2.0642  2.0690 17.9275
816 312 -1.9763  3.1694 15.1872
840 312 -1.0329  3.0628 16.1298
864 312 -1.0073  2.8489 16.6652
888 312 -0.3638  1.7999 15.8016
912 312  0.2333  1.4252 15.8776
936 312  0.9471 -0.1946 15.2712
960 312  0.7691 -0.4870 12.3245
984 312  2.8003 -0.0573  8.9435
 24 336 -0.0008 -0.0261 12.5719
 48 336 -1.9357 -4.8426 18.3201
 72 336  0.0995 -7.0571 16.6699
 96 336  0.0173 -7.6849 13.9118
120 336  2.2318 -7.7262 14.7324
144 336  3.0649 -8.5257 18.3663
168 336  2.8038 -8.0971 13.8176
192 336 -0.1202 -3.1620 10.5205
216 336 -0.7610 -1.4108 15.2647
240 336 -2.8699 -2.2628 17.5174
264 336 -3.2859 -4.0946 14.0658
288 336 -7.8011  0.7442 19.1736
312 336 -5.9664 -0.7943 16.0473
336 336  4.5033 -2.8333 15.2196
360 336  4.5638 -3.8369 17.7467
384 336  8.6676  0.8721  9.2030
408 336  6.7782  1.0909 11.8820
432 336 -2.3397  3.1038  8.9887
456 336 -1.0245  0.8166 11.0141
480 336  0.5484 -0.1901 17.7684
504 336 -0.1874  0.1696 16.0076
528 336  0.0098  0.9757 14.9275
552 336  1.3216  1.5451 14.8388
576 336  0.6299  1.6607 15.8041
600 336 -0.0305  0.8449 17.7487
624 336 -1.0546  0.3249 17.4172
648 336 -2.6898  0.1108 15.1326
672 336 -2.5902  0.4928 15.0876
696 336 -3.8743  2.9710 12.3001
720 336 -3.3464  4.0580 14.4155
744 336 -3.0737  2.0913 16.3789
768 336 -1.3662  0.7446 14.6145
792 336 -2.7192  3.4467 15.3899
816 336 -1.3854  3.1930 16.1931
840 336 -0.8090  3.1318 16.4087
864 336 -0.3492  2.5936 17.3601
888 336 -1.2222  0.8354 16.6586
912 336 -1.4301  0.1512 17.7314
936 336 -0.4710 -0.4283 14.9991
960 336  1.4599 -0.9230 15.2203
984 336  2.6271 -0.0713  8.2075
 24 360  0.0029 -0.0114 12.2826
 48 360  4.0475 -4.9897 16.5601
 72 360  4.5920 -4.5229 12.8077
 96 360  0.3071 -9.1792 12.7493
120 360 -3.7683 -0.9190 16.4782
144 360 -5.6948 -0.2422 16.6616
168 360 -0.1598 -3.7734 13.3535
192 360 -12.0011 -2.7162 18.2518
216 360 -12.6759 -1.2808 10.9458
240 360  0.6663 -2.3116  8.7427
264 360 -7.0313  0.1207 17.3412
288 360 -7.9961  0.8498 21.6066
312 360 -7.9469  0.1464 10.3984
336 360  3.0354 -5.5771 16.5039
360 360  3.3007 -4.5208 16.4439
384 360 -0.0963 -3.2632 13.6755
408 360 -0.1122 -2.9090 12.9163
432 360 -0.1763  0.6096 10.2533
456 360 -1.2803  0.3733 11.4179
480 360 -1.3554 -0.6484 14.0039
504 360 -3.0975 -0.3512 15.2716
528 360 -1.5181  0.0245 18.2660
552 360  0.1121 -1.0214 14.1056
576 360  1.0275 -0.0350 15.1577
600 360  1.5204 -0.0142 13.5703
624 360  2.0404 -0.0929 10.5828
648 360 -17.1693 -8.8702 10.2879
672 360 -21.4329 -1.1815  5.8313
696 360 -2.8519  4.6110  8.9947
720 360 -3.4073  4.1724 12.1892
744 360 -1.9249  2.8619 17.1616
768 360 -1.0319  2.2825 20.9179
792 360 -0.9281  3.2096 17.6875
816 360 -0.6760  3.2410 17.1313
840 360 -2.1399  1.9415 17.4418
864 360 -1.7978  1.4806 14.6001
888 360 -2.2645  0.8260 20.4502
912 360 -3.2492 -0.2852 21.9233
936 360 -1.8767 -1.5039 15.5021
960 360  1.5406 -1.2570 17.9926
984 360  2.8165 -0.0251  8.8101
 24 384 -0.0148 -0.0109 12.3269
 48 384  4.0725 -5.0099 16.5648
 72 384  4.3272 -4.9641 16.6999
 96 384  6.3650 -7.0641 14.3996
120 384 -2.6305 -1.8620 18.0712
144 384 -4.1024 -2.0230 13.7631
168 384 13.1657 26.0955 14.7805
192 384 -12.0230 -3.3759 16.4531
216 384 -12.0586 -3.7300 15.3628
240 384 -11.0132 -2.1970 16.9776
264 384 -11.0346 -1.7988 10.3804
288 384 -8.5081 -0.0182 11.6910
312 384  0.0305 -7.7075 12.6526
336 384  2.7620 -6.9579 15.8584
360 384  0.9545 -6.1646 14.3618
384 384  0.9379 -6.2254 15.9389
408 384 -1.9613 -1.1778 13.2224
432 384 -0.6770 -0.4049 15.6192
456 384 -0.4862  0.2634 15.4680
480 384 -0.8800 -0.3774 12.8918
504 384 -1.8655 -0.9481 15.8364
528 384  0.6537 -2.3485 13.8814
552 384  2.1524 -2.1063 13.2123
576 384  3.3055 -0.0917 15.4033
600 384  3.5715 -0.0106 17.3505
624 384  0.1487 -0.6726 14.1654
648 384 -17.4815 -9.0631  7.8912
672 384  7.1472  5.8783 10.1502
696 384  2.7759  7.1194  8.4133
720 384 -2.8067  3.7647 13.5052
744 384 -1.7348  2.3772 16.6147
768 384 -1.0147  2.1493 21.4415
792 384  0.1153  1.1448 15.7524
816 384  0.1462  2.1123 18.0473
840 384 -0.4607  2.5736 18.8034
864 384 -0.6860  2.7544 14.3096
888 384 -2.0359  0.3288 17.7601
912 384 -2.9663 -0.1848 19.6577
936 384 -2.3533 -0.9231 18.4837
960 384 -0.2170 -0.2832 17.1339
984 384  2.8110  0.0337  8.9925
 24 408 -0.0223 -0.0171 12.4421
 48 408  4.2786 -5.0542 16.0956
 72 408  5.0595 -5.3651 19.2037
 96 408  6.7190 -7.1591 20.7802
120 408 -3.7663 -0.1050 13.8659
144 408  6.7084 -1.6789 10.7284
168 408  7.7961 -2.2105 12.9859
192 408 -6.3118 -6.8659 10.0607
216 408 -11.7409 -4.0366 14.5744
240 408 -10.5668 -3.0360 10.1196
264 408  1.3873 -9.8841 13.0588
288 408  1.1831 -10.0141  8.1833
312 408  1.0000  1.0000  9.1705
336 408  2.2877 -5.1342  9.1615
360 408  0.4090 -7.1005 21.3430
384 408  1.2466 -6.4688 17.8645
408 408  1.2046 -6.1551 13.1749
432 408  2.8552 -5.6730 13.0018
456 408  2.7656 -5.5807 13.9930
480 408  1.2001 -3.2749 16.0422
504 408  0.8591 -3.3225 18.5880
528 408  2.9828 -3.6427 16.6017
552 408  3.7785 -3.0678 16.5306
576 408  3.4122 -1.7164 13.6576
600 408  3.4051 -1.0139 16.2130
624 408  0.2585 -1.3352 17.7519
648 408  0.0159 -1.4442 23.3845
672 408  0.1015 -0.7513 19.1305
696 408  0.1340  0.8528 18.4298
720 408 -0.1063  1.8814 15.9764
744 408 -2.8075  2.6281 20.0087
768 408 -1.6077  2.1285 15.8263
792 408  0.4008  0.8708 13.6597
816 408  0.7622  1.2270 13.3992
840 408 -0.6061  2.4029 15.3301
864 408 -0.2131  2.1647 16.1390
888 408 -0.8815  2.0086 21.3623
912 408 -1.5853  0.5938 16.3822
936 408 -1.6637  0.1916 19.7125
960 408 -0.9875 -0.5698 16.8434
984 408  2.6103 -0.0116  8.7187
 24 432 -0.0118 -0.0148 12.4506
 48 432 -0.7472 -6.6138 14.1162
 72 432  4.2192 -7.3161 13.0591
 96 432  3.3046 -5.9840 11.6293
120 432  2.4501 -4.1413 13.9170
144 432  1.7586 -2.3940 14.0170
168 432  1.5993 -2.1649 11.9052
192 432 -5.8821 -5.0242 11.6068
216 432 -2.9857 20.0124 11.7928
240 432  1.9027 -10.1344 17.4298
264 432  2.3176 -10.0257 19.6079
288 432  3.7761 -9.2069 20.2741
312 432  1.0000  1.0000  8.9910
336 432  1.4856 -4.6265  9.5046
360 432  0.8655 -8.1328 17.5530
384 432  0.8517 -8.1874 15.5066
408 432  0.8567 -8.1707 13.4637
432 432  2.8502 -5.4459 18.1482
456 432  2.5141 -5.0542 17.0024
480 432  0.4155 -3.7288 16.7827
504 432  1.1687 -5.2317 14.9908
528 432  2.2246 -5.6284 13.9891
552 432  3.6057 -3.9389 16.0677
576 432  2.3994 -2.1223 13.0557
600 432  2.2896 -1.1233 15.8839
624 432  1.0693 -1.1664 21.0426
648 432  0.2863 -1.4646 21.0261
672 432  0.0944 -1.0557 16.9525
696 432  0.3954  0.2867 15.0470
720 432 -0.1969  2.2080 15.8312
744 432 -0.9484  3.7373 16.8001
768 432 -1.6390  3.2831 11.1957
792 432  1.9114  6.7362  9.4329
816 432 -0.6406  8.5981 10.7014
840 432  0.0939  5.0716 11.1836
864 432  0.1406  4.6140 13.0812
888 432  0.6182  3.0952 19.5803
912 432 -0.3922  1.8106 16.8678
936 432 -1.3325  0.5872 17.0098
960 432 -1.9386  0.7046 18.0637
984 432  2.8216  0.0087  8.5431
 24 456 -0.0173 -0.0213 12.9211
 48 456  0.2180 -6.1241 14.8116
 72 456  1.1203 -7.6603 14.7053
 96 456  0.9205 -7.3046 18.3597
120 456  0.5703 -7.8447 18.9305
144 456 -0.6972 -6.1079 15.7987
168 456 -0.0559 -5.5776 17.5475
192 456  1.0000  1.0000  8.5286
216 456  0.1330 -10.1687 13.6548
240 456  2.0098 -10.1435 18.4192
264 456  2.3269 -9.9653 17.9179
288 456  3.3357 -8.7689 16.2956
312 456 11.9554 -8.5035  7.5380
336 456  0.8986 -7.8318 12.4995
360 456 -0.4812 -7.2509 12.8577
384 456 -0.7115 -7.2744 13.3408
408 456  0.0606 -7.3577 13.0581
432 456  0.2626 -4.8211 13.6513
456 456  0.1608 -4.2223 18.5502
480 456  0.1713 -4.1698 20.5378
504 456  0.9918 -6.7616 20.7103
528 456  1.6016 -6.2088 20.5232
552 456  1.2201 -2.8648 18.9916
576 456  0.6562 -2.0380 16.1375
600 456  0.2783 -1.2205 17.8444
624 456  0.4974 -1.5758 19.3959
648 456  0.5372 -1.3409 19.9631
672 456  0.1596 -1.2709 20.2426
696 456  0.1993 -0.4906 16.4522
720 456  0.2062  3.4482 17.6097
744 456  0.0352  3.9618 16.8128
768 456  0.5462  6.3990 13.7292
792 456 -0.9093 11.1291 14.9307
816 456 -0.3005 12.3623 15.2664
840 456 -0.5856  7.4313 11.7621
864 456  0.0237  6.8401 13.6381
888 456  0.1741  5.0352 12.9531
912 456  0.1311  2.6860 14.0727
936 456 -1.3068  0.6086 17.5380
960 456 -1.5224 -0.0257 15.9069
984 456  2.9177  0.0252  9.1386
 24 480 -0.0229 -0.0267 12.8745
 48 480  2.8545 -5.3268 17.7177
 72 480  1.6135 -6.9730 16.1183
 96 480  1.8124 -7.9834 15.7757
120 480  0.4889 -7.5192 17.1871
144 480 -0.0282 -7.5848 17.7640
168 480 -0.7297 -6.7637 18.1853
192 480 -0.6045 -7.1751 14.3570
216 480 -1.1102 -8.9551 13.7297
240 480 -1.2839 -9.0139 18.1017
264 480 -1.7770 -8.2573 13.8968
288 480  2.0972 -8.8348 11.5775
312 480  4.6049 -6.3129  8.5586
336 480 -0.7203 -8.2058 13.5793
360 480 -0.1827 -8.6528 13.1187
384 480  2.3645 -6.3975 17.4385
408 480  2.7107 -5.6902 16.5876
432 480  2.7768 -4.2838 14.1573
456 480  3.6551 -6.1480 14.2918
480 480  2.7812 -5.6284 14.6914
504 480  1.3761 -6.1650 15.6764
528 480  1.7208 -6.0148 18.8216
552 480  0.8061 -2.4173 19.9404
576 480  0.2172 -1.8336 18.2387
600 480  0.0037 -1.2107 16.4437
624 480 -0.0123 -0.8177 15.9412
648 480 -0.1533 -0.7753 16.8484
672 480 -0.0262 -0.9340 21.8941
696 480 -0.0824 -0.9237 15.5883
720 480 -0.1607  2.5546 15.2972
744 480 -0.2082  3.3938 15.2274
768 480  0.3617  5.8449 10.6574
792 480 -2.5541 11.2551 12.4592
816 480 -2.6110 12.4782 14.2808
840 480 -1.8843  9.9428 14.1503
864 480 -0.7620  8.3582 15.8616
888 480  0.1672  6.5459 18.1306
912 480 -0.2999  2.1635 13.0884
936 480 -1.3340  0.8058 21.3601
960 480 -1.3685  0.3530 17.6337
984 480  2.7208  0.0135  9.2094
 24 504 -0.0042 -0.0127 12.3344
 48 504  0.2009 -6.6856 15.1658
 72 504  1.3741 -5.6045 12.1660
 96 504  0.4127 -7.6558 10.6620
120 504  0.5668 -7.6315 16.5117
144 504  0.5270 -6.9496 18.8714
168 504  0.3508 -6.5692 19.5733
192 504 -0.2371 -6.9309 20.0545
216 504 -1.1916 -7.7804 17.1402
240 504  1.6787 -7.9537 12.2395
264 504  1.8833 -8.7717 14.2846
288 504  1.9173 -8.5532 19.1350
312 504  4.2125 -6.7274 11.1363
336 504  5.2359 -9.9746 15.8987
360 504  4.1874 -10.8592 15.6851
384 504  4.0002 -5.3366 15.0672
408 504  4.1765 -4.3737 12.3185
432 504  5.5045 -5.2591 14.4268
456 504  4.3580 -5.7583 15.2077
480 504  3.2936 -4.8044 15.1473
504 504  3.0889 -3.1924 18.0362
528 504  0.9883 -2.6936 16.5188
552 504  0.1686 -2.5201 19.4639
576 504 -0.1631 -1.3552 17.9225
600 504 -0.0719 -0.5327 19.6139
624 504 -0.1308 -0.6884 16.7204
648 504 -0.5160 -1.4013 19.2218
672 504 -0.3112 -1.8258 18.2611
696 504 -0.3022 -2.1912 13.9574
720 504 -1.6142  1.2570 14.1831
744 504 -1.5971  5.0708 14.4226
768 504 -2.0989  6.8191 13.5514
792 504 -1.6281 11.9310 12.4010
816 504 -2.6944 12.3222 14.9260
840 504 -2.5880 11.4402 13.2513
864 504 -3.4185 10.1011 13.4255
888 504 -3.6749  2.8806 13.5543
912 504 -2.9932  2.0449 15.5950
936 504 -1.7091  1.2264 19.6666
960 504 -0.4438  0.9767 16.4852
984 504  0.7987 -0.0446  8.7026
 24 528  0.0024 -0.1072 12.4451
 48 528 -0.1637 -6.6488 19.4859
 72 528 -0.3036 -6.8446 17.6631
 96 528 -1.3791 -9.4909 18.0224
120 528 -1.6477 -7.9483 15.2528
144 528 -1.7694 -4.6771 15.4561
168 528 -0.2493 -6.3023 14.3465
192 528 -0.8045 -7.1143 17.2115
216 528 -0.8072 -8.6325 15.4285
240 528  1.7909 -6.6788 14.5723
264 528  2.1093 -8.7257 14.6801
288 528  2.0402 -8.7143 16.8334
312 528  4.1427 -9.2443 11.1137
336 528  5.4000 -10.0191 11.3524
360 528  5.4369 -10.1982 10.0222
384 528  7.6991 -1.1416  9.2286
408 528  7.3682 -4.6004 16.2981
432 528  7.2747 -4.2782 15.1930
456 528  6.4619 -4.0381 16.4350
480 528  4.6179 -3.9128 16.9423
504 528  4.0410 -2.9501 22.2162
528 528  3.6508 -2.1220 20.2289
552 528  1.1702 -1.9958 19.6647
576 528  0.9027 -1.6961 16.6225
600 528  0.0228 -0.2258 18.6399
624 528  1.1876 -1.8711 15.8439
648 528  1.5891 -2.8536 15.2741
672 528  0.3079 -3.3768 20.3829
696 528 -0.3801 -2.8899 18.6696
720 528 -1.6829 -0.2459 18.3635
744 528 -0.7374  5.3665 17.2703
768 528 -0.0626  5.9690 15.0613
792 528 -2.7269 10.2356 11.9922
816 528 -2.8693  7.8269  7.4289
840 528 -11.0235  4.7140  8.5940
864 528 -3.8217 10.9100 10.9486
888 528 -3.7660  2.1044 17.9987
912 528 -3.8854  2.1019 16.9056
936 528 -2.7252  0.9381 17.0284
960 528 -1.0296  1.7251 14.6393
984 528  2.5883 -0.0395  8.5433
 24 552  0.0140 -0.0953 12.1286
 48 552 -0.3318 -6.0973 17.4028
 72 552 -0.0737 -6.9219 21.8742
 96 552 -2.5181 -4.2367 15.8314
120 552 -2.8667 -3.8763 21.4976
144 552 -0.8073 -4.9608 15.9481
168 552  0.6833 -7.8235 17.8326
192 552  0.3191 -7.2306 16.0208
216 552  0.8014 -7.1008 15.0565
240 552  1.2145 -6.8344 15.7076
264 552  2.0180 -8.8780 13.1385
288 552  5.1212 -6.8981 11.8973
312 552  5.8668 -8.9262 12.5903
336 552  4.3021 -2.5977 11.3820
360 552  4.9067 -2.0720 16.2747
384 552  5.9247 -2.0985 12.5764
408 552  6.4508 -5.2839 12.0703
432 552  7.6160 -3.9383 15.3257
456 552  8.0842 -3.7361 16.4074
480 552  5.8117 -2.9053 15.2693
504 552  4.1429 -2.1574 20.4199
528 552  3.7898 -1.9746 19.4339
552 552  3.7259 -3.0318 16.6717
576 552  2.2199 -1.9893 16.6154
600 552  1.8085 -1.4373 15.7691
624 552  2.8451 -2.6875 12.9200
648 552  2.4086 -2.7658 16.6988
672 552  0.6890 -2.5985 19.1481
696 552 -0.8288 -0.2771 19.0633
720 552 -2.0029  0.2522 21.0735
744 552  0.1205  6.0436 16.4873
768 552 -1.8188  6.2646 12.9217
792 552 -5.9200  6.5033 16.5031
816 552 -6.2286  4.0178  8.4683
840 552 -6.9493  2.9363 13.5921
864 552 -5.7960 -0.0708 15.7159
888 552 -5.2008  3.1423 17.5586
912 552 -4.0355 -0.3094 18.2547
936 552 -4.7323 -1.6078 19.6046
960 552 -3.4062  3.9882 10.8339
984 552  2.6591  0.0277  8.2875
 24 576  0.0510 -0.0112 11.7459
 48 576  0.2581 -4.2960 18.7473
 72 576 -0.0084 -4.7923 14.5468
 96 576 -4.9840 -4.6375 16.3986
120 576 -4.9188 -4.3755 15.5683
144 576 -0.5991 -5.7052  9.5444
168 576 -0.6312 -5.9994 13.4761
192 576 -0.0371 -6.7848 14.5121
216 576  0.2356 -6.9107 14.5527
240 576 -0.2092 -2.6974 15.3817
264 576  3.7564 -2.6313 22.3432
288 576  5.9012 -1.8590 16.6417
312 576  8.0176 -0.9231 12.7646
336 576  6.3118 -1.7188 16.7638
360 576  5.8725 -1.8036 18.1700
384 576  7.1348 -4.9110 15.7865
408 576  7.0972 -4.8443 15.3618
432 576  6.8729 -4.4080 16.6614
456 576  9.0544 -3.3032 13.9523
480 576  6.8223 -2.3865 13.2517
504 576  4.7125 -0.0771 17.5389
528 576  3.7317 -1.1511 18.1837
552 576  3.8987 -2.8331 16.9781
576 576  3.3339 -2.2154 15.9907
600 576  3.5254 -1.4446 17.5021
624 576  4.5736 -2.1508 15.7459
648 576  1.6524 -1.4530 15.6994
672 576  1.0040 -0.8345 16.2706
696 576 -0.3773  1.8932 21.7921
720 576 -0.7890  1.4055 18.6178
744 576 -2.3147  0.0073 12.6228
768 576 -5.1666  7.6648 13.9843
792 576 -6.2795  7.3446 15.9389
816 576 -4.9183  3.3250  8.9533
840 576 -5.0771 -0.0760 14.5393
864 576 -4.9967 -0.8590 14.9758
888 576 -0.6171 -0.8707 15.7645
912 576 -1.5726 -1.0082 17.2630
936 576 -4.6214 -1.6703 19.2887
960 576 -5.8718  1.6571 10.1409
984 576  2.8245 -0.0007  8.8730
 24 600  0.0259  0.0050 12.2900
 48 600  2.0155 -4.3087 19.8321
 72 600  3.1681 -2.9102 13.7857
 96 600  2.1015 -0.8686 10.7995
120 600 -10.1128 -3.1769 12.0994
144 600 -12.0296 -2.8192 10.8744
168 600 -11.0140 -5.8381 15.6100
192 600 -7.8421 -0.8569  9.6251
216 600 -3.0253 -2.3492 16.9111
240 600 -1.7102 -1.2792 19.0448
264 600  3.7455 -2.2997 20.3781
288 600  5.1893 -0.6764 16.4032
312 600  7.5222 -1.2693 14.8406
336 600  7.1709 -1.1799 22.2692
360 600  7.0751 -1.4605 18.1222
384 600  7.7462 -4.2569 12.6585
408 600  7.4622 -4.9220 14.3021
432 600  7.7238 -6.7989 12.9020
456 600  3.8958 -1.6221 14.8084
480 600  4.0199 -0.0469 14.4081
504 600  4.7199  0.7719 20.7967
528 600  4.8488 -0.6532 16.4700
552 600  5.0704 -2.3188 16.8524
576 600  4.1314 -1.9598 16.8542
600 600  3.5144 -1.2144 18.3505
624 600  3.4710 -0.5072 13.9353
648 600  1.1362  0.3770 16.1140
672 600  0.6642  1.2420 17.1121
696 600 -0.8953  3.5041 19.6518
720 600 -0.8170  4.0207 18.2019
744 600 -5.2385 14.6576 13.9319
768 600 -5.2437 14.2493 18.8592
792 600 -4.8833 11.9424 12.6357
816 600 -4.3571 10.7445 10.6643
840 600 -2.5262 -3.1437 16.3244
864 600 -1.9303 -3.3774 20.4477
888 600 -0.6934 -1.3607 20.7686
912 600 -0.5872 -1.3094 18.9741
936 600 -1.9606 -4.9065 12.2764
960 600 -5.3882 -5.9274  9.8416
984 600  2.7978 -0.0214  8.9068
 24 624 -0.0063  0.0155 12.6960
 48 624  2.5673 -4.2267 11.2933
 72 624  7.0179 -4.6017 16.9831
 96 624  8.0767 -5.0815 11.7798
120 624 -12.0249 -3.0717 10.1450
144 624 -12.9785 -2.1573 13.3068
168 624 -11.2835 -5.2387 12.9173
192 624 -11.7416 -6.7380  8.0598
216 624 -0.8810 -1.7609 14.8381
240 624 -0.0302 -3.1301 14.8598
264 624  2.8288 -3.9580 20.5539
288 624  5.9849 -2.8299 18.6128
312 624  8.6789 -2.3350 14.0763
336 624  7.6853 -3.6417 15.1470
360 624  8.0178 -6.6739 11.6112
384 624  7.8828 -7.0229 16.6986
408 624  8.1534 -6.0885 13.9597
432 624  6.0675 -1.4505 14.0888
456 624  5.8823 -1.0686 16.7579
480 624  4.1925 -0.9205 15.0804
504 624  4.8721  0.7602 16.5566
528 624  4.5796 -1.0477 14.0191
552 624  3.8591 -3.5703 13.5704
576 624  4.0054 -1.3902 14.7339
600 624  2.9065 -0.7925 13.2436
624 624  1.6495  0.8491 17.8150
648 624  1.0729  0.9345 15.5613
672 624 -0.1156  2.8063 20.3331
696 624 -0.2024  3.1070 16.7012
720 624 -2.2287  2.7314 12.7072
744 624 -4.6139 13.7696 10.1001
768 624 -5.0006 14.0420 18.2815
792 624 -3.6937 12.0059 11.9180
816 624 -2.9975  3.7648 11.2352
840 624 -2.7145 -2.8893 14.8491
864 624 -2.8476 -3.3784 22.1297
888 624 -2.1547 -2.7614 17.6256
912 624 -3.1624 -3.1290 20.0061
936 624 -1.5974 -4.6514 20.2969
960 624 -2.1496 -4.2506 16.3366
984 624  0.4500 -0.0310  8.5532
 24 648 -0.0127 -0.0199 12.3718
 48 648 -4.1643 -6.9970 14.4347
 72 648 -3.1905 -7.0443 10.7433
 96 648 -4.4804 -8.1133 13.5632
120 648 -4.5798 -7.6141  9.6570
144 648 -2.9827 -6.2850 12.6459
168 648 -3.1273 -6.2593 17.7509
192 648 -1.5759 -8.8971 13.0254
216 648  3.0460 -6.3728 15.3997
240 648  2.3963 -4.2808 21.4951
264 648  2.3732 -4.3106 18.9301
288 648  1.9288 -10.1012  8.7508
312 648  8.3252 -3.4597 18.9385
336 648  8.4115 -4.2608 15.6773
360 648  7.7958 -7.0601 20.9295
384 648  7.2007 -7.3874 15.4918
408 648  7.2032 -4.2622 11.1743
432 648  5.1192 -1.1547 11.1125
456 648  6.4178 -0.9959 20.1060
480 648  6.4687 -0.8442 16.7975
504 648  4.2731 -1.2038 16.8674
528 648  3.7202 -4.0753 17.2862
552 648  2.1864 -2.7941 15.9345
576 648  0.8077 -1.5129 19.4230
600 648  0.0978  0.3363 18.4379
624 648  0.2890  0.5818 20.3990
648 648  0.1793  0.1308 15.9736
672 648 -0.1940 -0.0688 18.3176
696 648 -0.5595  0.0451 12.7532
720 648 -2.8629  5.0801 15.4555
744 648 -2.8096  6.0638 14.3453
768 648 -3.3468 13.0314  8.2260
792 648 -1.0999  9.4515 16.6635
816 648 -0.7131  8.6983 13.0154
840 648 -4.0075  0.8800 10.7357
864 648 -4.8135 -3.0246 18.3788
888 648 -3.5967 -4.6101 13.9846
912 648 -3.6403 -6.0480 16.7493
936 648 -2.0047 -6.6130 15.1285
960 648 -1.3404 -3.0849 19.3734
984 648  0.4418 -0.1152  8.7449
 24 672 -0.0257 -0.0470 12.4008
 48 672 -4.9978 -7.8467 12.0710
 72 672 -8.7759 -8.9923 14.7457
 96 672 -5.0643 -8.2773 11.9463
120 672 -4.7475 -7.7421 14.6318
144 672 -3.2762 -6.4658 13.1482
168 672 -3.5850 -8.2836 14.1218
192 672 -0.4809 -10.0614 16.3546
216 672 -0.1490 -9.8933 12.5023
240 672  3.8497 -5.4415 11.4558
264 672  4.3495 -9.0924 16.0871
288 672  3.8460 -9.2861 20.9358
312 672  8.2018 -4.0013 15.3710
336 672  8.0891 -4.2947 13.5555
360 672  7.4471 -6.2503 14.0121
384 672  7.0081 -9.8206 13.0595
408 672  6.9794 -10.0246 15.3554
432 672  9.9168 -0.0803 12.2784
456 672  6.3937 -1.0453 17.3384
480 672  4.8778  0.0584 16.9435
504 672  4.1897 -0.9416 14.2045
528 672  0.8879 -3.2450 15.1076
552 672  0.0158 -1.9460 17.7614
576 672  0.2969 -1.4961 20.8591
600 672 -0.3079  0.0153 19.2741
624 672  0.0984  0.4208 19.3593
648 672  0.1631  2.1448 11.5601
672 672  1.0780 -1.6360 16.4050
696 672  0.0604 -1.3372 12.2363
720 672 -1.3013  6.3188 12.6284
744 672 -2.1680  5.3022 12.8176
768 672 -2.8251 11.1355 13.6641
792 672  0.1272 11.0568 11.0948
816 672 -1.2589  7.9249 12.2872
840 672 -5.1115  7.7455  8.4530
864 672 -5.2946 -3.2541 19.2731
888 672 -2.0040 -5.3502 17.1622
912 672 -1.9588 -7.6467 26.3515
936 672 -2.0435 -7.3804 21.2044
960 672 -1.0684 -4.2260 16.4199
984 672  2.7969 -0.0243  8.8165
 24 696 -0.0210 -0.0207 12.6248
 48 696 -4.2146 -7.5985 13.7072
 72 696 -5.0896 -8.0967  9.7909
 96 696 -4.3906 -8.7483 14.8511
120 696 -5.1707 -8.8545 14.7359
144 696 -4.0714 -7.3190 16.9045
168 696 -1.5773 -9.9565 18.6941
192 696 -1.5118 -10.2199 17.7444
216 696  1.3553 -14.5338 16.3529
240 696  1.1351 -14.5369 17.4821
264 696  3.3998 -9.4607 15.8539
288 696  2.9924 -8.8536 17.2838
312 696  3.1363 -8.4822  9.9691
336 696  5.8305 -4.8654 14.3095
360 696  6.2973 -4.3775 12.3320
384 696  7.0021 -7.0325  8.8555
408 696  7.7986 -7.2000  9.5300
432 696  9.9741 -0.6409 15.7013
456 696  6.8322 -0.8484 12.3658
480 696  6.5048 -0.5526 15.9865
504 696  5.8386 -1.8567 13.5155
528 696  0.4089 -2.5486 16.8075
552 696  0.2069 -2.1707 16.0678
576 696 -0.0302 -2.7758 15.0352
600 696  2.8125 -3.4587 19.2208
624 696  1.0522 -2.8934 18.0952
648 696  1.9441 -1.8398 14.1020
672 696  1.9988 -2.2341 16.6490
696 696  1.7657 -3.4156 16.2480
720 696  1.2363  4.9512 12.5402
744 696  2.7407  7.2647 10.7033
768 696  2.6301  6.9629 12.0846
792 696  1.1897  5.9538 14.8040
816 696  0.2049  9.1620 14.8583
840 696  0.1515  9.1012 18.9639
864 696 -0.2678 -1.8076 14.9097
888 696 -0.6451 -2.2068 16.2902
912 696 -2.1284 -3.1757 16.8320
936 696 -2.6178 -5.0350 14.2396
960 696 -2.0038 -6.7458 15.5152
984 696  2.8929  0.0149  8.9277
 24 720 -0.0029 -0.0154 12.1367
 48 720 -1.7408 -6.0980 18.2576
 72 720 -1.4099 -5.9835 16.1404
 96 720 -2.9458 -7.8692 14.7054
120 720 -3.6847 -7.1762 13.2498
144 720 -4.1602 -9.6161 13.9703
168 720 -3.9451 -9.4846 15.3848
192 720 -4.0911 -9.1511 20.0130
216 720 -3.2644 -11.0975 10.4520
240 720 -4.6734 -11.6271  8.2333
264 720 -1.0699 -9.9681 12.8474
288 720  0.2161 -10.6255 13.6381
312 720  0.3730 -7.2171 16.7181
336 720 -0.6256 -7.8443 15.5121
360 720  2.5907 -7.8852 10.0002
384 720 10.5860 -3.5816 14.5200
408 720 11.0443 -3.1847 12.8565
432 720  7.8953 -1.1105 10.6880
456 720 12.0319  0.7599 15.5586
480 720 11.9281  1.1047 17.0995
504 720 12.3973  0.1011 10.0621
528 720  1.9211 -1.3400 11.9164
552 720  4.0093 -5.7071 19.4640
576 720  3.6155 -5.7532 20.4952
600 720  2.7973 -3.4116 22.7212
624 720  2.6053 -3.2640 22.4989
648 720  2.2669 -1.1218 14.5491
672 720  2.0793 -1.8566 21.2182
696 720  1.4384 -1.3266 17.3709
720 720  0.7656  2.0661 14.6966
744 720  0.7071 10.1912 24.8556
768 720  1.8797  9.6326 24.3736
792 720  0.2705  8.0484 19.5528
816 720  0.7742 10.9341 13.1236
840 720  1.3055 10.9537 14.2076
864 720 -0.2270  0.4130 17.5581
888 720 -0.4096  0.2295 16.5290
912 720 -1.0057 -1.8657 15.6010
936 720 -2.0944 -6.8203 12.6291
960 720 -2.5827 -6.3420 16.5289
984 720  2.8264  0.0092  8.9184
 24 744 -0.0102 -0.0048 12.2116
 48 744 -1.2948 -5.4093 16.3753
 72 744 -2.3095 -5.8583 17.1627
 96 744 -4.0836 -6.5772 10.5044
120 744 -4.8973 -5.9116 14.8742
144 744 -4.3056 -6.9548 13.7841
168 744 -5.1429 -9.6737 13.5664
192 744 -4.0490 -10.6855 13.1874
216 744 -3.5086 -11.2309 15.6025
240 744 -3.9964 -11.5457 17.9142
264 744 -3.8181 -10.1423 12.2448
288 744 -3.9769 -9.9301 14.4437
312 744  0.0466 -10.9607 10.6923
336 744  3.8613 -8.8847 15.9919
360 744  3.3164 -8.8217 17.1996
384 744  9.2000 -3.0769 11.6531
408 744  0.8208 -5.3232 10.6122
432 744  7.1680 -10.8280  9.6389
456 744 12.7167 -0.4880 12.8053
480 744 12.5882  0.8847 21.4616
504 744 12.4001  0.0301 13.6472
528 744  1.9756 -5.1786  8.4691
552 744  3.6969 -6.1118 13.5459
576 744  3.9833 -5.7025 15.9382
600 744  1.1039 -3.6963 15.9752
624 744 -0.5793 -3.4607 13.0976
648 744  1.1265 -0.2045 13.7572
672 744  1.5916 -0.8783 19.0439
696 744  0.8626 -1.2563 17.6618
720 744 -15.0768  8.0870 10.5504
744 744  2.7362  7.6172  9.4200
768 744  2.8013  7.3704 10.0526
792 744  2.0356  5.8588 12.0708
816 744  1.2745  5.6696 16.6329
840 744  1.2339  6.4056 12.9172
864 744 -0.0689  2.1234 23.9463
888 744 -0.3579  2.4462 20.1144
912 744  0.3887  3.3946 15.7149
936 744  1.6370 -0.7800 11.2611
960 744 -2.7655 -7.6049 14.1517
984 744  2.7592 -0.0135  8.9025
 24 768 -0.0259 -0.0494 12.1324
 48 768 -5.2708 -5.7060 15.8121
 72 768 -4.4373 -5.3275 14.2708
 96 768 -5.7276 -7.0525 14.1706
120 768 -5.9332 -6.8686 16.3859
144 768 -4.7634 -7.3049 13.0071
168 768 -5.2590 -7.2678 12.7068
192 768 -7.8873 -8.3509 14.9475
216 768 -6.3907 -9.8146 10.3041
240 768 -4.2261 -11.8690 14.3512
264 768 -4.2205 -10.9575 11.6665
288 768  0.0680 -12.9198  9.8007
312 768  0.1122 -13.1286 15.3320
336 768  5.9018 -7.1048  9.1374
360 768  3.3261 -8.8206 12.1326
384 768  4.3254 -4.7592 14.1491
408 768  6.7244 -7.2858 11.8646
432 768  6.2805 -9.1325 10.9114
456 768  7.0979 -1.8652 11.0418
480 768  4.2433 -1.5984 11.0628
504 768 -0.7887  1.0768 10.4465
528 768  4.7986 -15.6388 13.1436
552 768  5.4373 -14.3757 16.4741
576 768  4.1298 -1.1843 10.0149
600 768  1.1164 -2.7620 15.5785
624 768 -0.2800 -6.8481 14.7446
648 768 -1.0156 -7.8999 11.1183
672 768  4.0766  0.8796 13.7232
696 768  4.4747  1.9958  8.7508
720 768 -14.3289 10.0665 11.7169
744 768 27.7266  0.0185  8.1184
768 768  8.0180  7.4632  8.6522
792 768  2.8660  5.0683 12.2537
816 768  1.3258  5.9077 18.0306
840 768  1.8686  4.0574 12.6729
864 768 -0.5197  1.9085 19.4824
888 768 -0.1281  2.9255 19.1185
912 768  0.4879  3.3575 17.3638
936 768  1.0182  2.6473 14.2510
960 768  0.2618 -0.1508 12.2431
984 768  2.7916  0.0278  9.1114
 24 792 -0.0254 -0.0131 11.1572
 48 792 -5.1813 -5.8168 11.9607
 72 792 -3.9604 -6.8273 17.2984
 96 792 -3.7544 -7.0223 15.6992
120 792 -4.4441 -7.8208 13.7027
144 792 -4.2593 -8.4704 13.0090
168 792 -4.8174 -7.7461 15.2083
192 792 -5.4176 -8.0056 19.4783
216 792 -4.9581 -8.1916 21.3582
240 792 -4.6613 -10.0266 11.0215
264 792 -5.1892 -9.8854  9.3152
288 792  4.9885 -6.7493 10.7853
312 792  5.5621 -6.2418 10.5199
336 792  5.0850 -8.0583 14.3373
360 792  5.0804 -6.4567 13.2876
384 792  6.1611 -4.8979 15.3819
408 792  8.5309 -4.7032 12.5619
432 792  8.2786 -5.1369 11.9562
456 792  4.5185 -1.5662  9.3647
480 792  4.2849 -2.0520 16.5948
504 792  6.5751 -2.6535 18.0047
528 792  9.1286 -1.9527 16.5846
552 792  3.9065 -14.7394 11.3043
576 792  4.6143 -1.1950 18.2244
600 792  2.1483 -1.0702 16.5985
624 792  1.2199 -2.9753 13.3353
648 792  4.9627  0.6123 10.9797
672 792  5.7356  1.3727 17.2324
696 792  5.2361  1.9282 13.1610
720 792  6.5591  0.4768 11.2426
744 792  7.1416  0.8894 10.6439
768 792  7.9729  6.2401 17.5350
792 792  5.1021  7.1344  9.0931
816 792  2.5682  5.1820  9.3776
840 792  4.3667  5.3565 14.6330
864 792  3.0169  4.7299 14.0073
888 792  1.7556  6.0845 14.8515
912 792  0.2445  3.4863 15.0179
936 792 -0.0900  2.1990 18.1649
960 792  1.0718  0.9555 20.0129
984 792  2.6607  0.0667  8.9349
 24 816 -0.0347  0.0121 11.7317
 48 816 -3.6016 -5.0483 17.3277
 72 816 -2.8283 -4.8975 17.4350
 96 816 -2.9712 -3.8994 18.1331
120 816 -1.8866 -2.4554 18.4722
144 816 -3.0487 -10.7247 14.4963
168 816 -3.0378 -10.3354 14.6678
192 816 -3.3383 -7.5479 13.9699
216 816 -2.8614 -8.3921 13.7624
240 816 -2.8305 -9.6841 12.9264
264 816 -3.1425 -10.3625 10.7346
288 816  5.8317 -6.7591 15.2912
312 816  3.0978 -7.0335 15.0402
336 816  5.0946 -7.9208 14.0504
360 816  2.8671 -4.8454 14.6674
384 816  2.6492 -4.8666 12.9116
408 816 10.0325 -3.2748 12.8048
432 816  9.8794 -3.5065 13.5571
456 816  8.0721  1.7802 14.6612
480 816  6.5190  0.8533 15.5415
504 816  7.7930 -1.0529 17.9208
528 816  7.8815 -1.2757 18.4804
552 816  7.9639 -2.5656  9.1404
576 816  5.1706 -1.3960 18.5090
600 816  4.6929 -0.9670 15.8560
624 816  4.9608 -0.2965 16.5015
648 816 20.1214  3.0778  8.6072
672 816  4.7335 -0.3022 13.7968
696 816  5.0705 -0.1706 14.3427
720 816  6.6704 -0.0506 18.2700
744 816  5.1087 -0.8205 12.5218
768 816  3.5964  5.9095 11.2157
792 816  4.5069  5.9382 14.5555
816 816  3.3115  5.9782 10.4138
840 816  4.9023  6.9252 11.1990
864 816  4.3424  7.0784 12.9489
888 816  2.1945  6.1314 15.2556
912 816  2.4551  5.0010 16.6113
936 816  3.0875  2.5086 15.2554
960 816  1.1822  0.4655 18.5175
984 816  0.9983  0.0748  9.0878
 24 840 -0.0419 -0.0249 12.5287
 48 840 -3.3016 -2.9402 14.6764
 72 840 -2.5249 -3.9892 21.7980
 96 840 -2.2269 -3.1264 20.7402
120 840 -1.8463 -2.1457 21.8453
144 840 -0.3189 -5.4284 17.6082
168 840 -2.0303 -7.9253 12.9968
192 840 -2.0322 -7.8055 15.8552
216 840 -1.3634 -7.1765 18.2105
240 840 -0.2739 -7.7543 18.8690
264 840  0.7055 -8.1268 18.0439
288 840  2.0984 -5.8554 19.2913
312 840  3.6025 -5.7530 15.7984
336 840  1.3684 -3.8765  8.1821
360 840  3.0574 -4.7460 14.6951
384 840  1.3640 -6.0329 15.6227
408 840  3.5101 -6.6614  9.9087
432 840  6.8261 -0.0387 16.6133
456 840  7.0477  0.4675 19.7831
480 840  5.6984  1.0473 16.2957
504 840  6.4258  0.9201 10.1457
528 840  8.1235 -1.3160 17.4306
552 840  8.0234 -2.4304 11.3621
576 840  7.1441 -1.0176 14.5054
600 840  4.5773  0.5824 18.9438
624 840  4.6068 -0.6601 17.7290
648 840  4.8148 -0.7078 18.8853
672 840  5.0837 -1.0744 19.1483
696 840  6.0471 -3.4145 18.7616
720 840  6.0724 -3.0776  9.2463
744 840 -0.7766 -1.0536  8.9979
768 840  2.0558  7.0484 16.3508
792 840  3.1245  6.1722 19.4917
816 840  8.1762 13.7673 16.5173
840 840  7.9711 13.1534 15.1088
864 840  5.1794  7.1654 17.4703
888 840  4.6959  6.6896 14.9284
912 840  3.3758  4.9560 17.1397
936 840  4.0593  2.9727 16.6538
960 840  2.0217  1.8333 13.5293
984 840  1.1045  0.0755  8.9650
 24 864 -0.0441 -0.0382 13.1481
 48 864 -2.5644 -2.3151 13.0027
 72 864 -2.2085 -2.9547 17.7990
 96 864 -1.1933 -2.1798 15.1172
120 864 -0.2987 -2.9985 16.0893
144 864 -1.2196 -3.7615 21.0859
168 864  0.7289 -7.8900 17.7571
192 864 -2.8633 -7.2676 17.3051
216 864 -2.0091 -7.8720 16.7696
240 864 -0.4530 -7.2563 17.8379
264 864  0.8036 -7.2808 15.7496
288 864  0.1062 -6.1095 17.1453
312 864  3.2307 -6.7161 13.4216
336 864  6.0817 -5.2211 16.1185
360 864  6.1484 -5.3251 15.8212
384 864  3.5190 -6.9291 16.2708
408 864  2.0416 -5.7664 14.7765
432 864  3.8272  3.2469 15.2131
456 864  5.8497  1.9384 18.3466
480 864  4.0046  2.2197 17.3203
504 864  5.0084  1.0300  9.2951
528 864  8.8057 -0.7960 13.6233
552 864  8.1675 -0.4949 12.8314
576 864  7.5317 -0.8072 15.2032
600 864  4.3721  0.7662 17.6705
624 864  4.0513 -0.0925 17.2478
648 864  5.1363 -0.8156 16.6407
672 864  6.6159 -1.9916 18.4071
696 864  5.7874 -3.7597 19.6521
720 864  2.0146  4.8450  8.7092
744 864  5.3073  2.3125 21.2425
768 864  2.9644  3.9883 12.4844
792 864  5.4532  7.9755 11.6536
816 864  8.5073 13.8576 12.4589
840 864  8.2451 13.9508 12.4277
864 864  0.8847 14.8671  7.0514
888 864  3.8643  5.9165 12.4259
912 864  3.9568  6.0478 15.2077
936 864  3.7458  2.8416 15.0215
960 864  1.9424  4.1397 14.0807
984 864  0.6769  0.0520  8.5630
 24 888 -0.0184  0.0175 12.3227
 48 888 -0.2728  1.7237 16.3817
 72 888 -2.2351 -2.0546 18.0553
 96 888 -3.0578 -0.6814 18.5512
120 888 -2.6571 -0.7564 21.1865
144 888 -1.8924 -2.3124 16.4465
168 888 -4.8694 -5.8805 12.1498
192 888 -1.2320 -5.8526 13.5255
216 888 -2.0614 -5.8323 14.9297
240 888 -2.5604 -2.2201 11.8249
264 888 -3.8612 -2.9424 12.7989
288 888  0.1270 -6.1179 14.8327
312 888  1.0389 -7.7598 13.9393
336 888  4.9606 -6.7552 15.4431
360 888  6.8110 -2.9519 11.4046
384 888  3.0659  0.0375 14.5681
408 888  3.0386 -1.1438 12.5214
432 888  1.9630  0.2112 15.9493
456 888  4.6717  0.0644 17.5371
480 888  4.3011  0.1227 14.7441
504 888  6.1205  1.9157 11.2053
528 888  9.8066  3.9153  9.8392
552 888 10.4654 -1.8897 17.5794
576 888 10.3797 -1.5832 18.1550
600 888  5.8950  5.9705 16.2382
624 888  3.8689  0.2057 11.7084
648 888  5.9164  0.3602 12.3815
672 888  6.7489 -0.3018 13.0200
696 888 10.0327 -0.9493 13.4517
720 888  6.1296  0.9218 13.0426
744 888  4.9395  2.3706 19.9913
768 888  3.2383  4.1569 10.6984
792 888  7.3390  8.7701 12.9941
816 888  7.1603 17.8396 13.6413
840 888  7.8822 17.6441 13.0092
864 888  9.2905 16.8390  8.4822
888 888  3.9910  6.1692 14.8741
912 888  4.1369  5.9827 17.7484
936 888  3.0340  4.8184 14.1008
960 888  2.5611  5.3218 13.9381
984 888  0.4700 -0.0459  8.4224
 24 912 -0.0128  0.0204 11.7764
 48 912 -0.5650  0.8868 15.7310
 72 912 -2.9482 -1.8534 19.8857
 96 912 -3.1440 -0.7354 22.2743
120 912 -3.6185 -0.0828 20.8400
144 912 -1.5643 -1.9348 14.0735
168 912 -3.3219 -1.9692 15.9820
192 912 -4.6998 -4.8055 15.5504
216 912 -5.0449 -4.2350 15.2599
240 912 -4.5937 -4.4161 14.4385
264 912 -3.3092 -5.8322 16.0039
288 912  0.2219 -6.2424 13.7516
312 912  0.6733 -7.5118 13.3385
336 912  4.5389 -2.3054 15.2279
360 912  3.8178  0.3908 16.4163
384 912  3.3576  0.6485 13.1431
408 912  4.0826 -1.1771 14.1722
432 912  2.6247 -2.9413 10.8449
456 912  2.3176  2.0643 15.7285
480 912  3.0471  4.1538 14.8630
504 912  7.2475  3.3884 11.3204
528 912  9.9076  3.8016 13.2683
552 912 10.7473 -2.3858 14.9666
576 912  9.9195 -2.7257 15.1604
600 912  5.3895  7.8653 12.2788
624 912  6.0910  4.3640 16.5804
648 912  7.7757  5.1293 21.9551
672 912  8.2911  4.9152 14.6989
696 912  7.3090  0.1204 15.6312
720 912  6.0866  0.4737 15.4096
744 912  4.0666  2.0146 19.0227
768 912  3.8892  2.7303 12.7702
792 912  2.8415 10.8520 10.5115
816 912  3.9937 14.1486 11.4288
840 912  5.0889 15.5915  7.1348
864 912  9.1037 18.1320  8.1149
888 912  3.8089  7.4167 14.2188
912 912  4.8841  5.8265 19.2171
936 912  4.9529  4.5079 11.9612
960 912  2.7234  5.2027 12.2294
984 912  0.3731  0.0557  8.5690
 24 936 -0.0127  0.0287 12.4341
 48 936 -1.0428 -0.8502 15.3076
 72 936 -1.0433 -1.2940 18.5858
 96 936 -4.0812 -1.9223 11.5088
120 936 -2.4296  4.9459 12.8128
144 936 -2.8844  1.2251 15.2579
168 936 -2.6102  0.2752 22.0534
192 936 -3.3210 -0.6790 15.5567
216 936 -5.6520 -4.7415 15.5873
240 936 -2.2455 -0.9224 14.6657
264 936 -2.8427 -3.9427 13.9825
288 936 -0.2397 -4.1837 15.3725
312 936  0.9686 -2.7517  9.7855
336 936  5.7797 -0.1461 17.1618
360 936  4.2187 -0.2618 15.0191
384 936  4.0534 -0.0569 14.2458
408 936  5.9375 -1.3546 15.8333
432 936  1.1748  1.2345 14.1646
456 936  1.7744  2.0349 17.6353
480 936  3.1714  3.8730 14.9793
504 936  7.7836  4.8947 12.8291
528 936  9.3284  3.8028 15.5967
552 936  9.8644  4.7285 12.0365
576 936  7.7980 -1.9036 16.8573
600 936  5.9064 -1.0202 13.2869
624 936  6.0704  5.0031 20.5062
648 936  6.8661  5.6166 19.4227
672 936  9.3171  4.1312 13.0540
696 936 12.2218  5.1999 11.6353
720 936  6.0830  1.8929 12.7084
744 936  5.8283  2.0237 15.3402
768 936  1.1462  2.2891 12.9458
792 936  9.6054 14.1726 11.2123
816 936  9.1885 15.1340 11.7572
840 936  6.7759  6.3940 10.4949
864 936  6.4753 16.7833 10.4418
888 936  5.8621  6.9707 10.0260
912 936  6.2352  4.2092 18.3962
936 936  4.7707  4.8539 14.2871
960 936  5.0239  5.2542 13.7948
984 936  0.4073  0.0294  8.8296
 24 960  0.0025  0.0430 12.2062
 48 960 -2.8048  1.5652 16.3302
 72 960 -3.8232 -0.8361 12.7413
 96 960 -4.1173  4.7468 13.4975
120 960 -2.8069  4.9600 15.9550
144 960 -2.5528  1.9181 14.2442
168 960 -2.9695  1.0806 23.9139
192 960 -2.6152  0.3642 20.5249
216 960 -1.7453 -0.9038 18.0276
240 960 -1.6270 -0.9132 20.7728
264 960  0.1050 -3.6525 16.6162
288 960  0.1814 -4.0094 19.6783
312 960  1.0960 -1.1257 16.2116
336 960  0.6303 -0.6710 15.5911
360 960  2.3684  0.0810 13.2560
384 960  6.4971 -0.1996 17.9340
408 960  7.7458  1.1371  9.9346
432 960  3.3611  2.7416 12.9192
456 960  3.4621  2.0016 16.8065
480 960  3.8534  2.8845 17.6564
504 960  3.2913  3.1690 11.5086
528 960  9.1106  3.0031 11.6330
552 960  8.9094  3.0184 14.8120
576 960  3.1925 -0.8952 19.2946
600 960  3.0698 -0.3992 19.1719
624 960  5.3984  4.6344 17.2331
648 960  5.4545  4.3134 12.2402
672 960  9.4927  8.6608 11.8036
696 960  9.5007  7.4092 12.7519
720 960  8.8541  4.1782 15.7445
744 960  8.1707  3.5476 14.0389
768 960  3.7090  1.7720 18.3529
792 960  5.2168  6.6168 13.7499
816 960  5.8913  6.3097 15.0540
840 960  5.9053  5.0404  7.7173
864 960  8.8421 12.2371  8.7709
888 960  8.0128  9.9443  9.5141
912 960  1.8785 -0.2275  9.0538
936 960  4.2032  4.8980 11.8899
960 960  4.8087  5.3476 13.9946
984 960  0.3983 -0.0130  8.7255
 24 984 -0.0142 -0.0056 15.1381
 48 984 -0.0151  0.0047 12.4291
 72 984  0.0190  0.0118 12.5291
 96 984 -0.0147 -0.0001 12.1108
120 984 -0.0158  0.0017 12.1485
144 984 -0.0170  0.0057 12.4532
168 984 -0.0365  0.0013 12.3863
192 984 -0.0041 -0.0096 12.0100
216 984  0.0244 -0.0172 11.9180
240 984 -0.0169 -0.0181 12.1152
264 984 -0.0402 -0.0172 12.0219
288 984 -0.0293 -0.0128 12.1050
312 984 -0.0023 -0.0100 12.1688
336 984  0.0125 -0.0193 12.2035
360 984  0.0319 -0.0021 12.3697
384 984  0.0194  0.0245 12.5417
408 984 -0.0033  0.0138 12.6529
432 984 -0.0010 -0.0004 12.4749
456 984  0.0406  0.0053 12.7300
480 984  0.0440  0.0025 12.5065
504 984  0.0150  0.0115 12.2562
528 984 -0.0010  0.0099 12.1308
552 984  0.0248 -0.0087 11.9971
576 984  0.0161 -0.0163 12.2856
600 984  0.0338 -0.0091 12.2445
624 984  0.0244 -0.0158 11.7628
648 984  0.0172 -0.0157 12.0269
672 984 -0.0428  0.0033 12.1360
696 984 -0.0166 -0.0011 11.9343
720 984  0.0207  0.0004 12.3374
744 984  0.0460  0.0011 12.1999
768 984  0.0202 -0.0042 12.1953
792 984  0.0160  0.0163 12.1970
816 984  0.0095  0.0269 12.3378
840 984  0.0036  0.0062 12.3593
864 984 -0.0260  0.0031 12.3522
888 984  0.0066  0.0080 12.3720
912 984  0.0468  0.0110 12.2586
936 984 -0.0077  0.0133 12.5805
960 984 -0.0020  0.0096 12.5476
984 984  0.3837 -0.0130 12.4471
