 24  24 -0.0159  0.0058 14.9645
 48  24  0.0039  0.0082 12.4016
 72  24  0.0115  0.0028 12.5089
 96  24 -0.0068 -0.0060 12.6697
120  24 -0.0308 -0.0034 12.5661
144  24  0.0000  0.0151 12.2037
168  24  0.0417  0.0229 11.8820
192  24 -0.0055  0.0127 12.1902
216  24  0.0014  0.0032 12.7024
240  24  0.0092  0.0023 12.7459
264  24 -0.0061  0.0005 12.7048
288  24 -0.0178 -0.0015 12.4477
312  24 -0.0119 -0.0016 12.4760
336  24 -0.0062 -0.0028 12.5918
360  24 -0.0131  0.0011 12.5284
384  24  0.0019  0.0029 12.5335
408  24  0.0068  0.0039 12.5340
432  24 -0.0026  0.0101 12.6613
456  24 -0.0115  0.0086 12.1810
480  24 -0.0109  0.0086 12.1036
504  24 -0.0119  0.0063 12.5748
528  24 -0.0233  0.0336 12.4091
552  24 -0.0195  0.0472 12.3408
576  24  0.0063  0.0189 12.5551
600  24 -0.0107  0.0140 12.2561
624  24 -0.0043  0.0038 12.2959
648  24 -0.0340  0.0037 12.4218
672  24 -0.0520  0.0059 12.2801
696  24  0.0024  0.0038 12.2676
720  24  0.0001  0.0014 12.4446
744  24 -0.0203  0.0040 12.8099
768  24  0.0110  0.0135 12.5740
792  24 -0.0364  0.0243 12.0247
816  24 -0.0369  0.0167 12.3032
840  24  0.0002  0.0043 12.8410
864  24  0.0013  0.0053 12.8444
888  24 -0.0072  0.0028 12.9615
912  24  0.0013 -0.0129 13.0085
936  24  0.0306 -0.0042 12.6187
960  24  0.0158  0.0210 12.3623
984  24  0.7746  0.0191 13.7715
 24  48 -0.0150  0.0141 12.2800
 48  48  6.0746 -4.9358 15.4373
 72  48  2.6022 -4.2751 13.0648
 96  48  3.8363 -0.9815 10.3456
120  48  5.3585  0.0469 15.0603
144  48  4.9202 -0.0115 11.9307
168  48  4.0909  0.3559 13.4536
192  48  5.0880  0.9627 14.0750
216  48  3.6197 -2.5490 13.4676
240  48  4.5925 -1.7508 16.7575
264  48  5.1284 -0.1072 17.4634
288  48 -0.6778 -0.1874 11.5746
312  48 -0.6437 -0.1086 18.8812
336  48 -0.2691  0.0031 22.7402
360  48 -0.8559 -0.9964 21.1827
384  48 -0.2941 -0.6674 18.7996
408  48 -0.5326 -0.0044 16.1611
432  48 -0.7783  0.6608 16.0992
456  48 -0.7374  0.5753 17.4721
480  48  0.1774  1.8454 19.3901
504  48  0.7815  1.8674 18.2769
528  48  1.0824  2.3379 17.9426
552  48 -0.0784  4.8667 19.5255
576  48 -2.1404  4.0319 12.9920
600  48 -5.0858  2.6777 11.0209
624  48 -6.2517  0.7617 12.4088
648  48 -6.9762  0.5844 17.0907
672  48 -7.0647  0.2886 16.3367
696  48 -9.8308 -0.1707 12.9004
720  48 -7.8589  0.9021 18.2773
744  48 -6.7193  1.1468 15.7685
768  48 -5.6452  1.0560 19.3524
792  48 -4.5295  0.1613 13.6227
816  48 -3.8005  0.8982 14.5699
840  48 -3.8808  1.8049 14.3950
864  48 -0.9872  1.1661 12.0894
888  48 -0.6564  0.3100 14.0966
912  48  0.9594 -0.1166 19.7300
936  48 -0.0736 -0.7864 16.7156
960  48  0.8670  0.8614 15.8266
984  48  0.8456  0.0283 10.5473
 24  72 -0.0087  0.0118 12.3588
 48  72  4.2637 -4.0972 11.3215
 72  72  0.2969 -4.1943  9.2770
 96  72  3.8499  1.2497 14.2328
120  72  5.0372  0.2469 15.9582
144  72  6.7479  1.8725 13.8623
168  72  6.5982  2.1147 17.1513
192  72  3.3887  1.0055 15.1741
216  72  1.1702 -1.7500 14.8564
240  72  1.2956 -1.0127 13.5287
264  72  4.0140  0.3410 17.3901
288  72  1.0433  0.2512 17.4570
312  72 -0.2882  0.1858 18.4496
336  72 -0.2778 -0.0283 18.3074
360  72 -0.5035 -0.9183 19.0032
384  72 -0.5384 -0.3745 18.8461
408  72 -0.8741  0.2401 19.0705
432  72 -0.6633  0.5725 16.1075
456  72 -0.2994 -0.8248 17.0495
480  72  2.5462  0.0615 17.2928
504  72  1.8884  1.7406 17.5139
528  72  1.1876  2.1251 16.4487
552  72 -0.4327  2.8326 15.0130
576  72 -2.1161  4.2567 13.6001
600  72 -1.0647  6.7095 11.7161
624  72 -8.1396  0.0436 12.7572
648  72 -8.2781  0.2902 13.9503
672  72 -8.0852  0.9502 13.6026
696  72 -9.8776 -0.0925 11.8528
720  72 -9.0426  1.5197 16.1542
744  72 -6.5198  1.2601 12.1491
768  72 -5.3204  0.8725 16.5424
792  72 -3.3145  0.9079 15.4391
816  72 -3.9825  2.2675 12.3978
840  72 -3.7241  1.8519 14.5361
864  72 -1.3632  0.9457 16.0770
888  72 -0.8310  0.5517 17.1170
912  72 -0.5637 -0.3282 17.2674
936  72  0.8282  0.0570 18.4989
960  72  1.2789 -0.5682 17.0198
984  72  0.8579  0.0062 10.6494
 24  96 -0.0186  0.0183 12.5759
 48  96  3.1480  1.9147 17.5671
 72  96  3.0843  0.8253 17.0412
 96  96  3.6423  1.2161 17.6930
120  96  5.2023  2.3345 16.2119
144  96  5.3754  2.6056 18.1783
168  96  4.3643  1.7562 16.7071
192  96  4.8777  0.0741 15.4463
216  96  1.1856 -0.3754 15.7084
240  96  0.2901 -0.1578 17.1907
264  96  0.6237  0.7682 15.7263
288  96  1.7492  0.2341 20.5930
312  96  1.9813  0.9421 20.6448
336  96  0.2924  0.0255 17.8599
360  96  1.2502 -0.2456 18.7871
384  96  0.9469 -0.2034 19.7788
408  96  1.2559  1.4273 16.1552
432  96  1.6043  1.9631 15.8196
456  96  2.5320  1.0876 13.5528
480  96  3.4504  0.6123 15.1320
504  96  3.3819  0.7756 18.6103
528  96  2.1295  2.8371 13.8407
552  96  3.9357  6.0135 14.8002
576  96 -0.4693  4.8393 13.8556
600  96 -3.5769  5.1163 13.4067
624  96 -3.5345  3.8160 11.1884
648  96 -7.2011  0.9040 13.8344
672  96 -8.8680  0.9104 12.5205
696  96 -9.0086  1.2143 12.4239
720  96 -13.2470  0.3453 12.5789
744  96 -9.2788  1.4887 11.9038
768  96 -9.0994  1.3989 18.3551
792  96 -8.6666  1.4099 13.1824
816  96 -6.7290  0.7453 15.0649
840  96 -4.1484  0.1844 18.4449
864  96 -3.9457  0.3983 14.5102
888  96 -2.1802  0.4780 15.4624
912  96 -2.0899 -0.3920 17.1287
936  96  1.2237 -1.1392 15.1215
960  96  1.6188  0.0498 15.8956
984  96  0.8206  0.0133 10.7579
 24 120 -0.0204  0.0388 12.7140
 48 120  3.3453  2.0766 14.6807
 72 120  2.7359  0.6237 15.6718
 96 120  2.8907  0.2576 15.0682
120 120  4.3952  2.8901 16.2809
144 120  4.9675  2.5839 19.2639
168 120  5.6637  2.1814 18.3241
192 120  0.1798  2.5929 10.0176
216 120  4.6660  0.1388 17.4046
240 120  1.8315  1.7024 14.5071
264 120  2.1648  1.6011 13.2865
288 120  1.6409  0.4212 16.8687
312 120  2.1661  0.8988 20.9359
336 120  0.3633 -0.0488 21.4121
360 120  1.9635 -0.0413 18.8302
384 120  2.6051  0.7688 16.1158
408 120  1.3815  1.0477 19.2550
432 120  2.0667  2.0556 18.7329
456 120  2.9527  1.8313 13.4401
480 120  3.1331  1.8586 14.9534
504 120  3.3429 -0.1066 18.8575
528 120  2.0260  0.1753 13.3759
552 120  0.3010  4.8835 14.7132
576 120 -0.8841  5.2884 15.0206
600 120 -2.3318  4.1178 14.4382
624 120 -2.2901  1.8269 15.2061
648 120 -6.6281  0.9573 19.4796
672 120 -6.6466  1.0320 21.2144
696 120 -5.9857  2.1156 14.8533
720 120 -8.7156  2.6406 13.3147
744 120 -8.9352  2.5575 11.6526
768 120 -8.4448  1.2634 13.3035
792 120 -7.8734  0.7974 11.2823
816 120 -6.2898  0.8808 13.4227
840 120 -4.1937  0.0842 17.9324
864 120 -4.1092  0.0744 16.8588
888 120 -3.9507 -0.3323 18.5035
912 120 -3.7375 -1.0969 14.7353
936 120 -2.1675 -2.7346 17.7370
960 120 -0.9728 -0.6336 18.0730
984 120  0.7727 -0.0185 10.8371
 24 144 -0.0112  0.0423 12.2453
 48 144 -0.0131  3.1922 16.8842
 72 144  3.1624  0.6908 12.7540
 96 144  5.6394  0.1722 10.5711
120 144  7.0614  2.1584  9.9343
144 144  8.3231  2.6819 15.8956
168 144  8.9334  0.4208 13.6872
192 144  5.1233 -2.9702 11.5343
216 144  4.5131  0.2837 21.3318
240 144  4.1038  0.3783 22.0774
264 144  2.1552  1.6462 19.0534
288 144  1.3029  0.7672 16.3057
312 144  0.1831  0.5608 15.3614
336 144  0.0905 -0.0357 19.6947
360 144  0.2934 -0.0123 19.9405
384 144  1.9234  0.9325 18.6873
408 144  1.4588  1.6307 18.0974
432 144  2.0846  2.9662 16.7837
456 144  3.1636  1.6694 19.8189
480 144  3.4300  1.9776 18.3690
504 144  2.2246  0.8717 15.9904
528 144  2.4591  1.2762 15.4775
552 144  2.2500  4.8150 14.9153
576 144 -0.1879  5.0466 14.1733
600 144 -0.1484  1.2799 12.9786
624 144 -0.2302  0.7282 15.1418
648 144 -3.1466 -0.8265 15.9912
672 144 -5.7188  1.8483 16.1585
696 144 -5.2482  1.9138 17.6982
720 144 -6.9289  1.8823 13.6670
744 144 -4.1366  0.2642 13.9709
768 144 -2.0888  1.2824 15.9244
792 144 -1.4068  1.8138 14.2266
816 144 -2.8427  0.6156 15.2015
840 144 -3.9323  0.0702 13.8942
864 144 -4.3018 -0.0912 19.2240
888 144 -4.1152 -0.1838 22.7751
912 144 -3.4794 -0.9360 17.9124
936 144 -3.9397 -2.1318 19.0941
960 144 -1.2053 -0.2099 16.7573
984 144  0.7482 -0.0483 10.5204
 24 168 -0.0079  0.0003 12.0502
 48 168  4.9543  0.1395 13.9012
 72 168  5.1074 -0.6525 14.9531
 96 168  2.2231 -0.8278 14.3955
120 168  1.0000  1.0000  7.7781
144 168  9.6636  2.0568 13.9244
168 168  9.7886  1.9141 16.4520
192 168 10.0416 -1.0523 10.2831
216 168  4.0331  0.7849 24.0674
240 168  3.7910  0.4524 20.5405
264 168  1.9571  1.1650 17.9324
288 168  1.1527  2.8205 17.9121
312 168 -0.5201  1.9945 14.7020
336 168 -0.8155  0.1619 18.5615
360 168  0.1911  0.8729 18.1878
384 168  0.8007  1.7349 17.5216
408 168  1.8933  2.2628 14.9203
432 168  3.0383  1.8599 15.3677
456 168  3.5365  1.9517 16.1231
480 168  3.6931  2.3444 14.2739
504 168  5.0334  4.1144 13.0115
528 168  4.5416  4.2305 14.6885
552 168  2.8772  4.3174 14.2800
576 168  1.7597  4.2511 13.2196
600 168  0.0428  0.9690 14.5358
624 168 -0.7022 -0.7130 15.6451
648 168 -2.2002 -0.0185 16.6157
672 168 -4.1981  2.1895 19.9522
696 168 -3.4072  2.2067 18.0230
720 168 -2.0905  1.9434 19.4105
744 168 -2.1268  1.7961 13.8312
768 168 -2.8820  0.1114 18.0922
792 168 -1.7239  1.2504 16.7595
816 168 -2.1925  2.5247 14.5751
840 168 -4.2136  0.0327 13.3731
864 168 -4.3733  0.0314 17.8845
888 168 -4.4133  0.0341 20.8233
912 168 -4.0920 -0.8424 16.1119
936 168 -3.7312 -1.4227 17.0103
960 168 -1.4854  0.1386 15.6455
984 168  0.8173  0.0005 10.4473
 24 192 -0.0061 -0.0216 12.3925
 48 192 -6.8278  1.9500 12.3334
 72 192  4.5833  2.6364  9.2632
 96 192  3.2174 -0.0370 13.5195
120 192  1.0000  1.0000  9.3399
144 192 11.7085  1.4404  9.8256
168 192  9.0090 -1.6592 11.8452
192 192  5.2761 -3.8741 11.5141
216 192  3.9441  0.2326 22.0549
240 192  3.5487  0.2725 21.3589
264 192  3.2120  0.4343 17.8554
288 192 -0.0213  1.3487 17.6302
312 192  0.8802  3.2614 14.9582
336 192  0.1207  1.6230 17.2158
360 192  0.6050  1.5596 18.7589
384 192  0.8374  1.6710 17.9006
408 192  2.5725  2.9405 20.2923
432 192  2.1885  2.8317 16.4982
456 192  3.4528  5.6322 16.6206
480 192  2.5488  3.0770 14.9064
504 192  1.9036  1.4646 12.9744
528 192  3.3044  3.5162 15.8804
552 192  3.2988  6.0704 15.6038
576 192  2.0234  3.8218 13.8880
600 192  0.9439  2.2292 17.3676
624 192 -1.9545 -0.0624 20.4311
648 192 -2.9790  0.5861 19.0639
672 192 -3.6180  3.2984 16.8225
696 192 -2.7095  2.1902 16.0324
720 192 -2.4447  1.8408 17.3802
744 192 -5.2446  1.2057 16.4458
768 192 -4.1946 -0.6605 13.5847
792 192 -2.6524  0.4544 14.2258
816 192 -2.4239  0.3933 15.5565
840 192 -3.9228  0.0416 14.3253
864 192 -4.4876  0.1992 16.0133
888 192 -5.8549  0.7112 16.6064
912 192 -5.0033 -1.1837 16.1163
936 192 -5.8850 -0.2059 15.0156
960 192 -3.7881  0.9285 12.1180
984 192  0.8521  0.0286 10.7579
 24 216 -0.0143 -0.0062 12.4948
 48 216 -2.8684  2.8570 13.9374
 72 216 -2.4553  3.0262 11.9587
 96 216 -0.2102 -2.8675 18.0267
120 216  1.6895 -3.6807 11.9547
144 216  2.5014 -2.6070  7.5164
168 216  5.4782 -3.8448 11.4599
192 216  5.1769 -3.8564 14.4476
216 216  3.6651 -1.9907 17.4093
240 216  1.3299 -1.5636 17.4781
264 216  1.4733 -0.5413 16.6578
288 216  1.1485  0.7033 11.0802
312 216  0.7125  0.7442 10.8135
336 216  3.7479  1.0499 14.6267
360 216  4.0062  1.2598 16.8587
384 216  3.7524  1.2719 13.8187
408 216  2.0524  1.9648 16.3208
432 216  2.1530  2.7459 20.8389
456 216  2.5930  5.1864 16.0490
480 216  2.8367  5.0295 15.1552
504 216  1.5887  1.1477 13.2494
528 216  1.9953  1.2937 19.2263
552 216  2.0465  2.7486 13.5042
576 216  0.9467  2.4527 13.4749
600 216  0.8211  2.2952 15.9978
624 216 -0.4470  0.1495 16.8786
648 216 -1.8345  2.5840 15.5682
672 216 -3.9945  3.2734 20.4488
696 216 -2.7377  5.0976 13.4143
720 216 -2.0848  4.9859 11.8028
744 216 -2.8231  1.3431 11.9825
768 216 -3.7364 -0.0082 12.0689
792 216 -3.9256  0.0971 13.9852
816 216 -1.9315  0.4406 17.8900
840 216 -2.0250  0.8620 14.0081
864 216 -4.9837  1.8209 12.9028
888 216 -6.8475  0.9450 14.4504
912 216 -5.9268 -0.4556 12.3771
936 216 -4.3250 -0.9848 13.0805
960 216 -4.6403  0.9210 11.8428
984 216  0.8511  0.0283 10.8191
 24 240 -0.0071 -0.0025 12.4519
 48 240 -5.0554 -3.7180 12.2819
 72 240 -0.0509 -2.7347 11.4357
 96 240 -0.8436 -0.6638 16.2987
120 240 -1.5857 -0.9121 20.2201
144 240  1.6065 -0.1926 18.0827
168 240  2.7655 -0.9117 18.9878
192 240 -0.0888  9.8288  9.8407
216 240 -0.4324 -0.9818 17.0034
240 240  0.4037 -0.9520 16.9667
264 240  1.1175 -1.0476 18.7111
288 240  1.8130 -0.9547 16.0326
312 240  2.3964 -0.8992 17.5406
336 240  6.4251  2.0632 16.2440
360 240  7.6305  2.2744 17.2995
384 240  8.0477  1.6985 17.3830
408 240  6.7669  0.2211 13.5301
432 240  9.0103  0.2189  9.0186
456 240  2.5140  3.8633  9.3487
480 240  4.8716  3.2389 14.8740
504 240  3.8013  2.0843 18.4506
528 240  3.1436  1.8255 16.1148
552 240  1.7455  2.6746 19.4074
576 240  0.4955  1.7914 15.8430
600 240  0.7395  2.0088 15.6250
624 240 -0.3457  0.2117 20.4044
648 240 -1.3128  1.6516 17.6835
672 240 -1.4328  2.4940 15.5754
696 240 -1.9994  6.2294 15.8332
720 240 -1.3480  6.2121 13.3650
744 240 -0.1406  4.3319 15.6390
768 240 -0.1192  2.5949 13.1653
792 240 -0.9403  1.7447 12.3839
816 240 -1.8404  0.2684 14.0447
840 240 -3.4022  2.1365 14.0364
864 240 -5.6626  3.1291 16.0752
888 240 -4.1477  1.2281 17.0882
912 240 -2.5078 -0.0472 16.0313
936 240 -2.1103 -0.1875 19.6395
960 240 -0.9025 -0.0515 16.8772
984 240  0.8432  0.0052 10.7015
 24 264  0.0058  0.0210 12.3277
 48 264 -5.2240 -4.2926 20.7701
 72 264 -4.4593 -4.8790 14.7349
 96 264 -0.3063 -1.7111 14.9691
120 264 -1.8198 -0.9953 21.4864
144 264  1.8623  0.1694 16.8829
168 264  1.9202 -0.2498 16.1958
192 264  0.8527  0.1078 18.4695
216 264 -1.1955 -0.2670 13.8189
240 264  0.8255 -1.1841 15.9661
264 264  2.2780 -1.9116 15.7990
288 264  3.8964 -1.5461 17.0158
312 264  4.2500 -0.7092 15.5127
336 264  4.1018  0.0326 14.5610
360 264  8.1400  1.1649 17.7636
384 264  8.8977  0.3698 18.5173
408 264  7.1499 -0.0501 15.6911
432 264  7.9852 -0.1650 14.5530
456 264  5.1572  0.6556  9.3562
480 264  4.1113  2.0627 17.3612
504 264  4.1942  2.1095 20.8385
528 264  4.9249  1.8811 20.1651
552 264  2.1809  1.6767 16.0121
576 264  1.8369  0.9458 13.9848
600 264  2.0293 -0.1311 14.4523
624 264  0.3439 -0.2275 19.6043
648 264 -0.5339  1.1204 15.4610
672 264 -0.2657  3.2478 14.3138
696 264 -1.5405  6.3711 14.4344
720 264 -1.4576  5.8826 13.9542
744 264 -1.7500  4.3993 12.4793
768 264 -1.2696  1.7259 10.7220
792 264 -5.0877  3.5269 12.4456
816 264 -5.0824  3.4805 10.3736
840 264 -5.5332  3.8232 15.3024
864 264 -5.4733  4.0724 15.3056
888 264 -3.9306  2.0580 16.2217
912 264 -2.4312  0.3937 14.9670
936 264 -1.6877  0.0927 15.8176
960 264 -1.0657  0.0470 17.3697
984 264  0.8350 -0.0002 10.6581
 24 288  0.0014  0.0064 12.2945
 48 288 -6.0394 -5.1849 18.7309
 72 288 -5.2432 -5.5932  7.5397
 96 288  2.9738  5.0869  9.0248
120 288 -0.9160  0.7653 18.2570
144 288  0.0330  0.3474 15.3144
168 288  1.3808  0.0910 17.5090
192 288  1.1008  0.0919 14.7808
216 288  0.8683  1.3903 13.6601
240 288  4.2144 -0.9487  9.1318
264 288  5.0715 -1.0880 18.0502
288 288  4.7964 -1.4801 19.7332
312 288  4.5028 -1.2798 19.1928
336 288  5.7602 -3.1440 11.2795
360 288  1.0000  1.0000  7.1224
384 288  9.5405 -0.9276 11.1506
408 288  6.8304 -0.1659 13.4365
432 288  7.0232 -0.2226 20.8611
456 288  5.6622 -0.1156 13.0479
480 288  5.9477  0.5598 15.7069
504 288  5.2150  1.8318 14.7756
528 288  5.9838  2.2356 16.2302
552 288  3.1079  1.2445 13.4889
576 288  1.9679  0.4212 21.6922
600 288  1.1935 -0.1940 18.5465
624 288  0.0541 -0.8123 17.8094
648 288  0.4574 -0.7947 16.7227
672 288 -2.7426  3.9109 13.2946
696 288 -3.2515  5.8329 13.4832
720 288 -3.8311  6.2781 12.2698
744 288 -7.2506  5.9657  9.5290
768 288 -9.6002  4.1454 11.0659
792 288 -5.4206  5.0698  9.6969
816 288 -4.3718  4.3125 11.9466
840 288 -4.3816  4.3900 12.1119
864 288 -4.5279  4.3776 12.4709
888 288 -3.0160  2.8225 16.7644
912 288 -2.0424  1.7644 18.2839
936 288 -1.9135  0.9941 15.3670
960 288 -1.4279  0.7830 11.7216
984 288  0.9410  0.0507 10.7883
 24 312 -0.0089  0.0051 12.3835
 48 312 -6.2723 -11.7214 13.8517
 72 312 -6.0804 -11.6480 20.1269
 96 312 -5.9695 -11.1498 17.8155
120 312  1.0000  1.0000  7.1602
144 312  1.0000  1.0000  8.3191
168 312  1.2296 -0.0117 17.9489
192 312  3.7694 -0.4854 15.2041
216 312  2.3882 -0.7753 13.5071
240 312  2.2656 -0.1068 14.4746
264 312  1.2654 -5.8349 10.7199
288 312  4.8896 -0.9119 13.5629
312 312  4.9270 -1.3059 14.8719
336 312  4.6966 -1.6569 15.6058
360 312  3.8849 -5.8261 13.3674
384 312  4.8291 -6.2716 19.8757
408 312  5.7820 -4.1791 13.3883
432 312  6.9404 -0.9282 19.0528
456 312  5.4258 -1.2521 15.0894
480 312  5.9556 -0.2810 14.9208
504 312  5.5114  1.4117 14.3165
528 312  6.1897  2.2804 17.7527
552 312  3.5355  1.8880 17.6085
576 312  1.5378  1.1133 27.5652
600 312  1.6732  0.2577 22.5056
624 312  0.1022 -0.8065 24.8235
648 312  0.3192 -0.9034 22.7799
672 312 -3.4406  3.6338 16.5207
696 312 -4.2800  4.6619 13.9426
720 312 -4.8239  7.6380 14.2754
744 312 -5.2729  5.7262 11.2190
768 312 -8.0397  2.9974 12.9644
792 312 -6.0394  2.0116 10.9092
816 312 -5.7779  1.1709 12.2370
840 312 -5.9372  4.7830 10.9055
864 312 -4.2793  3.9294 13.4044
888 312 -3.7168  3.3071 16.2537
912 312 -3.0062  2.7301 20.0988
936 312 -2.9963  3.0264 15.6279
960 312 -4.0103  1.0532  8.8175
984 312  0.9099  0.0217 10.8566
 24 336 -0.0172  0.0075 12.4462
 48 336  0.0461 -4.2774 13.0407
 72 336 -5.7009 -11.2172 14.0455
 96 336 -0.9216 -6.7500 12.1452
120 336 -0.9135 -1.8504 18.1582
144 336  0.0731 -1.2682 23.2455
168 336 -1.2703 -0.1780 19.8877
192 336 -1.1824 -0.1004 15.6272
216 336  3.8877 -1.8091 13.0057
240 336  4.0731 -1.8889 17.8852
264 336  2.8000 -2.9257 12.4710
288 336  1.7891 -0.9387 18.2155
312 336  1.1680 -0.9984 17.9778
336 336  2.9977 -2.8720 18.5058
360 336  3.2413 -3.1013 16.5263
384 336  4.0827 -6.5236 17.0837
408 336  5.6939 -5.8865 18.3054
432 336  4.3276 -1.2439 17.3999
456 336  5.2819 -0.9296 20.5300
480 336  4.9743 -0.2985 19.2740
504 336  3.9058  0.7669 20.4959
528 336  4.4523  0.3836 19.3856
552 336  2.3490  0.5090 18.2740
576 336  1.6384  0.9622 26.2703
600 336  1.8141  0.5818 27.6157
624 336  1.7076 -0.1063 16.1637
648 336  1.0000  1.0000  9.6302
672 336 -5.2210  3.0585 17.4393
696 336 -4.1556  3.1579 15.1454
720 336 -3.6994  4.0622 11.8492
744 336 -4.0569  5.0189 15.8524
768 336 -4.6335  4.9856 16.5794
792 336 -5.0778  4.9870 14.2593
816 336 -6.1930  4.3650 12.2260
840 336 -6.1678  4.6243 15.9877
864 336 -7.7035  4.1584 13.3334
888 336 -5.0769  4.7274 15.8775
912 336 -3.3396  3.8599 15.9611
936 336 -4.1967  4.5251 15.9259
960 336 -5.6198  0.9591 10.8931
984 336  0.7797 -0.0274 10.6458
 24 360 -0.0056 -0.0163 12.3560
 48 360 -0.8184 -4.3090 14.5363
 72 360 -0.8068 -4.0548 12.9744
 96 360 -0.3022 -6.4899 16.6703
120 360 -0.1300 -1.1380 16.4519
144 360 -0.3223 -1.0063 22.9451
168 360 -3.3648  0.0895 19.1395
192 360 -4.2867  0.9372 21.1585
216 360 -0.8665 -0.4134 11.9164
240 360  0.0305 -0.6721 15.3402
264 360  2.8224 -2.9691 16.2247
288 360  1.8459 -1.1273 19.4714
312 360  0.3185 -0.0613 18.7443
336 360  2.7054 -3.1592 19.7667
360 360  3.0469 -3.5658 18.0904
384 360  3.7938 -6.8819 15.9741
408 360  2.2128 -6.2312 17.2560
432 360  1.9522 -3.6675 15.3279
456 360  2.2243 -1.9664 17.6325
480 360  3.1869  0.1642 17.0589
504 360  3.2252  0.3397 21.9287
528 360  3.8181  0.3412 18.2852
552 360  3.9048  0.1939 16.9115
576 360  2.6265  0.8966 14.1659
600 360  3.7947 -2.9298 17.6636
624 360  3.6235 -3.2764 14.7733
648 360  0.0659 -6.9873 10.5358
672 360 -4.9987  1.8748 23.3567
696 360 -3.4796  1.3937 16.1120
720 360 -1.7079  4.7028 13.7172
744 360 -2.3724  5.1144 15.6974
768 360 -2.2492  5.1825 16.5187
792 360 -2.7956  5.9860 14.8994
816 360 -4.9057  7.6990 12.1911
840 360 -5.5532  6.8155 15.6893
864 360 -5.0018  5.1444 15.8272
888 360 -4.8890  4.7265 17.9829
912 360 -4.6918  4.6357 11.8193
936 360 -5.8301  3.0480 13.0454
960 360 -5.2884  2.0751 15.8042
984 360  0.8284  0.0518 10.7063
 24 384 -0.0036 -0.0217 12.3932
 48 384 -1.0426 -3.8908 16.7220
 72 384 -0.9528 -4.1196 14.3836
 96 384  1.0000  1.0000 10.4255
120 384 -1.0658 -3.1981 11.3351
144 384 -1.8699  0.2530 15.4180
168 384 -4.0033  0.7601 21.9074
192 384 -4.3060  0.7423 21.2783
216 384 -0.1557 -0.3607 11.1305
240 384  0.2342 -0.3052 18.7326
264 384  2.7854 -3.0077 16.6399
288 384  3.9645 -0.0609  7.5704
312 384 -0.0011 -0.3105 11.1948
336 384  0.0303 -0.8092 15.9338
360 384 -0.2286 -1.0161 13.8446
384 384  3.2632 -6.9940 14.9000
408 384  4.5900 -6.1125 19.8003
432 384  4.8446 -3.8900 16.3402
456 384  2.3025 -3.6558 16.4072
480 384  4.0062 -2.1111 16.6346
504 384  2.5486 -0.5229 18.2115
528 384  3.2995  0.0223 15.3923
552 384  5.5026 -0.2036 16.0635
576 384  4.0786 -3.2742 14.6800
600 384  3.5616 -4.7448 16.9959
624 384  0.3686 -3.1002 15.9929
648 384 -0.0133 -2.8435 21.1196
672 384  0.3388 -0.0837 15.3082
696 384 -1.9361  2.5259 14.5908
720 384 -2.3046  4.5940 14.7437
744 384 -3.6030  4.8481 11.5573
768 384 -1.9501  6.0750 14.8240
792 384 -0.2964  6.1012 11.0025
816 384 -16.9378  0.6102 13.7833
840 384 26.0443 -9.0365 11.3403
864 384 -20.1255 -8.2076 13.9641
888 384 -5.0801  3.9618  9.7179
912 384 -5.9190  2.6182 13.0454
936 384 -5.7874  2.8278 13.8122
960 384 -5.3360  1.8882 16.2651
984 384  0.8879  0.0234 10.7217
 24 408 -0.0103 -0.0196 12.5981
 48 408 -0.3192 -3.7855 13.2133
 72 408 -2.4920 -0.8743 13.1284
 96 408 -2.5503 -0.9170 10.9496
120 408 -7.8449  1.8014 12.9720
144 408 -6.8839  0.8363 13.3503
168 408 -1.7412  0.8100 18.1938
192 408 -1.9359  0.2034 16.2475
216 408  0.2346 -0.3636 10.8119
240 408  3.0410 -3.3759 15.3538
264 408  2.1111 -4.7141 15.9915
288 408 -0.0230 -6.1114 10.3067
312 408  0.3451 -1.3957  8.8008
336 408  0.8435 -1.9721 17.3191
360 408  3.4582 -3.1610 15.6348
384 408  6.4897 -3.8442 12.3663
408 408  5.5878 -2.2243 16.9008
432 408  5.0159 -4.1700 15.8690
456 408  4.8671 -4.3511 16.5518
480 408  4.0564 -4.0374 14.9327
504 408  3.6557 -1.0825 14.4324
528 408  4.0364 -3.0277 18.5636
552 408  4.1063 -4.6284 16.4109
576 408  2.1093 -5.6510 17.6472
600 408  2.1148 -5.6286 20.3015
624 408  0.7083 -3.3970 16.4400
648 408  0.0817 -3.0059 16.9869
672 408  0.1779 -1.3668 18.5129
696 408  0.0209  2.8407 16.5098
720 408 -2.9302  4.1860 15.8391
744 408 -2.2895  4.0145 14.6849
768 408 -2.0181  4.2478 16.9227
792 408 -0.3740  5.9028  9.8227
816 408 -17.7578  1.8460 11.9893
840 408 18.1160 12.4870 14.1995
864 408 -28.3290 13.8454 13.9700
888 408  5.0382 22.2616  9.3455
912 408 20.9508  0.0087  7.7161
936 408 20.1063 -0.4095  8.5520
960 408 -6.3393 -0.1137 13.7977
984 408  0.8040 -0.0291 10.4494
 24 432 -0.0092  0.0026 12.4983
 48 432 -9.4223 -2.2743  8.9909
 72 432 -5.6256  0.2713 12.9137
 96 432 -2.3791 -0.9595 12.4054
120 432 -7.3000  0.1531 13.3743
144 432 -7.1200  0.1747 14.2303
168 432 -2.8235 -0.7099 14.6734
192 432 -2.2791  0.0038 14.1612
216 432 -2.1307 -0.2358  8.6420
240 432  1.7331 -4.2605 16.1833
264 432  1.5788 -4.1113 13.3967
288 432  1.0531 -4.7720 17.0763
312 432  1.0000  1.0000  7.6063
336 432  4.5319 -3.5789 16.7974
360 432  4.5776 -3.2456 19.2635
384 432  4.1720 -2.1367 17.7776
408 432  5.6539 -3.1232 14.1445
432 432  5.0145 -6.8405 12.1773
456 432  7.2066 -6.1096 12.6998
480 432  6.0761 -4.2861 13.4947
504 432  4.1014 -5.0640 14.7714
528 432  2.8945 -4.6981 14.8886
552 432  3.6826 -4.7676 20.0469
576 432  1.9634 -4.5985 18.3778
600 432  2.0925 -4.5148 20.8409
624 432  1.1356 -4.8326 18.1953
648 432  0.0770 -3.0166 24.7092
672 432 -1.2682 -0.2211 19.3204
696 432 -1.8727  0.4148 20.3639
720 432 -1.6685  4.4164 12.7474
744 432 -1.5055  3.4351 14.8474
768 432 -1.1168  4.2928 14.9852
792 432 -1.2697  4.9425 12.7530
816 432 -8.3893  7.9807 10.1601
840 432  7.3107 -19.0505  6.6229
864 432 -30.0541 10.3728 11.3916
888 432  3.0986 -0.2937 11.9552
912 432 20.2593 -2.9707  8.7977
936 432 19.1963 -1.9612 15.0401
960 432 -0.0299 -0.6987 16.0911
984 432  0.7355 -0.0334 10.4388
 24 456 -0.0013  0.0195 12.1838
 48 456 -9.6051 -1.6604 13.1329
 72 456 -5.1485 -1.9736 11.2276
 96 456 -5.6318 -0.9100 10.3257
120 456  1.0000  1.0000 10.1338
144 456 -0.2238 -1.1123 12.9210
168 456  0.3772 -1.0488 15.3212
192 456 -2.0666 -0.0261  8.8238
216 456 -3.8736 15.8518  7.5406
240 456  1.2935 -3.8263 17.9430
264 456  1.3200 -3.6439 18.6886
288 456  0.8663 -2.4192 19.3552
312 456  4.2857 -2.0639 10.5396
336 456  2.1519 -6.1192 14.1426
360 456  4.6117 -3.6116 16.9179
384 456  5.3284 -2.9746 17.5879
408 456  4.9869 -2.5905 15.7305
432 456  7.1434 -7.8056 12.7252
456 456  7.8804 -6.6394 14.6222
480 456  4.2385 -4.7610 16.5310
504 456  4.2837 -4.8666 20.4699
528 456  2.5397 -4.8242 16.5183
552 456  2.5080 -5.0816 19.1121
576 456  1.7828 -3.9892 15.2511
600 456  1.7488 -3.7557 15.2617
624 456  0.0374 -3.1085 16.6188
648 456 -0.1374 -5.7370 20.4403
672 456 -1.5114 -0.2177 17.2128
696 456 -2.5905 -0.1282 22.8730
720 456 -1.6798  0.5855 17.3427
744 456 -0.2549 -0.1292 16.3680
768 456  0.0177  0.1424 18.1353
792 456 -1.7744  4.2646 13.5335
816 456 -0.9792  8.2698  8.8893
840 456  7.5922 -15.8923  7.7542
864 456 -30.1956 10.2872 14.7181
888 456  3.0259 -0.3078 11.2683
912 456 -1.8429  2.9044  9.8578
936 456  1.7516  2.6311 12.5276
960 456 -0.2078 -0.6694 12.7175
984 456  0.6266  0.0079 10.2892
 24 480  0.0065 -0.0344 12.0182
 48 480 -5.8128 -2.8248 13.7146
 72 480 -5.2861 -2.1713 13.8475
 96 480 -3.9936 -3.1315 14.1578
120 480 -2.6983 -3.8893 19.1358
144 480 -3.0972 -1.2804 15.9216
168 480 -3.1076 -1.2659 17.8006
192 480 -2.5040 -1.6271 14.4951
216 480 -1.8016 -1.3810  8.3791
240 480 -0.2013 -1.7322 18.0890
264 480  0.8006 -2.7598 18.3772
288 480  0.5957 -2.5307 18.0004
312 480  1.0000  1.0000  8.7369
336 480  2.0071 -6.0224 12.6583
360 480  3.3428 -5.0159 13.4948
384 480  4.8590 -3.7480 19.5632
408 480  3.7793 -2.9687 15.2387
432 480  2.3045 -3.1627 11.7879
456 480  4.1175 -3.9812 20.4271
480 480  4.0636 -4.0918 19.3844
504 480  4.7039 -4.9504 26.2618
528 480  4.0650 -4.7959 19.0284
552 480  1.8542 -4.9147 19.6691
576 480  1.2495 -3.4625 19.3488
600 480  1.2672 -2.9430 19.5826
624 480  0.9347 -2.9432 20.7178
648 480  0.0148 -4.2976 21.5325
672 480 -0.0596 -3.8709 13.1436
696 480 -1.9411 -0.3734 17.2193
720 480 -1.6872 -0.2864 18.3921
744 480 -0.5279  0.0063 13.9236
768 480 -0.2266 -0.4441 15.3266
792 480 -0.9107  0.2011 13.1974
816 480 -1.2706  6.2166 13.2124
840 480 -7.6182  6.0762  8.0028
864 480 -5.0212  0.1871 13.7540
888 480 -4.9069  0.1084 17.2836
912 480 -3.4270 -0.3898 14.8737
936 480 -0.8608  0.7770 15.0861
960 480 -0.2696  1.0547 12.5258
984 480  0.5382  0.0478 10.0648
 24 504  0.0040 -0.0373 11.9244
 48 504 -1.5276 -1.8412 15.0208
 72 504 -1.0393 -4.0678 12.9801
 96 504 -3.2893 -4.4650 18.3797
120 504 -2.4286 -5.8200 16.9214
144 504 -3.8645 -0.8240 16.0059
168 504 -3.4788 -1.5688 16.7947
192 504 -3.0182 -1.6576 17.2504
216 504 -0.4845 -1.8587 15.7387
240 504 -1.0871 -1.2502 14.5419
264 504 -1.9433 -2.8932 15.4217
288 504  1.0000  1.0000 11.9642
312 504  0.1330 -1.4432 10.7340
336 504  0.1363 -4.8504 14.2468
360 504  0.1385 -2.8629 12.2550
384 504  3.4778 -2.9534 15.1743
408 504  3.9399 -2.1956 15.5813
432 504  5.7623 -1.6843 17.4206
456 504  5.9412 -2.0312 20.0831
480 504  5.7775 -2.4052 14.0000
504 504  5.1203 -4.6622 15.6286
528 504  5.2180 -4.4513 15.6915
552 504  2.2709 -2.9164 14.8484
576 504  1.7034 -3.2498 18.4909
600 504  1.8879 -3.0850 18.2381
624 504  2.1609 -2.6653 16.9482
648 504  0.7290 -3.1905 20.8514
672 504 -0.2682 -3.6396 19.5571
696 504  0.0618 -1.3331 15.7100
720 504 -0.7549 -0.0727 16.7639
744 504 -0.6516  0.1324 17.2296
768 504 -0.4543 -0.4432 16.6496
792 504 -0.6116  0.0428 15.8058
816 504 -3.7813  3.1783 12.1178
840 504 -5.4008  4.3013 10.9827
864 504 -4.9764 -0.1002 21.6712
888 504 -4.3023 -0.0190 18.4272
912 504 -1.9567 -1.9705 17.9625
936 504 -0.7502  0.1842 16.3078
960 504 -0.2561  0.9932 15.4569
984 504  0.7414  0.0189 10.2646
 24 528 -0.0110 -0.0431 12.4498
 48 528 -0.0769 -0.9157 16.4758
 72 528 -2.1532 -4.9113 12.0779
 96 528 -4.0062 -5.0288 15.0853
120 528 -4.2824 -2.8670 14.7784
144 528 -4.3700 -0.9312 17.7515
168 528 -2.3987 -1.1379 17.6591
192 528  0.3510 -1.6612 16.5365
216 528  1.0861 -2.8838 17.6286
240 528  3.1710 -2.8699 14.6403
264 528  4.3753 -2.3926 14.1654
288 528  3.2864 -1.9108 12.6692
312 528  3.2053 -1.8317 13.2599
336 528  2.8627 -0.0177 16.7778
360 528  0.3051  0.0537 10.4408
384 528  4.6042 -1.7677 14.2514
408 528  4.2211 -0.3332 18.3824
432 528  5.6032 -1.0172 19.2921
456 528  5.5890 -1.2233 18.5208
480 528  5.9314 -1.7431 20.8412
504 528  5.1976 -1.8641 18.1734
528 528  3.8810 -2.7456 17.3429
552 528  3.9173 -3.2348 15.7510
576 528  3.7861 -3.0225 16.8936
600 528  1.3683 -1.7404 16.0713
624 528  1.1232 -0.7872 14.6821
648 528  2.0082 -1.9385 17.2398
672 528  0.6117 -1.6796 16.1078
696 528  0.6502 -0.1478 16.5770
720 528 -0.2738  0.7290 15.7514
744 528 -0.0690  1.1122 22.6132
768 528  0.0411  0.9580 19.0280
792 528 -2.9912  3.6945 16.1562
816 528 -4.5030  7.7135 11.3081
840 528 -3.7229  8.5196 12.6509
864 528 -4.8582  0.0595 14.5062
888 528 -4.3725 -0.3559 14.3014
912 528 -2.2062 -1.4947 17.5755
936 528 -2.0238 -1.7157 17.0066
960 528 -0.1466  0.2279 13.5904
984 528  0.8110 -0.0073 10.4902
 24 552 -0.0162 -0.0403 12.7301
 48 552 -3.3162 -2.9534 14.4618
 72 552 -3.8443 -3.4822 14.6565
 96 552 -3.8761 -4.8562 11.8601
120 552 -4.4610 -2.5458 15.4328
144 552 -4.2313 -0.8526 18.5217
168 552 -0.3354 -1.2534 16.1171
192 552  0.1770 -1.3213 15.9885
216 552  0.8680 -2.6408 13.9129
240 552  0.1686 -2.8452 20.5971
264 552  0.1007 -2.8664 17.8968
288 552  3.6040 -0.1673 13.5973
312 552  3.7765 -0.2632 16.3470
336 552  2.5743  0.0418 15.9761
360 552  3.7599 -0.8825 17.6162
384 552  4.1462 -1.0309 13.7670
408 552  5.1879 -0.8164 15.6961
432 552  5.2451 -0.8632 17.9135
456 552  5.8901 -0.2978 18.9597
480 552  5.8597 -0.7298 22.5219
504 552  5.7066 -0.9747 19.8959
528 552  4.4276 -2.5245 16.8276
552 552  4.0126 -2.9862 18.7701
576 552  4.3779 -2.7288 17.3743
600 552  0.6670 -1.5531 17.5502
624 552  0.7158 -0.9730 17.2363
648 552  1.6928 -2.6069  9.7794
672 552  1.0918 -1.2166 10.8989
696 552  1.0428  0.2139 17.3901
720 552  0.1820  1.4056 19.2562
744 552 -0.8433  3.1327 18.3482
768 552 -3.1990  4.0091 12.8524
792 552 -4.0394  4.7059 18.5443
816 552 -4.8088  6.0282 18.1196
840 552 -4.1699  7.1917 16.8488
864 552 -0.8805  1.9642 14.8483
888 552 -6.8753 -1.3805 18.9069
912 552 -6.0605 -1.0295 18.4938
936 552 -3.8402  0.1899 12.8201
960 552 -4.1731  4.9010 19.5130
984 552  0.7884 -0.0233 10.7062
 24 576 -0.0052 -0.0807 12.5623
 48 576 -3.0484 -1.1681 12.6251
 72 576 -3.3575 -4.0103 15.3870
 96 576 -3.2247 -3.7595 15.9315
120 576 -4.3540 -3.3848 17.0888
144 576 -4.6923 -2.8775 18.3543
168 576 -0.3003 -1.3144 18.0612
192 576  0.0838 -1.1635 15.1090
216 576  0.8353 -2.2047 15.6385
240 576 -0.8639 -1.0738 18.0247
264 576  0.4641 -2.8607 13.1871
288 576  4.8020 -2.8619 14.7742
312 576  3.8119 -0.7148 18.2358
336 576  3.8612 -1.0359 20.2390
360 576  4.0234 -0.9825 13.7787
384 576  5.5240 -1.5952 15.6390
408 576  4.4431 -1.4472 14.2001
432 576  5.5906 -0.7577 17.5706
456 576  6.1885 -0.3278 16.5210
480 576  5.3600 -0.6146 21.3561
504 576  5.2479 -0.6567 18.6887
528 576  4.7230 -3.0386 15.8860
552 576  4.6249 -3.2686 17.1155
576 576  3.3352 -2.6221 16.0457
600 576  0.0209 -1.3177 12.7222
624 576 -4.6322  0.2793 14.7000
648 576 12.3180 -2.0002 10.6606
672 576 11.4976 -3.1784 15.9319
696 576  3.0618  0.0883 15.6243
720 576 -0.3148  2.9289 13.9414
744 576 -5.8858  3.7881 12.7017
768 576 -4.3147  5.0901 12.5258
792 576 -4.3340  5.0253 22.5817
816 576 -4.6818  5.1222 19.4566
840 576 -4.0888  7.0856 13.3427
864 576 -1.0696  2.0292 17.2260
888 576 -5.1187 -0.0795 12.5139
912 576 -5.8628 -1.1297 13.9137
936 576 -4.7106  4.7997  9.4993
960 576 -4.2959  6.8614 18.4860
984 576  0.7859  0.0069 10.5523
 24 600 -0.0174 -0.0964 12.8950
 48 600 -2.2819 -4.4305 13.2057
 72 600 -2.3143 -4.4573 17.1726
 96 600 -2.0219 -4.3240 15.3916
120 600 -3.2484 -3.2027 17.6841
144 600 -4.3831 -2.6560 16.5154
168 600 -1.5056 -2.6370 16.0007
192 600 -2.1828  0.2625 14.9320
216 600 -1.1039 -0.1708 17.2809
240 600 -1.4450 -0.4193 12.3208
264 600 -0.7534 -5.6759 12.9565
288 600  4.8566 -2.8308 17.1852
312 600  4.7625 -2.2654 16.6109
336 600  5.7457 -1.0106 16.0747
360 600  5.5763 -1.0134 14.5210
384 600  5.6948 -1.3869 16.5851
408 600  4.5529 -0.7303 15.8444
432 600  4.6976 -0.1847 18.5537
456 600  4.2920  0.0206 13.4928
480 600  4.8186 -1.2062 16.7565
504 600  4.4593 -0.4889 18.8259
528 600  4.4292 -2.1847 16.1952
552 600  5.4233 -2.8300 16.9255
576 600  4.9283 -3.1736 15.9722
600 600 -1.6357  1.8012 10.7522
624 600 -3.5456  0.9283 12.0415
648 600 12.2264 -0.2918  8.6345
672 600 11.9134 -0.2404 14.0245
696 600 -4.7899  4.9751 14.8400
720 600 -3.7105  3.1003 18.1519
744 600 -3.1091  5.9815 17.7978
768 600 -2.5223  5.8500 12.3475
792 600 -2.6819  4.2438 10.6339
816 600 -0.3179  2.1247 14.2742
840 600 -0.8453  2.0467 16.7692
864 600 -0.5052  1.9165 22.6605
888 600 -0.0761  1.2347 21.4155
912 600 -0.1007 -0.9161 19.2306
936 600  1.0470  6.0730 10.7890
960 600 -0.2053  7.1660 10.6975
984 600  0.8274 -0.0249 10.2775
 24 624 -0.0071 -0.0144 12.4006
 48 624 -4.6590 -3.2872 22.7716
 72 624 -1.9434 -4.2321 20.3306
 96 624 -1.5117 -3.6887 17.9883
120 624 -0.4846 -3.3135 23.3894
144 624 -1.0434 -2.6585 19.2079
168 624 -1.8475 -3.2460 16.2236
192 624 -2.8078  1.2270 17.1013
216 624 -1.7426  0.7818 17.0042
240 624  3.1429 -4.8683 12.3446
264 624  2.7169 -5.2211 14.1546
288 624  4.0220 -1.0138 18.1970
312 624  4.2735 -0.8876 16.2167
336 624  5.8346 -0.9477 18.7610
360 624  4.4762 -0.2443 14.8160
384 624  4.5281 -0.3500 16.8119
408 624  4.8248 -0.1254 17.2696
432 624  4.1897 -0.1446 18.4404
456 624  4.1024 -0.1658 16.2652
480 624  4.0397 -1.0002 14.5578
504 624  4.2467 -1.3138 17.6212
528 624  5.2259 -5.3525 17.2257
552 624  5.1765 -5.2075 16.2201
576 624  6.1807 -6.2646 13.3400
600 624  0.2189  1.0169 12.6470
624 624  2.0330 -0.8574 15.1879
648 624  2.0238  0.8099 16.2253
672 624 -0.1737 -1.0105 17.5624
696 624 -1.9406  5.0490 12.8811
720 624 -3.9295  3.0179 18.3019
744 624 -4.1364  7.7305 14.4594
768 624 -0.9905  4.9121 14.0770
792 624 -2.7685  4.6333 11.5772
816 624 -2.5708  2.1340 17.7526
840 624 -1.0828  2.6403 20.0280
864 624 -0.7539  2.2888 19.1512
888 624 -0.2161  1.6291 19.0801
912 624 -1.7221 -0.0736 14.1886
936 624 -3.9132  2.2182 11.9410
960 624  1.5035  8.8322 13.7485
984 624  0.8683 -0.0062  9.9811
 24 648  0.0084 -0.0338 12.0312
 48 648 -4.6710 -3.5687 22.2705
 72 648 -0.6526 -3.9898 15.0541
 96 648 -1.0511 -3.6945 21.9363
120 648 -0.3246 -3.0488 20.3326
144 648 -0.5284 -1.7503 20.7645
168 648 -2.0325 -0.2408 14.6528
192 648 -3.2894  1.1693 18.2637
216 648 -1.9942 -0.7277  8.7141
240 648  0.1833 -1.1083 15.2309
264 648  1.3607 -1.7699 15.3499
288 648  2.4620 -0.9733 19.4964
312 648  3.8208 -0.1614 21.2166
336 648  4.2847 -0.1129 20.6525
360 648  4.3802 -0.0772 16.1097
384 648  4.1282 -0.1399 17.1555
408 648  2.2164  0.0451 13.0420
432 648  5.9353 -1.6674 18.3985
456 648  5.8494 -1.9280 22.4368
480 648  5.7839 -1.7495 15.5358
504 648  6.1490 -1.1834 15.0010
528 648  4.9144 -5.9113 14.4316
552 648  4.5901 -5.1102 15.6763
576 648  4.5541 -5.0189 13.2894
600 648 -1.0667 -4.0739 16.1170
624 648  0.5471 -4.6726 15.6050
648 648  1.4672 -2.1251 16.3799
672 648 -0.1415 -1.2396 16.7423
696 648  0.1384 -1.1276 17.4078
720 648  1.0000  1.0000  6.7942
744 648 -0.8612  3.9641 12.4932
768 648 -0.8315  5.8237 12.9325
792 648 -3.6024  2.1639 12.8745
816 648 -2.4588  1.0227 13.9901
840 648 -1.7974  3.8924 18.4080
864 648 -0.3312  3.8161 18.0204
888 648 -4.0102 -1.1225 15.5583
912 648 -4.0821 -1.7240 17.1218
936 648 -3.3477  2.8076 16.0963
960 648  0.5528  6.2045 12.4410
984 648  0.7331  0.0286 10.0525
 24 672 -0.0148 -0.0737 12.4020
 48 672 -3.5129 -3.0910 15.4223
 72 672 -4.1482 -3.3234 16.1582
 96 672 -1.3289 -1.9616 14.4029
120 672 -0.2309 -1.7889 15.0670
144 672 -1.9027 -0.2769 11.6655
168 672  7.9403 -1.2129  9.3420
192 672  8.8253 -2.2549 11.7704
216 672 -2.1791 -1.2864  9.8218
240 672  0.1965 -1.2716 19.2197
264 672  0.9776 -0.1760 17.3340
288 672  2.0312  0.8344 17.5484
312 672  2.9716  1.6500 18.2484
336 672  3.9587  0.0195 17.0328
360 672  3.7595  0.5432 15.5162
384 672  3.9243  0.1507 13.9766
408 672  4.3049 -3.7370 12.0463
432 672  6.6802 -0.0172 14.3530
456 672  5.6449 -1.9091 15.4204
480 672  5.7763 -1.6165 13.4414
504 672  4.9966 -2.9447 12.4295
528 672  2.9183 -4.8508 16.0102
552 672  5.9184 -5.2060 14.6254
576 672 -1.4644 -3.8042 19.2285
600 672 -1.1958 -4.6314 20.8996
624 672  0.6887 -5.0402 16.4516
648 672  1.0672 -4.2205 15.6190
672 672  0.1293 -1.4772 16.2413
696 672  0.0339 -1.0777 21.7429
720 672 -0.1987 -1.1777 14.9257
744 672  1.0094 -3.3312 12.4437
768 672  0.8863  3.8897 15.3887
792 672  1.0912  0.1951 15.7003
816 672  2.8866  0.7108 15.0997
840 672 -2.7339  3.7958 13.3067
864 672 -2.7619  4.0628 15.3738
888 672 -1.9119  0.0579 13.0373
912 672 -4.1904 -3.7625 15.6351
936 672 -0.5219  0.9662 19.5794
960 672  0.2244  0.2892 24.8107
984 672  0.8439 -0.0403 10.7047
 24 696 -0.0165 -0.0567 11.9127
 48 696 -1.9381 -3.5775 17.2910
 72 696 -4.2531 -2.8379 14.1221
 96 696 -4.8356 -2.8904 12.6661
120 696 -9.0022 -3.8712 12.3154
144 696 -3.9118 -5.8132 13.5761
168 696 -5.2299 -7.1702  7.1115
192 696  8.0641 -2.0903  9.6684
216 696 -2.1799 -3.0161 16.9105
240 696 -1.0024 -2.8752 18.9755
264 696  0.0664 -1.8334 17.1824
288 696  1.8496 -0.0565 18.4776
312 696  2.9034  1.6400 13.2108
336 696  2.3645  0.1249 15.2125
360 696  3.8210  0.9412 19.3363
384 696  3.7574  1.2084 18.7405
408 696  6.0376 -2.6538 14.8351
432 696  5.7334 -2.6796 14.7397
456 696  1.8929 -3.7672 16.2927
480 696  2.7751 -4.0054 16.1793
504 696  1.7080 -6.1221 12.6406
528 696  2.2025 -4.9799 12.6966
552 696 -0.3411 -1.8760 16.9767
576 696 -2.6252 -2.7230 19.7154
600 696 -2.7907 -3.2850 17.6923
624 696 -0.5508 -4.3578 11.6879
648 696 -0.2512 -0.1037 11.9140
672 696  0.0160 -0.3035 16.9799
696 696  0.0797 -0.9883 20.0704
720 696 -0.7758 -2.2408 14.2775
744 696  1.0935  0.2353 12.9678
768 696  1.2722  2.3567 15.5953
792 696  2.0989  1.0981 15.2760
816 696  2.7466  0.6154 15.6637
840 696  1.1952  2.9323 11.9387
864 696  1.5127  0.7110 13.9216
888 696  1.0833  0.1189 15.4079
912 696  0.1300  0.9394 11.6047
936 696 -0.7051  2.1802 17.0260
960 696 -0.1103  0.9208 19.4443
984 696  0.8515 -0.0046 10.8862
 24 720  0.0051 -0.0378 11.6958
 48 720 -1.1345 -1.0933 17.8794
 72 720 -2.7803 -0.1780 15.9752
 96 720 -5.4491 -1.0669 15.4189
120 720 -6.2519 -3.1349 15.1193
144 720 -5.1879 -5.0231 13.1160
168 720 -2.9719 -4.1938 14.9018
192 720 -3.0995 -5.1510 14.2086
216 720 -2.2223 -5.1339 17.2881
240 720 -2.6882 -3.1277 16.3293
264 720 -0.2872 -1.7397 13.0284
288 720  1.7634 -0.0056 15.6582
312 720  1.7493 -0.1536 16.3187
336 720  3.8218 -0.3472 15.4248
360 720  3.9881  0.8437 19.7173
384 720  3.3306  0.9732 17.3441
408 720  8.1935 -1.9781 11.3632
432 720  6.8190 -2.6544 19.2917
456 720  7.4427 -2.0904 13.8526
480 720  2.9079 -3.9355 13.1830
504 720  2.9238 -3.8519 12.5859
528 720 -0.7742 -3.7080 11.1898
552 720  0.0667 -2.0070 19.4437
576 720  0.0289 -2.1461 19.9336
600 720  1.9270  7.8757  8.9793
624 720  1.0000  1.0000  7.4357
648 720  1.0000  1.0000 10.8581
672 720  0.0255  0.0917 16.0049
696 720  2.1208 -1.6794 17.8144
720 720  2.2041 -1.8966 14.0046
744 720  1.6990  1.9342 10.6676
768 720  1.4981  2.1081 14.3318
792 720  3.5119 -0.0045 12.6574
816 720  1.0525  0.1822 14.2045
840 720  2.7779  1.9551 16.0372
864 720  2.5211 -0.1614 14.0450
888 720  1.2483  0.0460 15.8890
912 720  0.3249 -0.4541 12.7440
936 720  3.9571 -0.0160 11.0485
960 720 -0.2475  0.2945 14.9876
984 720  0.8017 -0.0065 10.7272
 24 744 -0.0071  0.0132 11.8722
 48 744 -1.3878 -0.4992 15.9320
 72 744 -3.0677 -1.8725 16.2243
 96 744 -5.6032 -2.1122 19.2177
120 744 -5.3726 -2.8213 15.4649
144 744 -5.7776 -3.7536 16.7182
168 744 -6.1158 -4.8378 16.2513
192 744 -5.7275 -5.4441 14.5937
216 744 -6.0987 -5.7281 15.4805
240 744 -2.9572 -2.1091 14.3485
264 744 -0.8557 -1.8905 14.5525
288 744  1.6806  0.9174 17.0165
312 744  1.8202  0.8210 16.5964
336 744  2.2916 -1.0634 16.0127
360 744  4.6302 -2.0225 18.6763
384 744  4.9830 -0.9941 14.8087
408 744  1.0000  1.0000 10.6715
432 744  7.8493 -2.4162 15.0332
456 744  7.4060 -2.0511 15.4192
480 744  1.0000  1.0000 10.1051
504 744  1.0000  1.0000  7.9077
528 744  1.0000  1.0000  7.3868
552 744  0.8591 -3.9389 20.3125
576 744  0.5521 -3.7247 20.1379
600 744  0.1138 -7.1121 19.1136
624 744  1.7855 -7.8797 18.5958
648 744  0.8034 -6.1415 13.5022
672 744  2.6569 -3.0587 17.0431
696 744  2.1364  0.9354 14.2039
720 744  1.2415 -0.0371 12.0597
744 744  3.3956 -0.8863 15.1809
768 744  4.3454 -3.0765 16.0833
792 744  3.1886 -3.7335 11.9049
816 744 -0.1688  2.6570 12.4327
840 744 -1.6830  0.0044 15.5573
864 744 -1.0699  1.9134 15.9797
888 744 -0.3114  0.5751 18.9413
912 744 -0.3937 -0.2251 18.0053
936 744 -3.2223 -3.8313 13.7283
960 744 -3.0585 -4.0037 11.9377
984 744  0.7709  0.0084 10.4429
 24 768 -0.0283 -0.0114 12.2836
 48 768 -2.5841 -1.3652 17.8022
 72 768 -3.8119 -0.4371 13.9200
 96 768 -3.2915 -0.6422 14.3714
120 768 -6.0553 -2.4649 13.5957
144 768 -6.0520 -2.4518 13.5386
168 768 -5.1142 -3.8201 12.8032
192 768 -5.5790 -5.3234 15.1029
216 768 -5.4552 -4.9038 16.1273
240 768 -1.3141 -2.0806 11.1065
264 768  1.8593 -0.8333 17.2521
288 768  2.1648 -1.1263 14.3894
312 768  2.0672 -1.1867 10.5470
336 768  6.3789 -0.3139 13.3109
360 768  5.6345 -2.0375 14.2083
384 768  4.0928 -2.9922 14.2596
408 768  1.0000  1.0000 11.5634
432 768  6.8447  2.8368  8.8187
456 768  9.1722  3.0889 11.1986
480 768  6.3602  2.9587  9.9593
504 768  7.1759  3.8191 13.7590
528 768  7.6508  5.4856 13.2150
552 768  1.1487 -3.9370 16.9166
576 768  0.8969 -3.8948 17.5787
600 768  0.2005 -7.1500 16.8522
624 768 -0.3267 -6.2351 12.9990
648 768 -0.2085  0.2193 15.0845
672 768  0.3049 -1.0741 13.8038
696 768  2.3307 -2.8357 17.1049
720 768  1.1733 -0.0622 18.4776
744 768  3.5008 -1.0765 18.3602
768 768  3.8860 -0.9974 17.9273
792 768 -0.9109  4.6955 17.9768
816 768 -0.9251  5.9218 19.5536
840 768  0.8941  8.6773 14.4353
864 768 -1.9326  0.2690 15.4448
888 768 -0.1818  0.3312 18.9701
912 768 -2.0148  0.3142 15.1615
936 768 -5.7919 -4.8467 14.4797
960 768 -5.3954 -4.6789 12.8228
984 768  0.7786  0.0029 10.4837
 24 792 -0.0399 -0.0674 12.9510
 48 792 -1.6316 -1.3758 21.1416
 72 792 -1.9603 -2.4579 18.5053
 96 792 -4.1013 -4.0007 11.3462
120 792 -4.7549 -3.5704 16.4980
144 792 -5.9716 -3.0315 16.5978
168 792 -3.9801 -1.7766 16.6192
192 792 -4.8467 -3.9760 14.7605
216 792 -4.7991 -5.2369 16.7163
240 792 -5.2513 -5.1263 17.7822
264 792  0.3690 -0.4081 13.8200
288 792  1.5717 -3.4591 18.6690
312 792  1.7216 -3.0524 17.5188
336 792  5.0897 -1.0762 13.0730
360 792  4.4313 -3.1215 14.1408
384 792  3.9338 -2.9237 15.3754
408 792  4.2984 -0.9892 12.0752
432 792  1.9715  3.1358  7.7386
456 792  4.3183  0.1112 12.2489
480 792  5.1576  3.8720 10.8413
504 792  8.2265  3.4020 16.5776
528 792  8.7404  5.9708 16.5573
552 792  3.7402  3.1703 14.6710
576 792  2.2266  2.0618 18.8548
600 792  1.0000  1.0000  9.7961
624 792 -1.9463 -0.2475 14.1501
648 792 -0.2915  0.3432 14.3654
672 792 -0.7701 -3.1477 16.0447
696 792  0.1178 -4.0678 17.0953
720 792  1.4804 -0.4873 16.9351
744 792  3.5978 -0.9476 18.0334
768 792  2.8621 -1.9065 14.5883
792 792 -0.0048  5.1396 18.3281
816 792 -0.0429  6.2140 17.6375
840 792  0.6998  8.7350 18.0060
864 792 -0.2296  3.2758 13.1925
888 792 -0.0023  1.8262 21.1190
912 792  0.1548  1.8103 17.4964
936 792 -2.6515 -0.6533 15.7757
960 792 -4.5985 -2.0415 13.1531
984 792  0.7200 -0.0058 10.5633
 24 816 -0.0419 -0.0499 12.9021
 48 816 -1.2817 -1.9800 19.3475
 72 816 -1.8579 -2.3558 19.5177
 96 816 -1.3996 -4.1826 16.4942
120 816 -3.1467 -3.0286 19.9966
144 816 -2.3698 -1.6936 21.2392
168 816 -2.3307 -1.8481 16.2730
192 816 -4.1491 -4.1152 14.3869
216 816 -1.3911 -6.3820 17.8118
240 816 -1.7542 -6.3888 19.5708
264 816 -0.1429 -5.9565  9.6739
288 816 -0.6982 -6.7395 12.0837
312 816 -0.1004 -6.9554 16.1310
336 816  2.3715 -5.2738 16.0786
360 816  5.1023 -2.1914 13.7425
384 816  1.9596 -1.8553 15.1715
408 816  3.8556  0.8412 16.6703
432 816  4.8327  0.2605 20.3771
456 816  4.6613  0.2234 20.5666
480 816  5.4952  0.1122 14.0355
504 816  8.7592  3.0457 15.0255
528 816  8.6931  3.3991 13.2687
552 816  4.4524  3.8616 11.6601
576 816  1.9455  1.9536 16.5074
600 816  2.2287  1.3176 14.7321
624 816  0.0476  0.9929 13.2448
648 816  0.5410 -0.0626 13.1003
672 816 -0.2626 -0.7507 15.9176
696 816 -0.1140 -1.0056 19.3951
720 816  1.1628 -1.1756 15.3648
744 816  2.1171 -0.1294 14.9313
768 816 -0.3833  2.9590 16.3975
792 816  4.1198  6.1316 12.3709
816 816  4.2532  6.3082 14.7318
840 816  1.7760  3.0121 13.7091
864 816  0.0543  3.2772 12.3838
888 816  0.1537  1.8122 15.1235
912 816  0.2088  1.8941 18.8349
936 816  0.8815  1.0327 17.2865
960 816 -2.1554 -0.9443 15.5429
984 816  0.4781 -0.0447 10.1285
 24 840 -0.0139 -0.0165 12.2136
 48 840 -0.6463 -0.4627 18.1314
 72 840 -1.9123 -3.0638 20.5636
 96 840 -1.3294 -3.8825 20.6299
120 840 -1.7346 -3.7688 21.7826
144 840 -0.2861 -2.6375 17.9603
168 840 -0.3902 -2.4722 15.1964
192 840  0.1157 -2.1727 13.8396
216 840 -0.8883 -6.2355 16.8681
240 840 -1.4279 -6.1025 19.8071
264 840 -1.0179 -3.9775 18.0528
288 840 -0.7315 -6.0252 15.3160
312 840 -0.5062 -7.0206 16.9130
336 840  1.6490 -5.0959 15.4241
360 840  1.5845 -0.9672 15.1728
384 840  1.5091 -1.1301 15.6773
408 840  4.3980 -0.6084 14.0481
432 840  4.5113  1.5886 15.9579
456 840  3.7790  1.9859 17.6560
480 840  5.1388  3.9547 15.5437
504 840  7.7366  1.9823 11.8039
528 840  6.0564  6.8890 17.3300
552 840  6.9629  7.5242 19.8653
576 840  0.4247  2.9815 11.8322
600 840  4.8784  1.9324 16.6261
624 840  4.8780  1.6794 15.3203
648 840  4.0203 -2.9930 13.0414
672 840  0.6363  0.0597 15.5082
696 840  0.2798 -0.9121 17.4006
720 840  1.8038 -2.0419 15.0065
744 840  2.0477 -0.1336 15.9208
768 840  1.4640 -0.1141 13.3898
792 840  4.2424  6.8614 12.4866
816 840  4.1985  6.4762 12.0782
840 840 -0.0344  3.6945  8.0353
864 840  1.0872  7.6971 14.9138
888 840  0.2002  2.8194 16.6424
912 840  0.1362  1.8679 17.0290
936 840  0.9716  1.0097 16.0392
960 840  1.2774  2.0577 15.2549
984 840  0.6680 -0.0074 10.0749
 24 864 -0.0235 -0.0073 12.8387
 48 864 -0.8037  0.0844 19.3944
 72 864 -0.8569 -1.7234 18.7488
 96 864 -1.6004 -2.4674 17.9166
120 864  0.0594 -3.2141 16.7735
144 864  0.5950 -3.8944 18.4457
168 864  0.5989 -3.8870 20.7942
192 864  0.3974 -3.8473 13.4615
216 864  0.2463 -4.2150 12.5650
240 864 -2.0604 -3.6943 16.6134
264 864 -1.7619 -2.4744 16.1314
288 864 -0.6879 -3.7393 16.1924
312 864  0.6917 -5.0509 15.1415
336 864  0.6873 -4.9747 14.3241
360 864  2.2164 -2.7047 10.9072
384 864  6.8196 -1.1329 10.4814
408 864  4.0974 -0.5128 16.6547
432 864  4.5225 -0.0620 17.8135
456 864  2.2647  0.3335 15.5625
480 864  6.7485  3.0028 14.4630
504 864  7.6311  2.0846 12.1416
528 864  4.8304  5.0460 13.2743
552 864  4.5765  4.3657 15.7713
576 864  3.0169  5.8111 16.5689
600 864  4.2394  4.0863 15.2219
624 864  4.9248 -0.3110 14.9592
648 864  4.8495 -0.4671 14.5236
672 864  1.2480  0.4344 13.1237
696 864  1.0661  0.4026 16.9335
720 864  1.8907 -1.6448 15.5366
744 864  4.9409 -6.0143 15.8917
768 864  3.9161 -3.8918 12.1167
792 864  3.0812  1.0139  9.2403
816 864  2.0193  9.5701 15.7066
840 864  1.4236  8.7419 18.2802
864 864  1.0322  6.9291 15.3896
888 864  0.2837  3.0641 15.2693
912 864  0.8199  0.9937 18.3893
936 864  0.3038  2.3844 15.6687
960 864  0.4076  2.7253 17.1195
984 864  1.0952  0.0054 10.4031
 24 888 -0.0334  0.0126 13.2485
 48 888 -1.1289  0.7567 18.6118
 72 888 -1.4748 -0.1464 19.3769
 96 888 -1.5639 -1.9329 15.2309
120 888 -2.5573 -2.1281 14.8592
144 888 -2.0400 -2.8291 14.6482
168 888 -3.6586 -3.0753 14.8165
192 888 -3.9289 -3.1199 14.7000
216 888 -6.4368 -4.1011  7.9063
240 888 -7.9888 -5.0375 16.4145
264 888 33.8343  5.0620  6.9627
288 888  6.3224 -4.0123 10.0872
312 888 -2.1222 -2.9467 10.4505
336 888 -0.1330  0.0971 13.5021
360 888  1.2335  2.9226 10.8451
384 888  7.0906 -0.9518 10.6585
408 888  5.1822  0.8457 11.7542
432 888  1.0099  1.0224 14.6763
456 888  1.0135  0.9901 20.1371
480 888  0.7988  0.7231 14.6878
504 888  3.4874  4.2179 12.5841
528 888  4.3470  4.4840 20.0246
552 888  3.7701  4.7668 22.4690
576 888  2.6076  5.9446 18.4803
600 888  3.1417  5.8029 16.5943
624 888  2.9809  0.2393 15.0188
648 888  3.1248  0.2165 13.9536
672 888  4.9929  4.9098 12.5724
696 888  1.2469  0.8193 16.5580
720 888  3.2456  1.1266 18.9979
744 888  3.9524 -1.9681 14.3242
768 888  4.1623 -1.0640 17.4181
792 888  3.7745  0.1684 13.1518
816 888  2.7497  8.8452 12.9983
840 888  1.3762  8.9192 13.7511
864 888  0.0942  4.7561 11.4911
888 888 -0.7975  1.8036 21.7342
912 888  0.7632  1.7409 20.0070
936 888  0.2983  2.8553 15.7936
960 888  2.7703  3.8092 17.0528
984 888  0.9735  0.0193 10.5806
 24 912 -0.0198  0.0106 12.6980
 48 912 -0.8090  2.0176 17.0578
 72 912 -1.5404  0.1971 14.9620
 96 912 -1.1274 -0.1457 19.2768
120 912 -1.2725 -2.0280 16.2307
144 912 -2.2658 -2.9323 16.6169
168 912 -2.3696 -3.2528 13.1305
192 912 -0.9049 -2.1821 14.4646
216 912 -3.6486 -1.1934  7.3309
240 912 -8.2823 -4.4180 13.4268
264 912  8.7187  1.0404 12.8361
288 912  8.2435  0.1042 15.9510
312 912  5.6574 -2.9306 11.3627
336 912  1.7851  2.2923 10.0413
360 912  1.3565  6.8124  8.4110
384 912  6.2245 -0.6424  9.5700
408 912  5.9401  0.0435 12.0460
432 912  2.0644  3.8666 17.3858
456 912  2.0871  3.8126 16.8771
480 912  2.0201  2.1483 14.9818
504 912  2.8677  3.9757 13.5329
528 912  3.4332  5.0549 17.7827
552 912  3.5059  5.0064 14.8229
576 912  0.9767  7.9227 13.6836
600 912  3.2705  6.9691 14.5925
624 912  4.2016  6.3494 14.0638
648 912  3.1476  1.9712 12.6906
672 912  1.2182  2.9095 12.7757
696 912  2.0269  3.0464 16.9702
720 912  3.6758  0.7924 15.6163
744 912  3.7378  0.9615 17.4075
768 912  3.8951  0.1240 16.6198
792 912  3.8841  0.3867 15.6373
816 912  3.8919  9.7001 14.2142
840 912  3.2676  9.4210 16.5167
864 912  1.8292  3.7916 13.6303
888 912 -0.2771  1.8203 20.2708
912 912  1.7706  2.6425 23.9548
936 912  0.1882  1.0525 16.8771
960 912 -0.0108  2.9393 14.8733
984 912  0.7490  0.0127 10.5959
 24 936 -0.0271 -0.0140 12.8343
 48 936 -1.3629  2.0857 16.5142
 72 936 -2.8517  1.8194 14.0499
 96 936 -1.2130  0.0130 15.8047
120 936 -3.2364  1.8335  8.4529
144 936 -6.8958 -0.8519 11.1464
168 936 -4.8870 -1.2122 12.3558
192 936 -4.7540 -0.9525 17.1301
216 936 -2.9948 -1.0508 15.6204
240 936 -1.2264 -1.6254 12.3239
264 936  8.7883  0.7194 11.6786
288 936  8.8298  0.8230  9.4124
312 936  2.9091 -2.8600 12.0880
336 936  3.0461 -2.8976 13.7790
360 936  2.1734 -4.2287 12.2722
384 936  2.0622 -4.3065 13.0988
408 936  2.0902  0.2803 12.4478
432 936  2.7981  6.7665 12.5127
456 936  3.4675  6.1279 18.2792
480 936  1.9482  3.3964 14.9280
504 936  2.1654  2.8368 14.0556
528 936  2.5751  5.0466 14.3546
552 936  3.0718  7.4624 12.7673
576 936  2.5783 10.9806  9.7922
600 936  7.4507  8.0408  7.6372
624 936  1.5745  5.0035  9.9127
648 936  0.1026  4.6261 14.8422
672 936  1.0016  3.2101 16.4736
696 936  1.1887  2.6426 16.4463
720 936  2.2886  2.6010 14.5279
744 936  3.9054  3.7700 15.1571
768 936  3.1294  3.8828 16.1141
792 936  0.3237  4.0073 19.5730
816 936  1.2714  4.7019 13.0107
840 936  3.0939  9.9101 12.5212
864 936  2.0396  3.8936 15.7711
888 936  1.3329  2.9293 15.2197
912 936  2.2498  3.0097 12.5911
936 936  0.0475  2.1875 14.9178
960 936 -0.5204  2.7801 15.0245
984 936  0.9263 -0.0220 10.7499
 24 960 -0.0194 -0.0189 12.6407
 48 960 -1.3105  2.1518 14.4257
 72 960 -3.4387  2.6851 13.5931
 96 960 -3.3968  3.6227  9.7868
120 960 -7.0617  4.6657 10.2028
144 960 -5.1211  2.9020 14.6935
168 960 -4.8548 -0.7389 11.9511
192 960 -4.8086 -0.8310 17.7581
216 960 -5.1639 -0.3469 16.1929
240 960 -4.8602 -0.3270 14.5347
264 960 -1.6691 -1.9835 19.3860
288 960 -1.1003 -1.8029 16.4344
312 960 -0.5174 -1.6792 16.6388
336 960  1.8650 -2.1153 14.1324
360 960  0.2269 -3.1119 13.6585
384 960  0.1680 -3.1227 15.2998
408 960  1.3196  3.5165 15.6194
432 960  2.4309  6.9282 14.4854
456 960  4.0330  7.5828 19.4944
480 960  3.4692  7.2874 14.3669
504 960  1.9949  4.9556 15.8866
528 960  2.9575  6.8677 15.9269
552 960  2.9436  7.6020 17.5057
576 960  0.1229 13.0109 13.8128
600 960  2.0028 14.1129 13.2714
624 960 -0.4738  5.7066  9.4488
648 960 -0.4116  4.7345 13.3919
672 960 -0.0249  4.4425 15.4492
696 960  0.1483  4.9132 16.6724
720 960  2.8880  3.1587 15.9091
744 960  2.8498  3.0160 15.6418
768 960  1.6954  1.8331 17.9278
792 960  2.2804  3.8406 19.5426
816 960  2.4023  4.5999 12.7904
840 960  5.8940 10.2765 10.4315
864 960  2.6858  1.4611 10.3510
888 960  1.6382  3.3097 11.6178
912 960  1.6725  3.8440 10.8723
936 960  0.8906  4.7515 17.5412
960 960  0.0210  3.8040 16.8387
984 960  0.9045 -0.0074 10.5582
 24 984 -0.0021  0.0038 15.0609
 48 984 -0.0277  0.0012 12.3060
 72 984 -0.0088 -0.0005 12.2576
 96 984  0.0074  0.0026 12.2230
120 984 -0.0086  0.0079 12.2932
144 984 -0.0213  0.0054 12.4038
168 984 -0.0166  0.0051 12.4392
192 984  0.0080  0.0062 12.2332
216 984 -0.0100 -0.0039 11.9222
240 984 -0.0118  0.0070 12.2774
264 984 -0.0212  0.0186 12.6037
288 984 -0.0237  0.0135 12.6281
312 984  0.0215  0.0042 12.5088
336 984  0.0175  0.0066 12.5881
360 984 -0.0214  0.0081 12.5308
384 984 -0.0100  0.0092 12.3008
408 984 -0.0236  0.0017 12.1018
432 984 -0.0076  0.0025 12.2059
456 984  0.0116  0.0064 12.4856
480 984 -0.0021 -0.0007 12.2748
504 984 -0.0002  0.0085 12.3902
528 984  0.0196 -0.0097 12.1319
552 984 -0.0085 -0.0028 11.9589
576 984 -0.0040  0.0127 12.2547
600 984 -0.0163 -0.0093 12.2897
624 984 -0.0522  0.0025 12.5931
648 984 -0.0201  0.0179 12.4812
672 984  0.0098  0.0117 12.3496
696 984 -0.0068  0.0109 12.3984
720 984 -0.0103 -0.0023 12.2201
744 984  0.0247 -0.0005 12.2751
768 984  0.0362  0.0120 12.3135
792 984  0.0067  0.0099 12.3806
816 984  0.0091  0.0154 12.4623
840 984  0.0378  0.0181 12.2761
864 984 -0.0243  0.0113 12.3134
888 984 -0.0100  0.0201 12.4888
912 984  0.0101  0.0222 12.4699
936 984 -0.0309  0.0091 12.3037
960 984 -0.0037  0.0108 12.3448
984 984  0.7153  0.0171 14.0492
