 24  24  0.0139 -1.5969 13.1358
 48  24 -0.0322 -1.5730  9.9832
 72  24 -0.0022 -1.5790 10.2211
 96  24 -0.0451 -1.5882  9.8181
120  24 -0.0243 -1.5987  9.0363
144  24 -0.0115 -1.5632  9.3955
168  24  0.0122 -0.4020  9.7771
192  24 -0.0401 -1.5314  9.7832
216  24 -0.0665 -1.5762 10.0416
240  24 -0.0715 -1.6020 10.7317
264  24 -0.0385 -1.6239 10.6409
288  24  0.0114 -1.5315 10.2294
312  24  0.0147 -1.5257 10.3344
336  24  0.0026 -1.5154  9.9553
360  24  0.0463 -1.0801  9.9830
384  24  0.0418 -0.4671 10.1782
408  24  0.0609 -0.3833 10.4095
432  24 -0.0325 -0.3611  9.9353
456  24 -0.0297 -1.5387  9.8265
480  24 -0.0280 -1.5802 10.2091
504  24 -0.0395 -1.5758 10.1985
528  24  0.0133 -1.5836 10.3628
552  24 -0.0391 -1.5547 10.2132
576  24 -0.0166 -1.5522 10.2257
600  24  0.0187 -1.5249 10.4094
624  24 -0.0459 -1.5251 10.4999
648  24  0.0286 -1.5216 10.0940
672  24  0.0705 -0.5951  9.8394
696  24  0.0088 -1.4938 10.1731
720  24 -0.0025 -1.5326  9.8095
744  24  0.0507 -1.5595  9.3409
768  24  0.0342 -1.6070 10.0822
792  24  0.0485 -1.6045 10.4680
816  24  0.0159 -0.4689 10.0528
840  24 -0.0111 -0.3764  9.7000
864  24  0.0029 -0.4563  9.7976
888  24 -0.0356 -1.5165 10.0982
912  24  0.0088 -1.5789 10.0570
936  24  0.0335 -1.5742 10.1061
960  24  0.0043 -1.5789 10.2132
984  24  3.6288 -1.5857 11.3213
 24  48  0.0147  0.0305 11.9566
 48  48 -9.9310  7.5615 16.1304
 72  48 -2.9355  7.7380 12.1165
 96  48 -3.9113  8.9757 12.5415
120  48 -3.7076  9.4008 12.9532
144  48 -4.7069  8.0573 15.6793
168  48 -3.7761  6.8164 16.3833
192  48 -2.1775  4.6864 15.5938
216  48 -1.8569 -1.3806 17.8225
240  48 -1.9301 -1.6584 20.0262
264  48 -2.9288 -2.6405 24.4154
288  48 -1.3266  0.4048 17.3502
312  48 -0.5904  1.2763 21.6669
336  48 -0.2167  1.4157 19.3812
360  48 -0.2139  1.7773 16.4566
384  48  0.2423  1.9791 16.5382
408  48 -0.8342  1.0773 20.6655
432  48 -0.9960  1.8103 18.6948
456  48 -0.1198  4.8278 15.7959
480  48  0.0754  5.6539 15.9880
504  48 -0.0205  4.2857 15.1439
528  48 -0.0706  4.4285 16.9499
552  48 -1.9218  3.2052 16.9359
576  48 -2.7556  4.0812 15.7931
600  48 -0.9675  3.9090 15.0303
624  48 -0.3180  1.8397 17.3912
648  48  0.0470  1.2076 17.6683
672  48  2.1959  0.6120 12.5054
696  48  3.8676 -0.7296 13.3839
720  48  3.2558  0.0940 13.3437
744  48  7.6399 -1.0096 12.6306
768  48  7.1282 -3.5448 16.5721
792  48  6.1045 -3.9419 11.2913
816  48  1.7745 -0.5953 12.0657
840  48 -4.9885  1.9197 12.1243
864  48 -11.7912  0.2230 12.7419
888  48 -12.2314  0.2917 12.5694
912  48 -15.5684  0.2287 11.3480
936  48 -15.8356 -1.2587 12.4388
960  48 -9.8915 -1.1923 13.8192
984  48  3.6424 -0.0175  8.5183
 24  72  0.0007  0.0227 12.6806
 48  72 -6.8171  6.9092 13.0762
 72  72 -4.8870  5.9680 15.9556
 96  72 -4.2690  6.0027 16.3987
120  72 -5.5899  5.8936 12.2475
144  72 -5.5319  7.9817 19.0588
168  72 -3.8064  6.2053 19.9867
192  72 -3.3584  3.7870 11.6950
216  72 -2.5486 -0.6594 13.2288
240  72 -1.1306 -0.3995 16.5770
264  72 -3.6032 -2.0296 17.6429
288  72 -3.6620 -1.8202 18.4261
312  72  0.2943  1.5766 21.4232
336  72 -0.2069  1.4435 17.4848
360  72 -0.8242  1.1925 16.9993
384  72 -0.5876  1.0118 20.7380
408  72 -1.1342  0.9359 22.2715
432  72 -1.4202  1.3577 22.1526
456  72 -1.6890  2.5720 17.0850
480  72 -0.0646  4.8010 15.0374
504  72  0.1464  5.6481 19.1452
528  72  0.6218  4.6227 16.4854
552  72 -0.8411  4.5763 12.6525
576  72 -0.4461  3.1042 15.3289
600  72 -1.4739  4.7033 12.8706
624  72 -0.6524  2.1402 20.5708
648  72 -0.7021  1.2504 18.5817
672  72  1.0407 -0.7780 12.6120
696  72  4.9583 -0.8975 13.6997
720  72  5.8689 -0.0085 14.5818
744  72  7.2155  0.8400 13.4129
768  72  6.6019 -2.3538 16.7995
792  72  2.7901 -1.2104 10.0895
816  72 -3.8286 -0.0641 13.8837
840  72 -4.2620 -0.1584 12.6101
864  72 -14.3386  1.2568  8.5108
888  72 -16.9263  1.8568 15.4667
912  72 -14.3313 -1.1845  9.8495
936  72 -14.0326 -3.1612 15.9271
960  72 -9.9609 -4.1893 11.1574
984  72  3.6148 -0.0073  8.4219
 24  96 -0.0067  0.0057 12.5226
 48  96 -6.5036  4.0287 14.8110
 72  96 -5.2466  4.6171 17.0633
 96  96 -4.2192  3.7883 17.6715
120  96 -1.2379  1.2268 10.6227
144  96 -7.6905  1.1722 13.3903
168  96 -4.0633  3.8019 10.9311
192  96 -8.0620  0.6360 11.8996
216  96 -4.3552  1.6774 12.2351
240  96 -0.4006  0.4806 18.4772
264  96 -0.3828 -0.7377 14.7775
288  96 -1.6864 -1.7302 17.1708
312  96 -0.3540 -0.6076 15.7123
336  96 -0.1275  0.6760 12.6380
360  96  0.2404  2.5244 17.8672
384  96 -0.0683  1.5104 19.0500
408  96 -0.4240  0.9692 16.8672
432  96 -0.3991  1.3083 20.2558
456  96 -0.1690  2.6433 18.6119
480  96  0.5437  4.2441 18.6438
504  96  1.1813  4.5900 15.6264
528  96  1.1543  4.9865 18.1234
552  96  0.3159  5.4567 15.3226
576  96 -1.8988  2.4139 13.0310
600  96 -1.8510  2.2356 11.0714
624  96 -0.4464  2.1657 15.9466
648  96 -0.3072  1.7544 21.0923
672  96  0.0917  0.1452 16.8329
696  96  3.9572 -0.1262 12.4926
720  96  5.7980  0.8191 11.9236
744  96  6.0631  1.1545 16.2221
768  96  6.1264  1.1688 14.6514
792  96 -1.2363  0.6896 12.8817
816  96 -2.3682 -1.0217 14.1121
840  96 -4.7626 -1.6771 11.3520
864  96 -11.8896 -0.8543  9.9050
888  96 -15.8412  1.0061  9.6083
912  96 -13.6240 -3.2379 12.6461
936  96 -13.2162 -2.9918 12.1155
960  96 -11.0018 -5.5603 11.9309
984  96  3.6886  0.0013  8.9101
 24 120 -0.0199 -0.0290 12.1498
 48 120 -7.7713  2.8991  9.4874
 72 120  0.0496  0.6824  6.6395
 96 120 18.2663 -2.9612  8.8847
120 120 -1.3411  0.9728 11.4583
144 120 -8.2064  1.0530 14.7447
168 120 -8.8863  0.0903 12.0775
192 120 -6.5720 -3.0710 18.5206
216 120 -4.7935 -3.1755 16.6807
240 120 -4.1044  1.0796 14.2471
264 120 -0.8344 -0.1609 14.0963
288 120 -0.4972 -1.1085 17.8336
312 120 -0.7349 -0.9243 15.5267
336 120 -1.3402 -0.9531 12.2320
360 120 -2.0703 -0.1112 15.4556
384 120 -1.0419  3.0330 15.2289
408 120  0.1655  3.5430 16.0672
432 120 -0.2188  2.7560 17.7429
456 120 -0.5302  3.0316 16.5194
480 120  0.1905  4.4035 21.9401
504 120  1.2872  4.1254 14.7320
528 120  1.5263  5.6612 17.5861
552 120  0.7627  5.6447 18.3236
576 120  0.2797  4.9170 14.0940
600 120 -0.1836  3.8282 13.8336
624 120 -1.9004  1.6461 13.3489
648 120 -0.1161  2.0740 14.6185
672 120 -0.8366  1.2868 15.2439
696 120 -0.3818  2.4271 13.5784
720 120  0.4819  1.9562 15.6497
744 120  2.2371  1.5393 16.3781
768 120  2.0639  1.8826 18.4212
792 120 -0.2079  1.9251 15.8244
816 120 -2.1133  2.8446 13.8073
840 120 -8.9102  1.7099  9.4572
864 120 -8.0592 -2.0411 14.4153
888 120 -9.2963 -2.4387 11.3976
912 120 -9.9628 -3.4944 14.1562
936 120 -9.6201 -4.7983 10.8239
960 120 -7.7699 -1.5136 10.6643
984 120  3.6577  0.0358  8.4252
 24 144  0.0133  0.0392 12.2681
 48 144  4.7783 -1.6493 14.7991
 72 144  4.0837 -1.6067 12.4722
 96 144 18.6408 -2.3700 10.9660
120 144  5.1022 -8.0820  9.5259
144 144 -4.0623 -3.8636 13.3707
168 144 -1.4879 -2.1453 13.2040
192 144 -4.0329 -2.9341 13.2009
216 144 -4.9648 -4.7745 13.4564
240 144 -6.0801  2.6888 19.4067
264 144 -7.7828  0.9979 14.9604
288 144 -6.0592 -1.1915 15.8652
312 144 -5.7706 -1.7947 17.4300
336 144 -3.8358 -1.1836 17.9470
360 144 -3.2210  0.9840 16.9960
384 144 -2.9542  1.4286 16.4775
408 144 -1.8332  1.1115 18.9355
432 144 -1.7485  1.2799 19.8782
456 144 -0.3030  4.0923 17.7803
480 144 -0.0519  4.2709 19.3513
504 144  0.6105  4.0258 18.7620
528 144  1.1615  4.2488 15.5220
552 144  1.6537  5.1636 14.4588
576 144  1.8642  4.3484 13.5700
600 144  1.3726  4.8045 15.6898
624 144  0.2628  1.1976 11.6564
648 144  0.1278  1.3645 11.8980
672 144 -0.2694  2.8995 15.4698
696 144 -0.2682  2.7707 15.0766
720 144 -0.5403  1.7784 14.3352
744 144 -0.6917  0.3058 15.3120
768 144 -1.8652  1.9408 16.4516
792 144 -1.7730  2.3916 15.0812
816 144 -2.6883  0.6403 14.7683
840 144 -4.0225 -0.0453 13.8370
864 144 -7.6161 -2.2555 14.6553
888 144 -7.9711 -2.7345 11.7053
912 144 -7.4898 -3.2407 13.3862
936 144 -7.0343 -5.0233 13.9355
960 144 -5.8309 -4.0205 11.4578
984 144  3.6003 -0.0200  8.0933
 24 168  0.0354  0.0225 12.2616
 48 168  9.9578  2.2512 12.3509
 72 168  6.1043 -1.4664 10.8186
 96 168  2.1996 -5.1765 13.8466
120 168 -0.9890 -5.8938 10.3555
144 168 -5.5239 -7.0636 13.5951
168 168 -1.3380 -3.1770 13.8378
192 168 -2.5259 -4.1332 18.2794
216 168 -2.7792 -3.8694 14.2520
240 168  0.7771  0.0572 16.1123
264 168 -0.0817  0.1633 13.7598
288 168 -3.0930 -0.4646 14.5213
312 168 -5.7603 -0.2903 15.9310
336 168 -5.1174 -0.4743 14.2205
360 168 -4.5454 -0.0264 14.7666
384 168 -3.5727  0.6618 14.2754
408 168 -2.5483  0.8743 18.4651
432 168 -2.1092  1.0695 17.4725
456 168 -0.3248  3.6820 16.5755
480 168 -0.0939  3.9530 19.6006
504 168  0.0817  3.3435 17.4690
528 168  0.2003  2.8378 18.5529
552 168  1.9329  4.2702 15.3356
576 168  2.3365  4.1267 12.7823
600 168  1.8231  6.1006 13.5741
624 168  1.0192  5.0241 10.8904
648 168  3.4033  3.1791 11.7798
672 168  2.9266  5.3017 14.9863
696 168  1.0788  2.2111 14.3002
720 168 -1.2660  0.2723 15.9511
744 168 -2.0817  0.0299 17.5658
768 168 -2.5955  0.4900 18.9378
792 168 -6.7465 -2.9666  8.8846
816 168 -5.8220 -2.8599 13.1471
840 168 -3.5337 -0.9448 13.7921
864 168 -4.8772 -0.2504 12.8017
888 168 -7.1932 -0.7270 12.0424
912 168 -7.6685 -2.8876 12.3262
936 168 -4.7525 -5.2376 14.3105
960 168 -4.9532 -5.2251 16.1578
984 168  3.6808 -0.0376  8.5802
 24 192  0.0014  0.1166 11.9397
 48 192  0.0466  2.0910 17.6247
 72 192  2.0662 -5.6983 12.8978
 96 192  2.0273 -4.3917 19.4395
120 192  1.8061 -4.0128 12.0797
144 192 -2.1328 -2.0341 16.1771
168 192 -1.8331 -2.4241 16.8180
192 192 -2.1838 -2.9074 16.4518
216 192 -3.9046 -1.7479 17.5302
240 192 -1.9112 -0.0349 14.7986
264 192  0.4872 -0.1292 14.5847
288 192 -0.0955  0.1645 17.3805
312 192 -0.9844  2.7619 14.0803
336 192 -5.9873  1.9966 13.4045
360 192 -4.6190  0.8766 17.3827
384 192 -4.1254  0.6651 14.9173
408 192 -4.8266 -1.1029 19.3997
432 192 -4.2105 -0.7094 17.6467
456 192 -0.8361 -0.3263 17.9567
480 192 -1.0949  0.0244 18.2774
504 192 -0.2584  1.2091 13.5776
528 192 -0.1917  2.2619 14.9300
552 192  1.2250  4.0302 12.4734
576 192  2.1281  4.1070 11.6033
600 192  3.5415  6.9704 13.7546
624 192  2.3142  6.1730  9.7740
648 192  3.6943  1.1615 12.9412
672 192  3.9019  1.8925 14.5994
696 192  3.1800  2.8170 13.5436
720 192  0.0162  0.4235 12.8775
744 192 -0.2767 -0.0598 15.6684
768 192  0.2538 -0.7949 14.7093
792 192 -1.6480 -3.4844 10.1580
816 192 -5.5403 -3.6478 15.0054
840 192 -4.2036 -2.6786 15.8640
864 192 -4.8851 -0.3312 14.0806
888 192 -3.1589  0.7973 15.6218
912 192 -3.0578  0.0539 12.3333
936 192 -5.4143 -4.9415 11.3420
960 192 -7.5141 -5.4033 12.5633
984 192  3.7042  0.0077  8.6925
 24 216  0.0000  0.1073 12.2555
 48 216 -2.0408  0.2342 15.0929
 72 216 -4.6638 -0.2226 14.8248
 96 216  1.9727 -5.7507 14.3210
120 216 -0.7079 -0.5586 17.8056
144 216 -1.9004 -1.2310 17.8416
168 216 -1.7639 -1.6581 19.4732
192 216 -2.9670 -2.9515 16.7888
216 216 -3.9121 -1.3042 18.7276
240 216 -4.4280 -1.4083 20.2903
264 216 -4.9951 -1.0592 16.0237
288 216 -8.1353  0.1208 15.9716
312 216 -8.1858  0.1771 15.5600
336 216 -4.9047  0.1295 15.5480
360 216 -4.6878  1.3980 20.1196
384 216 -3.1644  1.1035 17.5827
408 216 -4.1033 -1.8003 19.2111
432 216 -5.9459 -0.3269 19.8532
456 216 -1.2564 -0.5398 13.6088
480 216 -0.8235 -0.3489 15.5007
504 216 -0.8393  0.2202 15.8872
528 216 -0.2826  1.1162 14.7242
552 216  0.9375  3.2385 18.7876
576 216  1.8097  2.9281 14.5406
600 216  2.6296  1.1343 11.2892
624 216  3.0778  1.0918 10.0093
648 216  3.8362  1.8347 18.8173
672 216  3.9346  1.6783 17.0802
696 216  3.8176  2.0195 12.2340
720 216  1.6983  1.0866 11.7533
744 216  1.4412 -0.5881 15.1834
768 216  0.8826 -1.1573 18.3935
792 216  0.1594 -1.3039 16.0316
816 216 -1.3755 -2.1038 13.6036
840 216 -3.8522 -3.1493 14.9840
864 216 -2.1821 -1.3116 13.2905
888 216 -2.5576  1.0229 18.7269
912 216 -1.9699 -0.2755 15.6704
936 216 -7.3025 -2.4313 14.3925
960 216 -7.2637 -2.7502 12.1889
984 216  3.6281  0.0039  8.7310
 24 240  0.0084  0.0296 12.4354
 48 240 -4.6308  0.2493 18.1976
 72 240 -4.7005  0.3719 21.7827
 96 240 -9.2921  0.5432  8.5859
120 240 -2.1847 -1.5437 17.4800
144 240 -1.4804 -0.0636 19.2741
168 240 -2.0602 -0.2197 18.8759
192 240 -3.7266 -1.6300 20.6548
216 240 -3.9884 -0.8916 13.8604
240 240 -5.8370  0.0583 15.8523
264 240 -7.0424 -0.3808 14.3574
288 240 -7.7898  0.0732 17.6657
312 240 -7.9811  0.2539 18.7665
336 240 -5.1064  0.0266 12.8135
360 240 -5.8660  1.3887 11.5707
384 240 -6.9607  2.1082 11.5883
408 240 -6.2695 -0.0820 22.8901
432 240 -6.6134 -0.3085 19.5727
456 240 -4.0544 -1.6643 16.0184
480 240 -1.1454 -0.9063 16.6003
504 240 -0.5912 -0.2714 16.6592
528 240 -0.2689  0.4648 18.7210
552 240  1.7644  1.3633 16.3631
576 240  1.8381  1.8525 16.1945
600 240  2.0702  1.4340 13.7449
624 240  2.7383  0.8357 14.4485
648 240  2.7492  1.4413 15.8975
672 240  1.1723  1.0280 11.7300
696 240  1.3311  1.2535 12.2571
720 240  1.0244  1.1826 13.2420
744 240  0.1784 -0.4332 15.5994
768 240  1.3797 -0.9744 19.2849
792 240  1.1468 -1.1403 21.0790
816 240  0.7058 -2.1162 14.0715
840 240 -0.2509 -4.1163 11.3053
864 240 -0.8092 -0.7201 12.1899
888 240 -1.8928  1.1473 18.2187
912 240 -1.2899  1.2935 18.2097
936 240 -6.4918 -1.8888 13.4921
960 240 -4.4908 -0.3393 15.2005
984 240  3.5810  0.0533  8.1857
 24 264 -0.0261  0.0348 12.8821
 48 264 -5.2243  0.0156 19.9732
 72 264 -5.9102  0.0993 23.9025
 96 264 -0.1857 -5.7843 13.7426
120 264 -1.9736 -4.9837 15.5472
144 264 -3.9749 -1.9072 14.6046
168 264 -4.3487 -1.1906 16.8357
192 264 -3.9873 -1.3780 22.5821
216 264 -8.0747  1.1515 18.7165
240 264 -8.8356 -0.9301 16.5015
264 264 -6.8728 -0.9472 15.2089
288 264 -6.6956  0.0684 17.9627
312 264 -7.1276  0.2622 15.6278
336 264 -12.6652  1.6696  8.7546
360 264 -12.9330 -0.2880 15.1580
384 264 -10.3013 -0.0384 20.0997
408 264 -6.2509 -0.2459 17.2858
432 264 -6.3670 -0.6737 17.1749
456 264 -4.4981 -1.8708 14.5225
480 264 -3.0297 -2.9117 14.5029
504 264 -1.4894 -1.7697 14.7199
528 264  0.1239 -0.0622 17.0548
552 264  0.4693  0.0634 17.1283
576 264  0.7143  0.4169 17.7022
600 264  1.7060  1.2274 19.4573
624 264  1.2395  1.5426 18.5460
648 264  0.9921  1.4624 18.8017
672 264  0.7329  1.0649 17.7913
696 264  0.7521  1.1528 17.2965
720 264 -0.0597  0.2889 11.6499
744 264 -0.1089 -0.4958 12.8108
768 264  1.3461 -0.6566 15.9486
792 264  1.4761 -1.0552 16.7034
816 264  0.3039 -2.9613 10.8563
840 264  1.0015 -4.1361 10.6219
864 264 -0.9697 -2.9307 13.8869
888 264 -2.0154  1.2352 16.0717
912 264 -1.6826  2.4240 16.6007
936 264 -1.6706  3.1833 16.1104
960 264 -1.3895  2.7822 14.3330
984 264  3.6525  0.0859  8.3370
 24 288 -0.0366  0.0189 13.0901
 48 288 -2.1767  1.6520 14.1344
 72 288  6.6929 -2.9807 17.1270
 96 288 -0.4714 -5.8127 12.8713
120 288 -1.4066 -6.5064  9.1194
144 288 -0.4994 -1.9342  7.9152
168 288 -1.2219 -1.7318 14.7412
192 288 -7.9029  0.1436 14.6322
216 288 -8.2091  1.0259 17.9718
240 288 -8.9487 -1.1710 15.3754
264 288 -6.5006 -1.1288 16.2876
288 288 -7.1710  0.0619 17.9768
312 288 -7.0494  0.3195 21.0090
336 288 -6.2138  1.7391 10.5646
360 288 -9.0273  0.4397 13.6467
384 288 -8.3678 -0.1003 17.5159
408 288 -5.8744 -0.9774 16.4243
432 288 -5.5705 -1.2329 13.5119
456 288 -0.1250 -2.7192 11.0162
480 288 -1.8745 -3.1492 12.6694
504 288 -1.3259 -3.0938 17.5063
528 288  0.2797 -0.6281 12.8963
552 288  0.1625 -0.1337 17.1800
576 288  0.0402 -0.0559 17.1713
600 288 -0.1379  0.7793 18.5380
624 288  0.0320  1.7348 21.0744
648 288  0.0271  1.1703 16.6823
672 288 -0.3431  1.3488 16.4770
696 288  0.3225  1.4188 15.0308
720 288  0.3118  0.1998 13.2334
744 288  0.1685  1.7121  9.5351
768 288  1.0590 -0.1723 11.5576
792 288  0.7809 -0.3061 11.8336
816 288  0.0686 -2.5902  8.1474
840 288 -3.6236 -1.2255 15.7802
864 288 -2.0367 -1.7152 14.9905
888 288 -3.1870  3.6188 13.6177
912 288 -2.9257  4.8137 16.7997
936 288 -1.7088  4.5822 17.1265
960 288 -1.0594  4.7943 18.9941
984 288  3.7186  0.0123  9.1810
 24 312 -0.0008  0.0417 12.3414
 48 312 -1.8577  1.7804 13.9401
 72 312  6.2488 -2.7671 16.7560
 96 312  2.1781 -0.2042 11.8887
120 312  9.7307 -24.0138 23.6998
144 312  7.2862 -25.2257 19.2813
168 312 -0.1899 -2.0338 15.0053
192 312 -7.8834  0.2018 16.1768
216 312 -8.2373 -0.0128 14.8298
240 312 -7.9083 -1.2156 11.8521
264 312 -8.4670 -1.7542 14.9053
288 312 -8.5935 -0.4259 20.5501
312 312 -7.9271 -0.6183 19.0753
336 312 -6.0459  0.9931 18.2734
360 312 -6.2706  1.0022 14.4525
384 312 -7.3288 -0.1442 12.9029
408 312 -5.0443 -1.0071 12.4912
432 312 -0.9665 -2.0791 11.9685
456 312 -2.2867 -3.7309 13.0974
480 312 -0.2087 -2.5172 15.9926
504 312  0.1705 -2.1830 16.1547
528 312 -0.4507 -0.3069 14.6138
552 312 -1.0924 -0.2629 16.9079
576 312 -0.8006 -0.0170 17.1556
600 312 -0.6744  0.2842 18.6976
624 312 -0.6841  0.0034 18.8492
648 312 -0.7555  0.7379 19.5850
672 312 -0.9212  1.2285 16.1789
696 312 -0.2267  0.9978 17.3637
720 312 -0.8136  0.9015 17.0677
744 312 -0.5089  1.4580 10.7961
768 312  0.2728  2.8997  7.1626
792 312 -0.8893  2.2433  9.4953
816 312 -2.9784  0.3942 10.7348
840 312 -3.7868 -0.5588 17.0067
864 312 -4.9457 -0.2438 16.7130
888 312 -5.0788  1.1212 14.5045
912 312 -1.0458  3.8816 12.5584
936 312 -0.6523  3.6412 16.1677
960 312  1.6181  0.3809 13.1894
984 312  3.6350 -0.1241  8.3913
 24 336  0.0140  0.0502 11.9768
 48 336  4.2637 -3.9638 11.1471
 72 336  4.2059 -6.1360 14.7031
 96 336 -2.7889 15.5180 14.6471
120 336 -10.5790 10.5628 18.7408
144 336 -0.7617 15.8738  8.5966
168 336 -4.1972 -4.2223  9.3601
192 336 -6.9373 -0.0685 13.2452
216 336 -5.5482 -2.7117 12.8153
240 336 -4.1106 -3.4152 15.2489
264 336 -3.8475 -2.9064 13.9026
288 336 -8.5371 -0.8217 19.5052
312 336 -8.1883 -1.1362 18.9053
336 336 -7.2375  0.2467 12.9954
360 336 -6.8378  0.1472 17.9327
384 336 -5.1255 -1.7057 13.5532
408 336 -3.0996 -0.9685 14.8414
432 336 -1.2692 -2.1498 16.0925
456 336 -1.5246 -2.2759 15.8568
480 336 -0.1810 -1.4516 15.6734
504 336 -0.1292 -1.2262 18.0628
528 336 -0.4690 -0.1870 14.4241
552 336 -0.6997 -0.2026 18.5794
576 336 -0.4703  0.4080 16.2205
600 336 -0.2517  0.5679 18.5264
624 336 -0.0505 -0.9428 15.7108
648 336 -0.4035  0.0980 14.7038
672 336 -0.4985  1.1402 16.4810
696 336 -0.7685  0.7825 20.1673
720 336 -1.4001  1.1660 24.6139
744 336 -0.4815  1.6641 14.1660
768 336 -0.3053  3.6820 12.2660
792 336 -1.4211  1.6346 10.9303
816 336 -3.0197  0.4822 16.0554
840 336 -3.8450 -0.0922 21.0149
864 336 -2.3090  0.2247 16.5916
888 336 -2.8050  0.9541 17.0517
912 336 -1.0710  1.0803 17.6192
936 336 -0.6599  1.3029 17.0057
960 336  0.0873  0.2680 14.8678
984 336  0.4064 -0.0433  7.5587
 24 360  0.0039 -0.0008 11.9604
 48 360  6.0769 -6.9384 13.2114
 72 360  4.0446 -5.9175 15.8435
 96 360  2.2846 -3.7917  9.3552
120 360 -17.0720  6.8300  8.8355
144 360  3.5968 -6.0662  9.5196
168 360 -2.9782 -7.0764 16.7289
192 360 -2.6367 -5.1318 14.9585
216 360 -2.4211 -5.4644 15.4983
240 360 -3.7281 -4.1823 17.3029
264 360 -3.1079 -4.0189 15.8840
288 360 -8.3977 -0.5199 16.5247
312 360 -7.9818 -1.1371 16.6726
336 360 -7.3926 -0.8479 14.3131
360 360 -6.4640 -1.3879 18.3663
384 360 -4.6718 -3.0307 14.8563
408 360 -3.1479 -0.6209 15.8521
432 360 -1.4535 -0.9689 15.3413
456 360 -0.5540 -1.2556 17.9265
480 360 -0.3619 -1.1796 19.1781
504 360 -0.3867 -1.0579 18.2392
528 360 -0.5172 -0.3948 18.6057
552 360  0.0627 -0.0390 18.0811
576 360  0.2307  0.3348 16.7588
600 360  0.7493  0.7214 16.7522
624 360  0.1345 -0.2953 18.6760
648 360  0.0760 -0.0387 16.4662
672 360 -0.0313 -0.0757 18.5182
696 360 -0.4186  0.2141 19.4345
720 360 -0.4462  1.1028 17.2618
744 360  0.1221  1.7172 14.0609
768 360  0.1271  0.0010 14.8669
792 360 -0.0271  0.1845 16.9588
816 360 -0.3486  0.8598 16.4833
840 360 -1.7307  0.0143 17.4077
864 360 -1.3367  0.0637 19.4358
888 360 -0.1807  1.5291 17.2778
912 360 -0.1119  2.0541 16.2692
936 360 -0.5607  0.8424 16.6732
960 360 -0.5316  0.1588 17.8483
984 360  3.5611  0.0744  8.2871
 24 384 -0.0198 -0.0223 12.2678
 48 384  1.7411 -3.7915 12.7957
 72 384  3.2346 -5.2185 18.5283
 96 384  2.9539 -5.4194 13.9979
120 384  4.1748 -7.8181 10.7019
144 384  2.1362 -6.2005  9.0611
168 384 -1.1206 -7.7667 14.5751
192 384 -0.3518 -6.9670 17.3130
216 384 -1.1859 -6.6393 16.0881
240 384 -0.2715 -6.2863 15.8493
264 384  1.8635 -5.8363 15.1054
288 384 -6.9467 -1.3771 12.5341
312 384 -12.0400 -1.0853 13.9377
336 384 -11.9371 -0.9009 14.4185
360 384 -5.1977 -2.7848  9.4317
384 384 -6.1436 -1.7946 14.7534
408 384 -4.8518 -0.9454 13.9339
432 384 -3.6027 -0.4691 15.1675
456 384 -1.8369 -1.5305 15.6920
480 384 -1.9218 -1.4645 18.0504
504 384 -1.7840 -1.1711 15.5485
528 384 -1.2954 -1.0023 14.9477
552 384  0.0855 -0.2342 18.3723
576 384  1.8157  0.8794 15.5297
600 384  1.9656  0.7353 16.4730
624 384  1.8035 -0.2284 15.0619
648 384  0.7876 -0.1638 15.0914
672 384  0.4822 -0.1532 17.8542
696 384  0.3062 -0.0468 23.1345
720 384  0.3537  0.1453 13.4703
744 384  2.5049  0.0787 12.4291
768 384  1.1514  0.0666 17.4367
792 384  0.2181 -0.0537 21.6854
816 384 -0.1880  0.4455 17.7929
840 384 -0.6427  0.8797 16.7823
864 384 -0.4825 -0.1787 22.2278
888 384  0.5593  1.1299 17.2316
912 384  0.3553  3.0205 19.8597
936 384 -0.0686  0.9047 15.1997
960 384 -0.8012 -0.0033 16.1857
984 384  3.6483 -0.0562  9.1648
 24 408 -0.0237  0.0069 12.4508
 48 408 -0.0106 -5.9257 12.4875
 72 408  4.0226 -7.2436 12.8711
 96 408  1.3642 -8.4273 11.4573
120 408  0.1530 -9.7527 12.1542
144 408 -0.1235 -6.9219 12.9510
168 408 -0.0597 -6.0670 16.7605
192 408 -1.9925 -6.9795 13.5604
216 408 -4.8318 -7.0424 16.1999
240 408 -4.4693 -6.5639 16.2462
264 408 -4.8781 -4.2706 16.5463
288 408 -12.2561 -3.6946 12.4642
312 408 -13.1141 -2.4298 14.7733
336 408 -13.9175 -2.6620 12.5600
360 408 -10.1415 -5.7689  8.3793
384 408 -6.6958 -1.9638 15.8572
408 408 -3.9871 -2.1278 12.7424
432 408 -4.0687 -2.8681 17.9703
456 408 -2.2321 -1.8527 16.6316
480 408 -2.0352 -1.9181 13.0458
504 408 -0.9104 -2.8339 13.7570
528 408 -0.0480 -1.6212 17.8273
552 408  0.2299 -1.2984 18.0350
576 408  2.9168 -0.0655 17.3824
600 408  2.7999  0.1175 21.7367
624 408  2.2417 -1.5664 16.2875
648 408  1.8752 -1.0096 16.5643
672 408  1.4846 -0.0872 16.4899
696 408  1.1753 -0.0979 19.5354
720 408  1.1391 -0.7352 15.5273
744 408  1.3829 -0.8673 14.6136
768 408  1.9408 -0.0960 16.9809
792 408  0.3350 -0.0483 16.0589
816 408 -0.2200  0.2722 20.2019
840 408  0.1363  0.0097 18.0985
864 408 -0.4409  0.0322 20.3833
888 408 -0.8068  0.0720 17.4310
912 408 -0.0086  1.0967 16.0677
936 408  1.7193  0.4332 16.2903
960 408 -0.2727 -0.0295 16.0357
984 408  3.6742  0.0278  9.1460
 24 432 -0.0287 -0.0125 12.6415
 48 432  4.0169 -7.8367 16.8449
 72 432  3.2885 -8.4588 15.9487
 96 432  0.4614 -9.0387 15.6262
120 432  0.0705 -7.8978 15.4884
144 432 -0.1023 -7.6691 18.6344
168 432 -0.1976 -6.0889 11.3725
192 432 -1.2546 -7.7841 10.5214
216 432 -3.9699 -7.9015 16.3406
240 432 -4.7026 -7.0801 14.6793
264 432 -5.7233 -7.8752 11.8450
288 432 -11.0876 -5.9627 12.3164
312 432 -12.0215 -3.8958 12.4953
336 432 -9.7641 -7.0268 11.7463
360 432 -8.0291 -9.8480 10.2540
384 432 -6.0469 -4.0872  9.0158
408 432 -6.0341 -5.1011 13.5599
432 432 -5.9325 -4.0379 13.3272
456 432 -7.2099 -2.9816 12.3629
480 432 -3.1960 -3.7421 16.6692
504 432 -2.9392 -3.4323 18.0878
528 432 -0.1930 -1.7912 18.8485
552 432  0.7244 -1.4350 19.3590
576 432  1.6906 -0.8089 17.2880
600 432  2.7890 -0.0375 20.6979
624 432  2.1738 -0.8376 17.4533
648 432  2.0856 -1.2097 15.8504
672 432  2.8354 -0.9085 16.1535
696 432  2.4053  0.0681 13.9814
720 432  1.8689 -0.1341 14.3777
744 432  0.8713 -1.6531 19.0930
768 432  0.2010 -3.9539 20.1526
792 432 -0.0903 -1.8626 14.6662
816 432 -1.4564 -1.0607 19.7707
840 432 -1.0486 -0.9303 19.5543
864 432 -0.0517  0.6598 16.6438
888 432 -0.5997  0.2466 14.6394
912 432 -0.1677  0.6625 16.7085
936 432 -0.4691  1.7625 17.4859
960 432 -0.8717  1.8506 17.9854
984 432  3.6799  0.0209  8.8409
 24 456 -0.0311 -0.0676 12.7971
 48 456  6.2141 -6.9154 11.8553
 72 456  3.0707 -9.8231 12.8282
 96 456  0.6263 -7.1690 12.8725
120 456 -0.8061 -6.2985 16.8078
144 456 -0.0936 -7.8214 18.7869
168 456  1.9581 -8.6296 17.1130
192 456  1.7838 -7.8950 13.8946
216 456 -0.9763 -7.7805 14.6217
240 456 -0.1073 -7.3857 11.8391
264 456  1.8709 -8.1385 12.8415
288 456  1.9079 -7.9842 12.1511
312 456 -11.2476 -4.0284  9.8328
336 456 -0.5716 -10.9475  9.0774
360 456 -4.5912 -11.8847 14.6180
384 456 -4.9209 -12.0303 18.7716
408 456 -7.6517 -3.4132 14.5126
432 456 -8.6767 -3.9472 10.7513
456 456 -2.0615 -5.9415 15.5576
480 456 -3.7685 -4.1744 19.6178
504 456 -3.9114 -4.3802 20.7638
528 456 -0.2879 -2.2178 14.4329
552 456  0.0818 -1.2594 19.6824
576 456  0.3072 -0.6679 16.5370
600 456  0.3117 -0.2158 15.4881
624 456  0.0162 -0.0978 20.2393
648 456  1.1447 -1.3575 18.7515
672 456  1.7834 -2.0348 16.8630
696 456  3.7829 -0.0446 14.4439
720 456  3.8580  1.1091 14.8652
744 456  2.0401 -0.0149 14.9024
768 456  0.1982 -3.8240 15.2596
792 456 -3.9022  0.7976 12.6423
816 456 -2.7811 -0.9754 16.0282
840 456 -3.7793 -0.4113 14.8504
864 456 -3.0210  2.8798 17.3892
888 456 -2.8123  3.0654 17.4139
912 456 -2.4857  2.6476 14.7566
936 456 -1.7504  1.9291 19.7093
960 456 -0.4247  0.9546 19.0850
984 456  3.6202  0.0436  8.5979
 24 480 -0.0136 -0.0524 12.5017
 48 480  1.8202 -5.0884  8.6294
 72 480  0.8836 -7.0977 11.7918
 96 480  0.0505 -6.0511 11.6871
120 480 -0.0691 -5.7614 17.7351
144 480  1.8660 -7.3914 14.9874
168 480  2.4816 -8.6524 17.1021
192 480  4.1757 -9.5542 17.9624
216 480  1.3369 -10.1768 11.1416
240 480  2.0184 -10.0182 11.7121
264 480  3.0168 -9.7934 14.7780
288 480  2.7375 -9.4293 16.9139
312 480 -0.6350 -11.9125 13.0166
336 480 -0.9818 -10.0201 17.0931
360 480 -1.4699 -9.6594 15.1248
384 480 -1.9688 -10.0020 13.3641
408 480 -3.7175 -8.3225 10.0698
432 480 -1.8184 -5.7701 16.2417
456 480 -1.6764 -5.7880 18.0177
480 480 -1.0461 -5.5905 17.1346
504 480 -2.8615 -4.7661 14.0723
528 480 -3.9968 -2.5095 15.4226
552 480 -1.7922 -0.7822 19.2274
576 480 -1.5489  0.0598 18.1700
600 480 -0.9375 -0.0173 18.2150
624 480 -0.5475 -0.0117 18.1799
648 480  0.4055 -0.2429 18.8088
672 480  2.0006 -2.1367 18.4368
696 480  3.5144 -0.0746 13.9660
720 480  2.0983  1.3583 12.7913
744 480  0.1747 -0.0204 13.7129
768 480 -3.7942  0.5643 12.8811
792 480 -4.1732  0.0811 18.4113
816 480 -3.5980  0.7514 13.6238
840 480 -3.0710  3.0302 17.2962
864 480 -2.7751  3.4376 14.5773
888 480 -3.0721  3.8391 15.9546
912 480 -2.0736 -0.0180 12.9894
936 480 -2.1356  0.2669 15.6309
960 480 -1.8539  1.8083 17.4087
984 480  3.6078 -0.0205  8.8178
 24 504 -0.0047 -0.0547 11.9280
 48 504  1.6275 -4.3658  9.7283
 72 504  6.0320 -3.2135 13.9916
 96 504  5.4219 -4.6019 10.0440
120 504  1.6631 -7.9314 15.4824
144 504  4.0612 -9.9959 14.4449
168 504  4.1118 -10.5379 12.4753
192 504  4.4886 -8.3447 12.4752
216 504  3.0791 -9.7558 13.7370
240 504  3.6894 -10.1632 15.1118
264 504  2.2826 -11.7942 12.1663
288 504  4.8478 -9.8845 12.4182
312 504  5.4648 -11.7884 13.5649
336 504  1.4493 -9.2371 10.8622
360 504 -1.3535 -10.7293  9.4156
384 504 -3.9226 -8.2164 22.3174
408 504 -3.6957 -7.9292 22.6832
432 504 -2.3335 -6.3367 16.7486
456 504 -1.1937 -6.4142 15.6828
480 504 -1.1782 -5.2277 19.9335
504 504 -1.9153 -4.7076 21.2988
528 504 -2.9698 -2.2376 15.7311
552 504 -4.3418 -0.4603 20.3307
576 504 -3.4488  0.1548 20.1984
600 504 -2.2595 -0.0370 18.2449
624 504 -0.9850 -0.3661 17.1110
648 504  1.5225 -2.0044 14.6366
672 504  1.9793 -3.0156 15.5223
696 504  2.7860  0.1184 12.6196
720 504  3.9052  3.0577 13.2458
744 504  0.9731  1.8990  9.9540
768 504 -2.9489  2.1081 11.5386
792 504 -3.6926  0.1669 17.3214
816 504 -2.7901  2.9268 18.1644
840 504 -2.5649  3.6344 18.4198
864 504 -2.5693  4.8977 20.5424
888 504 -2.0865  4.4593 18.2924
912 504 -2.9081  2.9537 15.5973
936 504 -3.8523  0.9830 16.7420
960 504 -2.0709  1.6725 14.5658
984 504  3.6502 -0.0226  8.9300
 24 528 -0.0274 -0.0484 11.8361
 48 528  0.9871 -8.0392 11.0224
 72 528  6.8511 -2.8873 11.6542
 96 528  4.1949 -1.5156  8.7091
120 528  1.3575 -10.0199 14.7302
144 528  5.0187 -11.4406 15.4350
168 528  4.3824 -10.9494 13.8387
192 528  2.3654 -8.7774 15.5946
216 528  3.2100 -11.1953 16.6383
240 528  2.9351 -11.4879 12.2788
264 528 -0.9992 -12.2978  7.5765
288 528  5.0404 -11.9933 11.9377
312 528  5.1949 -11.6311 14.5986
336 528  4.6618 -11.0364 12.4308
360 528  3.1165 -8.9978 10.8577
384 528 -1.8398 -6.2158 14.3530
408 528 -2.8169 -7.2575 14.7901
432 528 -0.8480 -7.1341 17.6594
456 528 -0.3206 -7.1469 18.2155
480 528 -0.5299 -4.4757 21.1347
504 528 -1.2875 -3.5577 21.2488
528 528 -2.3235 -1.4747 15.8569
552 528 -4.3480 -0.2495 15.7596
576 528 -4.3547 -0.2861 12.3384
600 528 -2.7368 -0.9665 14.7834
624 528 -0.7627 -2.1218 17.7004
648 528  0.4679 -3.3595 16.1775
672 528  1.8981 -2.1323 17.0517
696 528  1.4554 -0.2650 19.5073
720 528  2.9641  2.6672 13.6632
744 528  0.1872  4.6109 14.4810
768 528 -0.1639  4.8664 13.9012
792 528 -2.9632  1.1926 15.1847
816 528 -2.4375  3.0578 18.6291
840 528 -2.1766  3.7058 19.7024
864 528 -2.3460  4.1700 15.2382
888 528 -4.9481  5.7060 11.0550
912 528 -5.1717  3.1208 12.7766
936 528 -3.8459  1.1537 16.4313
960 528 -3.2081  1.1344 17.1282
984 528  3.6410 -0.0144  9.0712
 24 552 -0.0233 -0.0052 12.5111
 48 552 -1.1567 -8.9459 15.7363
 72 552 -1.6521 -10.8563 15.8460
 96 552 -2.0009 -12.0970 13.8333
120 552 -0.2186 -13.0567 13.3799
144 552 -0.2807 -12.5975 13.1285
168 552  4.9242 -6.8623  9.7901
192 552  3.9082 -10.6136 13.4578
216 552  4.0137 -10.7994 14.4453
240 552  3.5737 -11.2088 12.9845
264 552  7.1476 -13.8394 15.5999
288 552  5.9388 -7.8083 14.1860
312 552  5.8227 -7.5336 10.3475
336 552  2.6501 -9.2555 13.3102
360 552  2.1019 -9.0344 17.9590
384 552  0.8850 -6.6951 17.2115
408 552  2.6734 -4.6883 17.8373
432 552  1.9504 -4.7420 15.2160
456 552  0.4667 -5.1976 14.5876
480 552  0.0704 -2.9358 17.8601
504 552 -0.0344 -1.5175 16.9633
528 552  0.2301 -0.8534 18.2658
552 552  0.1729 -0.6345 15.7676
576 552 -3.9749 -0.5741 10.5603
600 552 -1.8041 -1.7594 12.2988
624 552  0.0485 -2.3176 15.8527
648 552  1.0024 -3.2911 16.2828
672 552  1.7061 -1.7461 16.0570
696 552  2.8941  3.0906 15.8406
720 552  2.4181  2.8759 18.3266
744 552  1.0867  3.9059 15.6505
768 552  0.1370  5.0889 15.0264
792 552 -0.1242  2.3380 13.5136
816 552 -2.4876  2.0869 16.5700
840 552 -2.5389  3.8647 17.1477
864 552 -4.3997  6.1989 15.3970
888 552 -5.0229  7.5669 14.2143
912 552 -4.8979  5.1523 11.0722
936 552 -4.1194  1.8802 11.4638
960 552 -1.3178  0.8678 16.2886
984 552  3.6037 -0.0006  8.8689
 24 576 -0.0127  0.0129 12.2117
 48 576 -4.7202 -9.1395 15.1709
 72 576 -2.1915 -8.9891 12.9785
 96 576 -1.8960 -11.8110 11.6215
120 576 -0.4360 -11.7055 13.4710
144 576 -0.8015 -12.8529 15.9837
168 576 -0.8436 -13.1468 12.6909
192 576 -3.9494 -8.2508 12.4902
216 576 -4.0694 -9.9678 12.4722
240 576 -0.9589 -13.9048 11.1036
264 576  2.9832 -8.0116 12.4467
288 576  2.7061 -7.4329 15.1390
312 576  2.5477 -7.7030 16.4920
336 576  0.0780 -9.7546 22.5944
360 576  0.8103 -9.0725 17.7506
384 576  0.0751 -7.8394 22.0249
408 576  2.8520 -5.1485 19.0802
432 576  3.8356 -4.9529 18.3869
456 576  3.0211 -3.1014 12.6988
480 576  1.0151 -0.6130 18.7423
504 576  0.6012 -0.7927 22.8819
528 576  0.8478 -1.1235 20.5453
552 576  0.6965 -0.3203 17.8997
576 576 -0.1414  0.6558 16.0741
600 576 -0.4087 -0.1552 16.0520
624 576 -0.0802 -1.9462 16.2540
648 576  0.7823 -3.7143 18.4426
672 576  1.8246  2.4046 13.1553
696 576  3.0210  3.4903 19.2079
720 576  3.5988  3.9703 23.1237
744 576  3.7888  2.2083 14.3322
768 576  4.1038  6.6725 14.5823
792 576 -0.1789  5.2354 12.0441
816 576 -2.5290  2.2294 16.3291
840 576 -3.7772  3.8913 12.4456
864 576 -4.9242  6.0402 15.9406
888 576 -2.2501  7.1331 14.9077
912 576 -1.6683  7.6222 18.8407
936 576 -0.7614  3.8479 15.1077
960 576  0.7685  0.1570 16.4216
984 576  3.6273  0.0023  8.6950
 24 600 -0.0093  0.0101 11.9758
 48 600 -5.2324 -8.8085 17.7157
 72 600 -2.7103 -9.6205 16.0642
 96 600 -0.2863 -9.9361 19.5786
120 600  0.2164 -10.0042 20.4528
144 600  3.5310 -11.1301  9.9787
168 600  2.3424 -10.9843  7.0411
192 600 -5.1871 -9.5245 11.7711
216 600 -1.1399 -12.0169 13.5816
240 600 -1.2096 -14.0287 21.0642
264 600  1.5671 -8.9077 13.3430
288 600  1.8623 -8.7306 18.9216
312 600  1.9451 -8.5933 14.4867
336 600  1.5712 -9.1257 15.3762
360 600  1.6540 -9.1307 14.6973
384 600  2.4680 -7.0822 16.2532
408 600  4.0080 -6.8576 13.3599
432 600  6.1935 -5.9635 16.6353
456 600  1.8794 -0.2009 16.0205
480 600  0.7145  0.0327 17.4817
504 600  0.4645 -0.1117 21.0439
528 600  0.9972 -1.0448 21.1828
552 600  0.3625  1.1157 20.4215
576 600  0.8912  2.7770 17.4171
600 600 -0.1382  0.7702 20.5614
624 600  0.0786  0.4726 17.4860
648 600  0.0430  0.9734 13.9201
672 600  2.1743  3.7245 15.0536
696 600  3.2593  3.7195 16.2342
720 600  3.0518  3.8875 17.7441
744 600  4.2442  5.9224 15.4430
768 600  5.7212  6.6931 11.7780
792 600  3.0192  4.4765 12.3994
816 600  0.0369  5.7638 12.9918
840 600 -2.2658  6.8038 11.7266
864 600 -5.5866  6.5015 17.5295
888 600 -1.4364  6.8921 14.0588
912 600 -1.8226  6.1271 18.9994
936 600 -1.0884  3.1119 17.9643
960 600 -0.4118  1.7112 20.1848
984 600  3.6624  0.0152  8.8422
 24 624 -0.0223 -0.0430 12.5705
 48 624 -2.2057 -7.0261 13.6643
 72 624 -2.2802 -6.9209  9.3049
 96 624  2.6224 -11.0458  8.6749
120 624  1.9245 -11.7299 10.4013
144 624  1.8405 -11.5344 13.7547
168 624  1.4508 -10.9968 10.9671
192 624 -2.9288 -12.0710 13.7385
216 624 -1.3053 -13.7406 13.8999
240 624 -0.4866 -14.0914 17.1335
264 624  0.0114 -13.3232  9.7153
288 624  1.2713 -9.1780 18.7560
312 624  1.4509 -8.9952 19.0268
336 624  2.1547 -8.8144 19.9605
360 624  2.2224 -8.9144 17.6264
384 624  3.2031 -7.2723 14.7340
408 624  4.9494 -5.3345 13.0292
432 624  2.0738 -0.5933 13.5244
456 624  1.7731  0.1914 18.1372
480 624  0.9271  0.8074 21.9055
504 624  1.2337  0.1440 22.3374
528 624  1.0294  0.8375 18.4342
552 624  1.6262  2.2056 14.6383
576 624  2.5499  3.6357 16.9097
600 624  3.8526  1.2523 14.8782
624 624  2.9947  2.7406 14.0652
648 624  3.2266  2.8496 17.7883
672 624  3.5268  2.8388 18.6299
696 624  3.1343  3.5102 15.6950
720 624  5.8071 -10.7469 11.4102
744 624  5.6582 -11.4228 11.4783
768 624  6.1539  9.5563 10.3002
792 624  4.9200 10.6242  8.7932
816 624 -0.2718  6.7896 15.9641
840 624 -0.7431  7.2164 18.0947
864 624 -1.1655  5.2914 15.6925
888 624 -0.7550  5.2449 15.9371
912 624 -0.3928  5.1075 13.2718
936 624 -0.5794  1.6307 15.2668
960 624 -0.2531  0.7705 15.7354
984 624  3.6442  0.0662  8.5609
 24 648 -0.0226 -0.0114 12.4083
 48 648  4.7380 -7.3088 11.2664
 72 648  5.1865 -7.9017 11.9266
 96 648 -3.7039 -8.6367 12.0782
120 648 -1.0437 -8.5947 11.5602
144 648  0.4059 -10.6399  8.2324
168 648 -7.0304 -12.0108 10.5708
192 648 -3.2252 -12.0469 11.4513
216 648 -4.1388 -14.7738 13.0110
240 648 -3.2613 -14.1911 15.5837
264 648  1.1957 -10.8625 14.8427
288 648  2.0274 -10.1151 20.8324
312 648  1.8594 -8.9560 19.9210
336 648  2.4618 -8.3018 14.6876
360 648  4.0622 -8.8437 12.8820
384 648  3.0245 -7.1155 14.6092
408 648  3.2593 -6.5017 16.3958
432 648  1.8703 -2.9866 14.5056
456 648  1.2997  1.8802 19.1243
480 648  1.5010  1.6564 16.0931
504 648  3.8099 -0.5303 18.6809
528 648  3.5618  0.9169 14.1502
552 648  3.6669  2.7729 16.6901
576 648  3.5031  2.6305 17.9851
600 648  4.1854  2.3877 14.9335
624 648  3.7377  6.8842 16.4796
648 648  4.1468  4.6571 17.8735
672 648  4.1306  2.2975 17.7491
696 648  4.0403  1.9968 12.6870
720 648  6.0435 -10.7519  8.6082
744 648  5.0438 29.2566  6.7459
768 648  9.8930  1.8211 10.7611
792 648 -13.1367 21.8181  6.3913
816 648  0.8375  6.0906  9.0131
840 648  0.0719  6.5056 13.7609
864 648 -0.9207  4.8276 16.2074
888 648 -0.0567  0.1719 27.8375
912 648 -0.1573  0.2800 28.3855
936 648 -0.0292  0.8256 14.9773
960 648  1.9256 -0.4526  7.6243
984 648  3.6508 -0.0339  8.4177
 24 672  0.0102  0.0303 11.6628
 48 672  6.8111 -8.7128 10.1577
 72 672  5.1490 -4.9677 12.4632
 96 672 -3.1945 -9.6282 12.3173
120 672 -3.1491 -9.8293 16.1842
144 672 -3.0342 -7.1957 17.0411
168 672 -7.1311 -8.4395 11.9929
192 672 -7.1103 -18.8500  9.0335
216 672 -3.8340 -15.7759 11.5878
240 672 -4.4789 -14.4701 14.2924
264 672  6.1830 -10.8898  7.6187
288 672  6.1652 -10.3209 14.3637
312 672  6.1250 -9.3833 12.7617
336 672 11.0307 -8.6617  9.4565
360 672 10.1418 -7.0059 13.1233
384 672 10.6457 -7.0246  8.1911
408 672  3.9386 -4.9820 10.7021
432 672  0.3262 -0.3873 13.8997
456 672  2.1368  3.6158 18.1871
480 672  4.5434  2.8460 13.6743
504 672  3.3924  0.8263 12.7774
528 672  3.7649  1.5335 19.3975
552 672  5.1661  2.6605 17.5506
576 672  4.6886  2.9017 18.7468
600 672  3.0706  3.0901 17.5908
624 672  3.5897  4.9138 16.6985
648 672  3.4200  5.1335 15.4714
672 672  4.3028  3.8760 15.2273
696 672  4.5233  3.7522 11.7854
720 672  7.8635  0.2734  9.7446
744 672 13.9798 -5.2068  9.8980
768 672  9.0391  1.5621 10.4691
792 672  6.1102  6.0269  5.8197
816 672  2.7581 11.7619  7.9672
840 672  0.0218  6.0134  9.2624
864 672 -0.3548  4.0858 12.8804
888 672 -0.1405  0.1303 26.3909
912 672 -0.2903  0.3219 22.4746
936 672 -1.2926  0.3464 15.6139
960 672 -7.0511 15.7296  9.3337
984 672  3.5882 -0.0761  8.2484
 24 696  0.0108 -0.0516 11.8853
 48 696  0.8055 -4.9603 15.6693
 72 696  2.5877 -3.9432 14.5602
 96 696 -4.1680 -8.0309  7.7997
120 696 -7.0153 -6.7814 11.6327
144 696 -2.9641 -7.2829 11.0479
168 696  0.1265 -6.9705 10.4515
192 696 -6.5712 -20.0302 12.1370
216 696 -7.0300 -19.9896 13.6067
240 696  2.0549 -13.2600  9.7770
264 696  4.2076 -13.8706 13.6448
288 696  5.7034 -11.6455 14.3947
312 696  8.9836 -9.8546 12.5318
336 696  9.9314 -9.1743 14.5844
360 696 10.2331 -8.8329 13.4889
384 696 11.5250  4.2868  8.9004
408 696 14.8366  4.2974 11.2323
432 696  0.3392  2.4498 11.9610
456 696  2.1880  5.0753 17.6475
480 696  3.0370  5.5001 14.1402
504 696  3.8822  3.3090 15.1017
528 696  3.8700  2.1286 17.4234
552 696  5.1352  3.3185 17.5235
576 696  5.4533  3.3488 19.2686
600 696  3.7291  3.2438 16.4321
624 696  2.0050  7.7092 11.5660
648 696  3.0287  5.0362 14.3998
672 696  4.2391  3.6825 14.5717
696 696  4.7846  3.2735 13.6778
720 696  4.3766  4.7082 12.4667
744 696  3.8496 -4.7092  9.6131
768 696  4.9259  1.1059 10.3862
792 696  5.6997  3.2534 12.0260
816 696  5.7965 -3.2813  8.9753
840 696  3.7913  8.5017 11.1233
864 696  2.5911  7.7179 11.3949
888 696 -0.4404  0.0215 26.4306
912 696 -0.3936 -0.1446 24.5616
936 696 -0.4925 -4.1215 14.5935
960 696 -1.0687 -5.1158 10.8654
984 696  3.5405  0.0200  8.3529
 24 720  0.0134 -0.0696 11.5998
 48 720  0.8372 -4.7642 14.5550
 72 720  1.1073 -4.1392 17.2813
 96 720  0.0988 -0.2472 12.4768
120 720 -3.9996 -4.8546 11.9877
144 720 -2.8525 -6.9741  6.9317
168 720 -3.7970 -21.3480  9.9446
192 720 -3.9707 -21.6991  7.6073
216 720 11.9661 17.9739  9.8305
240 720  4.3382 -13.9164  9.2762
264 720  7.0338 -12.7759 10.6698
288 720  9.2981 -9.9947 11.5418
312 720  9.2997 -12.0701 13.9994
336 720 10.0244 -10.8204  9.5539
360 720  0.1144 -3.9395 11.0053
384 720  0.6532 -7.2561 10.0310
408 720  0.1171 -6.9025  8.5090
432 720  0.2516  5.2859  9.5029
456 720  2.0942  5.0978 19.7172
480 720  2.1062  4.9148 13.9972
504 720  3.6360  3.3849 15.9038
528 720  3.7106  2.8202 15.0486
552 720  5.0505  3.7102 19.8334
576 720  6.8475  4.0325 20.8632
600 720  4.6529  2.6292  8.5769
624 720  3.8076  6.1189 11.4971
648 720  5.0739  4.9821 16.4760
672 720  5.3706  4.9158 14.3404
696 720  5.1224  4.8748 17.3387
720 720  5.0499  5.1293 11.1437
744 720  7.2903  5.0246 11.3904
768 720  5.8573  3.2894 12.7799
792 720  4.4125  1.6397 15.1050
816 720  4.9431 -2.0550  9.2979
840 720  1.9276  6.6837 10.0285
864 720  1.8901  6.8197 15.8972
888 720 -0.2390  3.0712 15.1040
912 720 -0.0839 -1.3019 15.6708
936 720  0.9631 -3.2838 16.6223
960 720  1.0894 -5.4514 17.4173
984 720  3.5471 -0.0193  8.5288
 24 744  0.0277  0.0194 11.5593
 48 744 -0.0585 -5.3257 14.2913
 72 744  1.1858 -3.7460 12.7636
 96 744 -0.2308 -4.7305  9.0191
120 744 -1.8919 -5.9752 13.0880
144 744 -2.3408 -17.2067  8.8526
168 744 -5.1843 -16.4623 15.6082
192 744 -4.8814 -16.1283 14.0249
216 744 -4.1218 -16.0578 10.2267
240 744 -4.0592 -16.7791 10.2944
264 744  1.0000  1.0000  6.9772
288 744  9.2326 -11.8776 10.5547
312 744  9.5809 -11.9408 12.0484
336 744  4.4257 -12.1657  7.8848
360 744 -4.0809 -4.8155 11.6634
384 744 -1.7517 -5.8925  9.1774
408 744  4.5992 -5.7404  8.8262
432 744  3.8219  1.7243  8.3585
456 744  1.0000  1.0000 10.2437
480 744 12.6561  9.3138 12.3654
504 744 13.8143 10.2453 18.1695
528 744  7.7436  5.4239 10.8069
552 744  6.2777  4.7156 20.0916
576 744  6.2093  4.4905 16.8600
600 744  9.1381 12.0796 14.5257
624 744  8.9994 12.4599 17.3803
648 744  6.0355  6.6920 13.2367
672 744  5.7264  5.7585 12.5042
696 744  5.0723  5.0934 12.1191
720 744  5.6957  2.9471 10.6076
744 744  8.1200  7.9982 10.5640
768 744  6.0918  5.5771 13.1012
792 744  5.9746  3.8438 15.2914
816 744  6.1444 -3.3369 14.7003
840 744  4.8145 -3.2200 13.0819
864 744 -0.1479  4.2533 15.6686
888 744  0.0235  3.8073 15.9631
912 744  0.1900 -1.7773 13.8197
936 744  0.8112 -2.9534 16.9100
960 744  4.0707 -10.2392 11.3759
984 744  0.4630  0.0140  7.8917
 24 768  0.0180  0.0070 11.5833
 48 768 -6.8048 -4.8974 14.2638
 72 768 -4.8680 -0.8683 10.9771
 96 768 -3.7844  1.1024 11.9776
120 768 -4.1389 -1.7848  9.4606
144 768 -5.2306 -16.6246  8.0598
168 768 -5.4752 -16.8755 17.0930
192 768 -5.8014 -17.2670 14.6563
216 768 -5.1812 -17.3002 13.6502
240 768 -4.8795 -18.6602 14.9363
264 768  1.6333 -5.8001 10.5593
288 768  2.4112 -3.8419 16.0411
312 768  2.2390 -4.0428 16.7070
336 768  3.0099 -12.9106 18.3190
360 768  2.9606 -12.9934 18.7632
384 768  2.2561 -11.2159 13.5313
408 768  0.4363 -12.0471 13.4334
432 768  1.9174  0.2822 11.8698
456 768 -2.0765 -0.8336 10.0519
480 768  6.8273  5.8089 10.0184
504 768 14.8058 10.1882 15.7941
528 768  5.8294  2.6606 10.4718
552 768  5.5126  5.1557 18.9313
576 768  5.2661  5.0914 19.9735
600 768  8.8762 12.4679 13.6295
624 768  8.7255 12.5021 11.3254
648 768  5.1660  8.0401 12.4937
672 768  3.4787  7.9280 10.7636
696 768  3.1479 11.9881 11.9068
720 768  2.8691  9.0308 13.0675
744 768  3.8412  8.0278 10.4724
768 768  6.1337  6.0863  9.8531
792 768  7.9069  3.6326 13.2386
816 768  5.6162  0.0772 12.9487
840 768  2.0730  2.2485  8.7963
864 768 -0.8105  2.5735 19.0482
888 768 -0.0081  2.7127 15.4581
912 768  1.6147  3.3524 15.4662
936 768  4.1413 -2.8262 13.9319
960 768  4.1705 -9.9450 12.3582
984 768  3.5770  0.0431  7.8004
 24 792 -0.0306 -0.0690 11.6766
 48 792 -6.2805 -4.6438 18.1138
 72 792 -5.9456 -3.0456 13.1128
 96 792 -3.9547  0.2199 17.4355
120 792 -3.1716  0.1336 11.5677
144 792 -9.8626 -8.8930 12.7769
168 792 -9.9046 -13.3256  7.2929
192 792 -9.0492 -14.7116 13.2329
216 792 -9.7929 -16.7083 13.0106
240 792 28.2115  2.7067  6.4064
264 792  3.8726 -11.6864  8.0601
288 792  2.2172 -3.8372 18.1873
312 792  2.2600 -4.0130 18.4989
336 792  2.7473 -12.6265 13.9705
360 792  2.9224 -12.8730 13.3825
384 792  1.1182 -11.9461  9.2022
408 792  1.0000  1.0000  9.4643
432 792 -1.0988 -1.1938 11.2466
456 792  2.1568  2.7020  8.9353
480 792  9.3142  4.2263  9.6404
504 792 14.8805 -3.1430 11.4040
528 792  3.0989  9.7864 12.8613
552 792  0.6699  8.0488 14.1871
576 792  3.9489  4.1825 11.0649
600 792  7.3766  1.1477  8.8785
624 792  7.9943  9.2139 11.2854
648 792  5.6184  8.0140 12.2295
672 792  2.9914 13.4049  9.8672
696 792  2.0753 13.6562 10.1111
720 792  4.1676  8.7621 10.1272
744 792  4.9057  8.2568 11.3960
768 792  6.9605  9.9999 13.7300
792 792  9.7169  5.8320 13.0554
816 792  5.1949 -0.1400 14.2555
840 792  2.1913  2.7666 11.3026
864 792 -0.0607  2.0501 17.3612
888 792  0.1553  0.1707 17.6641
912 792  1.2198  0.2068 16.1909
936 792  4.2782 -2.5892 15.8700
960 792  5.9538 -1.6505 14.1766
984 792  3.7246  0.0183  8.2430
 24 816 -0.0323 -0.0697 12.1615
 48 816 -6.0493 -4.6229 17.3860
 72 816 -6.0471 -3.5705 14.5560
 96 816 -6.9916 -2.0387 10.2145
120 816 -9.7330 -2.2279 11.1585
144 816 -10.6501 -6.9639 13.4328
168 816 -9.2205 -9.2007  8.7199
192 816 -9.8628 -13.0462 12.6433
216 816 -8.9099 -13.9847  9.8266
240 816  3.7221 -11.9495 18.8772
264 816  4.1556 -11.9387 17.0926
288 816  5.9392  5.2525 10.8771
312 816  5.9362  5.0676 12.1620
336 816 -3.9668 -1.0745 13.5324
360 816 -0.1119 -5.2073 11.3133
384 816 -1.9230 -6.3362 17.2557
408 816 -2.0048 -5.8740 12.0690
432 816  8.7194  2.8848 13.2093
456 816  8.0089  4.1112 12.3139
480 816  5.4268  0.0747  9.8368
504 816  6.0627  1.0545 10.6312
528 816 16.0719 -11.6813  6.9501
552 816  0.0230  7.9374 10.7905
576 816  2.9384 -4.8327 16.3907
600 816  4.9913 -3.0594 13.9862
624 816  5.1450 -2.9514 13.3750
648 816  2.8631 -2.9633 10.8768
672 816  2.5853 14.0487 12.5654
696 816  2.1165 13.5883 11.8075
720 816  4.0050  8.3560 12.5651
744 816  4.3148  8.1089 12.7856
768 816  7.1515 11.6071 12.0625
792 816  9.9085  4.8129 13.3876
816 816  9.8407  3.9781 12.9416
840 816  8.0307  4.1592 11.4648
864 816  4.3871  1.0299 14.6090
888 816  3.7982  0.7861 14.9014
912 816  1.6535 -0.2830 16.2625
936 816  3.6233 -0.7272 16.5947
960 816  4.8752 -0.0362 21.2503
984 816  3.6615  0.0332  7.6747
 24 840 -0.0092 -0.0461 12.3604
 48 840 -1.1866 -2.9971 18.4307
 72 840 -2.0914 -4.0884 14.1769
 96 840 -0.9217 -12.8209 10.3122
120 840 -11.8308 -7.9960 12.0847
144 840 -8.0569 -7.4270 15.3243
168 840 -7.0456 -10.0125 13.3641
192 840 -6.2920 -10.7808 16.2061
216 840  1.0000  1.0000  7.0234
240 840  3.8395 -12.2205 12.5491
264 840  3.2773 -12.7041 11.9568
288 840 -0.8294 -12.1179  8.7391
312 840 -1.0950 -12.2962  9.9496
336 840 -3.4494 -0.0695 12.1811
360 840 -0.1017 -1.1664 13.5027
384 840  1.2488 -5.0101 13.1911
408 840  1.6571 -3.7461 10.7866
432 840  1.8981 -11.0623 10.7811
456 840  8.8292  1.9635 13.9165
480 840  6.2464 -4.9484  8.2739
504 840  4.9807  0.7340 19.3460
528 840  4.6341  0.5139 14.5413
552 840  4.4478 -2.9559 13.5899
576 840  1.9081 -6.0684 13.5589
600 840  2.2496 -5.9289  9.7276
624 840  6.5730 -3.8430  8.9811
648 840  9.9193 14.2395 10.2442
672 840  0.8622 13.1788 12.8467
696 840  1.3512 11.1707 12.6413
720 840  2.1691  9.2138 15.4721
744 840  2.9175  9.0778 15.6193
768 840  2.8672  9.1829  8.2970
792 840  8.9526  5.6126 16.0470
816 840  6.1085  3.5946 13.9137
840 840  7.7855  4.0762 13.6966
864 840  6.0207  1.9518 12.7243
888 840  4.7564  1.2087 16.4685
912 840  2.0122  0.0827 21.7422
936 840  3.1823  0.7042 18.1409
960 840  4.5502  0.4032 18.2523
984 840  3.5937 -0.0149  7.9152
 24 864 -0.0107 -0.0413 12.3753
 48 864 -0.7143 -4.7227 18.2315
 72 864 -1.6702 -4.1858 17.4662
 96 864  4.1357 -0.9037 11.2927
120 864 -12.2094 -8.8983 10.4100
144 864  1.0000  1.0000  7.3011
168 864 -6.7374 -8.3503 10.8881
192 864 -6.9930 -8.2974 10.6672
216 864 -7.8354 -5.2097 12.3619
240 864 -5.7568 -6.8407 15.3347
264 864 -4.8408 -7.6808 12.7645
288 864  1.0249 -7.4260 14.9316
312 864  1.2709 -7.7187 12.6315
336 864  0.8947 -0.8511 19.6166
360 864  2.1241 -1.8065 17.2252
384 864  3.7539 -1.8854 19.9446
408 864  3.0957 -4.7869 12.2543
432 864  0.2134 -9.8503 12.1749
456 864  7.6715  5.2859 13.7136
480 864  8.0605  5.3172 14.0772
504 864  0.8221  3.8260 12.1973
528 864  4.9256  0.1184 17.1380
552 864  2.7356 -6.8733 13.4295
576 864  2.1590 -6.5027 12.4371
600 864 -0.2420 16.6671 11.1282
624 864  0.1002 16.8462  8.1246
648 864 -1.2541 -5.2327 11.6617
672 864  4.4974 11.9139 11.5143
696 864  5.7503 12.2825 15.8656
720 864  5.8912 12.0085 13.7010
744 864  5.8804  8.0808 17.6316
768 864  6.2053  7.8613 15.7891
792 864  7.7021  5.5879 20.6422
816 864  6.1451  3.1907 13.0139
840 864  4.1823  1.2071 15.9081
864 864  6.7698  4.8586 16.1916
888 864  4.8289  1.2734 16.0088
912 864  4.2483  0.9576 15.5144
936 864  3.1463  1.0791 19.9030
960 864  5.1388  3.0315 16.9426
984 864  0.4798  0.0210  8.1386
 24 888 -0.0230 -0.0060 12.7472
 48 888 -2.8117 -3.5946 16.8186
 72 888 -2.9951 -4.3573 19.7219
 96 888 -2.4197 -5.0638 14.0293
120 888 -10.6090 -7.9902 10.1644
144 888 -9.9983 -8.3316 12.1575
168 888 -9.3283 -7.6769 11.9622
192 888 -12.1487 -8.7345 11.1529
216 888 -11.0209 -10.2000 11.5502
240 888 -5.9602 -5.8608 13.2599
264 888 -3.2663 -6.7857 11.3366
288 888 -0.5916 -8.0291 16.2070
312 888  0.2728 -7.6670 13.7459
336 888  0.9513 -1.0203 17.7662
360 888  4.0922  1.6124 11.8471
384 888  5.6770  2.9857 18.4485
408 888  4.9334  2.1261 12.3438
432 888  9.7423  9.9653 14.3392
456 888  5.2635  8.3751 16.5089
480 888  6.2759  8.1653 16.3947
504 888  5.6473  8.9089  9.4290
528 888  3.4294  0.0934 13.5888
552 888 -0.1271 -7.1212 19.1455
576 888 -1.8701 -7.1577 13.1251
600 888  0.1208 -16.5498  7.9383
624 888 -3.5685 -0.0534  6.9551
648 888 -1.9320 -3.1388 10.6001
672 888 -0.2316 -0.9786 10.0206
696 888  6.6858 10.6698 13.7027
720 888  7.1683 10.8370 12.5989
744 888  6.2446  8.2562 12.5266
768 888  7.3480  6.9244 10.0735
792 888  6.2475  5.1161 13.8708
816 888  2.9904  2.5448 15.4415
840 888  2.0571  0.3411 22.0749
864 888  1.9620  0.3310 14.1857
888 888  6.0339  2.7502 12.3068
912 888  5.1040  3.0506 13.9358
936 888  4.6924  2.9630 16.4929
960 888  4.7184  3.2521 16.7997
984 888  0.4607 -0.0360  8.0201
 24 912 -0.0249 -0.0090 12.4741
 48 912 -2.5091 -0.3636 17.1066
 72 912 -1.8250 -3.2758 17.7405
 96 912 -4.1360 -4.0757 13.0825
120 912 -4.1711 -4.3077 10.0632
144 912 -9.7804 -8.1765 14.4945
168 912 -9.6226 -7.8645 20.0127
192 912 -9.6426 -7.4789 11.9822
216 912 -6.8160 -7.9244 11.4207
240 912 -6.6781 -5.8254 14.5469
264 912 -4.9746 -4.3626 15.2531
288 912  1.0000  1.0000  8.9440
312 912 -9.6762  0.1854 11.5649
336 912 -6.8895 -2.7746 10.1688
360 912  5.6944  3.7432 16.0091
384 912  4.1566  4.8554 14.3776
408 912  1.0069  3.0356 19.3159
432 912  8.7265 10.8557 13.0546
456 912  5.0085  7.4705 11.8073
480 912  6.1313  7.9991 11.0104
504 912  5.6849 11.0863  9.8507
528 912  0.9874  3.7069 10.1536
552 912 -1.6843 -6.8576 10.7701
576 912 -0.0867 -9.8759  9.0840
600 912 -3.8117  2.5409  9.6501
624 912  0.8865 -31.5375  7.9539
648 912 -5.7416 -32.8052 13.2592
672 912 -5.7799 -33.4508 19.4522
696 912  5.2768  6.8295  7.7885
720 912  6.3405  8.2503 15.2676
744 912  7.3633 11.2267 14.8453
768 912  7.9944 10.8184 16.8939
792 912  6.2097 11.1452 11.6452
816 912  3.0496  2.8060 14.7880
840 912  2.3225  1.5282 19.5270
864 912  2.1318  0.1530 18.4316
888 912  7.3194  0.8501 13.0226
912 912  7.9714  3.8188 13.6471
936 912  4.9872  3.3100 11.9063
960 912  4.2347  2.9858 15.8963
984 912  3.6773  0.0388  8.4547
 24 936 -0.0263 -0.0042 12.2791
 48 936 -2.5998  0.1944 19.3355
 72 936  1.0000  1.0000  9.8624
 96 936 -4.1087 -5.8803 12.6260
120 936 -5.5253 -5.1985 15.5852
144 936 -6.7600 -4.9752 18.6744
168 936 -8.2090 -5.9851 12.4123
192 936 -5.1597 -7.7657 13.5159
216 936 -7.1666 -7.1750 14.9292
240 936 -8.7255 -5.1902 21.0963
264 936 -6.0393 -5.0669 11.8368
288 936 -12.9557 -5.5099 14.8418
312 936 -9.6441 -5.3223 18.1665
336 936 -8.1162 -4.8650 15.7683
360 936  5.7422  3.5860 14.9408
384 936  4.0859  4.1248 11.7985
408 936  1.0207  1.8938 14.3961
432 936 -33.1374  5.0252  6.2070
456 936  5.2973 21.9441  9.9882
480 936 12.0179 -1.1538 14.1397
504 936 -39.6971 -16.1584  9.0497
528 936  6.0057 11.1595  6.4985
552 936 26.6259 -2.7975  7.5490
576 936  1.3820 -8.1408 13.5626
600 936  0.8525 -8.0828 14.6321
624 936 -0.0358 -14.1891 10.4284
648 936  4.3044  7.1381 14.3890
672 936  0.9288  6.4788 18.8727
696 936  0.0586 -7.2589  9.2232
720 936  6.4583  8.0753 16.4042
744 936  7.1515 11.9451 17.4049
768 936  7.2888 12.0629 14.0134
792 936  5.7698 11.3250 11.2140
816 936  5.0170  5.8107 10.4538
840 936  3.9043  2.9868 16.3242
864 936  3.7434  2.3085 14.8017
888 936  5.2382  3.2459 10.4459
912 936  7.6690  3.9180 18.4943
936 936  6.9272  5.6080 12.9680
960 936  4.9803  5.0138 15.2784
984 936  3.6734  0.1719  8.8082
 24 960 -0.0296  0.0034 12.6104
 48 960  1.0000  1.0000  8.6454
 72 960  1.0000  1.0000  8.4039
 96 960 -7.0676 -4.3396 12.2432
120 960 -6.0665 -4.9021 18.2517
144 960 -6.9461 -4.5734 22.0137
168 960 -6.1586 -5.8895 14.1871
192 960 -7.1872 -7.7131 20.1105
216 960 -7.9213 -6.2330 15.5554
240 960 -6.3091 -4.1813 14.3779
264 960 -6.0009 -4.8423  8.0540
288 960 -10.1840 -5.2011 17.4727
312 960 -10.0154 -5.6106 17.8507
336 960 -7.0563 -3.9536 12.5496
360 960  0.0998  0.0449  8.0358
384 960 11.4927 13.6958 10.9228
408 960 10.9005 13.3864 14.1585
432 960  6.7955  6.1401 17.3576
456 960 -4.1879 15.6947 12.0408
480 960 -0.0462 18.8642  9.9252
504 960  7.1339  7.9654 10.3147
528 960  2.2615  0.4798 11.1275
552 960  2.6836 -0.0592  9.9918
576 960 -1.8110 -3.8366 11.7586
600 960 -1.8708 -3.1001 11.9762
624 960 -2.0927 -11.1662 11.0004
648 960 -1.9831  3.8466  7.8929
672 960  0.7821  3.1020  9.3387
696 960 -0.0791 -8.8568  8.6223
720 960  3.9218  6.3210  9.9752
744 960 -12.2118 -36.9779  6.8025
768 960  1.0000  1.0000  7.7380
792 960  6.4671  7.3179  9.8771
816 960 10.2648  7.6761 18.8472
840 960 10.8922  6.0791 18.2555
864 960  3.7932  4.9020 17.8263
888 960  3.6697  4.5134 15.2794
912 960  5.3044  2.0416 15.9048
936 960  5.5802  7.8405 14.8157
960 960  5.7415  6.1328 16.6593
984 960  3.5491  0.1271  8.7798
 24 984 -0.0308  0.0033 15.6620
 48 984 -0.0386 -0.0053 12.5130
 72 984 -0.0020 -0.0125 12.4683
 96 984 -0.0122 -0.0209 12.3100
120 984 -0.0198 -0.0205 12.2669
144 984  0.0387 -0.0072 12.0601
168 984  0.0175 -0.0097 12.0681
192 984 -0.0175 -0.0107 12.2768
216 984 -0.0627 -0.0151 12.2679
240 984 -0.0369 -0.0165 12.2101
264 984  0.0507  0.0050 12.4262
288 984  0.0316 -0.0021 12.4293
312 984  0.0054 -0.0250 12.4052
336 984  0.0101 -0.0079 12.4536
360 984 -0.0122  0.0281 12.4454
384 984 -0.0180  0.0216 12.1685
408 984 -0.0520 -0.0117 11.9920
432 984 -0.0014 -0.0507 11.5523
456 984  0.0421 -0.0602 11.4286
480 984 -0.0087 -0.0388 11.5064
504 984 -0.0507 -0.0195 11.6638
528 984  0.0337 -0.0063 11.6972
552 984  0.0611  0.0082 11.9086
576 984  0.0074 -0.0021 12.4926
600 984 -0.0350 -0.0048 12.5564
624 984 -0.0265  0.0022 12.6297
648 984  0.0195 -0.0219 12.5100
672 984 -0.0079 -0.0330 11.8567
696 984 -0.0232 -0.0127 11.9921
720 984  0.0069  0.0048 12.5251
744 984  0.0460  0.0069 12.5177
768 984 -0.0069  0.0203 12.6961
792 984  0.0078 -0.0261 12.3401
816 984  0.0255 -0.0636 11.3881
840 984 -0.0976 -0.0058 11.9769
864 984  0.0575  0.0060 12.4339
888 984  0.1278  0.0127 12.1976
912 984  0.0069  0.0281 12.7214
936 984 -0.0493  0.0145 11.8401
960 984  0.0676  0.0176 12.2066
984 984  3.6157  0.0016 12.5941
