 24  24  0.0496 -2.6685 12.3649
 48  24  0.0270 -2.7287  9.0590
 72  24 -0.1483 -2.6901  8.8663
 96  24 -0.1003 -2.6620  9.1216
120  24 -0.0126 -0.4430  8.9677
144  24 -0.0052 -2.7189  9.3829
168  24 -0.0126 -2.8592  9.8058
192  24 -0.0032 -2.6740  9.1249
216  24  0.0529 -2.5983  9.0277
240  24  0.0518 -2.6553  9.1640
264  24  0.0229 -2.7451  9.3116
288  24  0.0285 -2.7256  9.0315
312  24  0.0221 -2.7006  8.3914
336  24  0.0386 -2.7027  8.3023
360  24  0.0297 -2.6707  9.0032
384  24 -0.0535 -2.6727  9.0742
408  24 -0.0081 -2.7122  8.6387
432  24 -0.0354 -2.8242  9.6180
456  24 -0.0994 -2.7513  9.2955
480  24 -0.1927 -2.6495  9.2570
504  24 -0.1542 -2.7119  9.3928
528  24 -0.2840 -2.6344  8.3762
552  24 -0.1431 -0.3610  8.5793
576  24 -0.0051 -0.3853  8.9423
600  24 -0.0482 -0.6845  9.0782
624  24 -0.0456 -2.6771  9.3570
648  24 -0.0636 -2.6675  9.2084
672  24  0.0134 -2.6409  9.0319
696  24  0.0131 -2.7521  9.2859
720  24  0.0219 -2.8000  9.7747
744  24  0.0291 -2.6588  9.2778
768  24  0.0370 -0.4895  8.3464
792  24  0.0102 -2.6495  8.3513
816  24  0.0206 -2.6139  8.8221
840  24 -0.0119 -2.6747  9.0272
864  24 -0.0066 -2.6606  9.2261
888  24 -0.0315 -2.6104  9.0624
912  24  0.0122 -2.6574  8.8850
936  24  0.0219 -2.6814  9.3773
960  24  0.0116 -2.6608  9.3955
984  24  0.3926 -2.6778 12.0398
 24  48  0.0065  0.0319 12.7008
 48  48  7.7826  1.8604 11.6042
 72  48  3.9545  0.0491 10.4310
 96  48  0.0885 -1.2998 12.2677
120  48  1.6508 -4.3247 14.7794
144  48  1.3073 -3.9656 12.5257
168  48  2.8421 -2.4123 14.0649
192  48  1.0197 -3.8632 16.4437
216  48  1.9000 -2.9312 15.8803
240  48  5.3928 -3.6963 17.7737
264  48  6.0307 -2.0618 15.0334
288  48  6.8515 -0.8782 14.6636
312  48  6.1216 -0.9959 13.4158
336  48  2.2584  1.7894 13.9673
360  48  2.1146  2.2659 13.0956
384  48  3.9429  3.8202 11.0832
408  48  0.8723 -3.0024 11.4269
432  48 -1.0317 -1.6594 14.0226
456  48 -3.8049  0.3577 15.7392
480  48 -3.7587  0.7038 16.1008
504  48 -2.4623  0.0426 16.7899
528  48 -2.3395  0.3640 13.0222
552  48 -1.6342  1.7095 14.2613
576  48 -4.0287  2.2177 12.9611
600  48 -4.1041  0.2949 13.6092
624  48 -5.8505  0.6288 14.5272
648  48 -5.4356  0.7766 13.8033
672  48 -5.0684  1.3351 11.7463
696  48 -3.1512  3.7173 13.1113
720  48  1.6755 -4.1376 14.7854
744  48  1.0767 -2.3793 17.0400
768  48  3.6929  0.0695 13.1999
792  48  1.0801  1.4862 14.2700
816  48 -1.0626  1.3778 14.0599
840  48  4.4037  1.3217 15.5747
864  48  6.7507  0.4965 13.2383
888  48 -2.1949 -1.2556  8.5587
912  48 -2.0956 -3.9115 14.0318
936  48 -1.3003 -2.9633 17.0073
960  48 -1.6016 -2.8724 16.5036
984  48  1.5406  0.0363 10.1640
 24  72 -0.0170 -0.0567 12.1286
 48  72  4.5439 -0.2185 11.8760
 72  72  5.6460  0.0460 14.6592
 96  72  5.3674 -0.9690 15.7852
120  72  5.7583 -0.9005 15.4456
144  72  2.7446 -3.0918 10.5894
168  72  3.4740 -3.4000 11.7234
192  72  3.5808 -2.9562 13.8490
216  72  4.0813 -2.3101 10.4209
240  72  6.1469 -3.7925 13.3260
264  72  6.0396 -0.6470 14.3169
288  72  6.2470 -0.0710 15.8573
312  72  3.8982 -1.8262 12.8510
336  72  1.9189  1.9328 16.0890
360  72  1.8147  1.9210 20.4729
384  72  0.0277  0.6979 14.3734
408  72 -3.1894 -2.7726 14.8685
432  72 -3.8117 -0.7455 14.1357
456  72 -4.1637  0.4060 14.7893
480  72 -3.7842 -0.1700 14.7021
504  72 -2.6829 -1.6297 15.3153
528  72 -5.0216 -0.1498 12.3230
552  72 -6.9554  2.3105 14.2540
576  72 -6.5696  2.1691 13.3204
600  72 -4.3459  0.3262 13.1897
624  72 -5.1072  0.2113 14.1239
648  72 -4.4897 -0.0908 13.7226
672  72 -3.1851  0.5551 14.3462
696  72  0.2581 -1.8871 14.0066
720  72  1.1993 -3.7479 15.9174
744  72  0.2380 -2.7646 16.8253
768  72 -0.2335 -1.7946 15.7832
792  72 -0.9612 -0.1605 12.6717
816  72 -0.8237  0.2171 17.0447
840  72  0.1518 -0.2626 16.0016
864  72  4.5683  0.8162 11.7698
888  72 -2.6959 -1.9061 18.3264
912  72 -3.1890 -2.3356 22.7859
936  72 -2.0184 -2.8020 15.2314
960  72 -1.8545 -2.9034 15.4038
984  72  1.5290 -0.0115 10.1473
 24  96  0.0166 -0.0723 11.1974
 48  96  2.8450 -0.8479 13.8293
 72  96  3.6678 -0.2335 17.2318
 96  96  5.3236 -0.3110 12.8375
120  96  5.6287 -0.4388 16.1212
144  96  4.2931 -1.4762  9.2717
168  96  4.1085 -2.8518 11.9532
192  96  3.7564 -4.7602 14.7910
216  96  4.8515 -2.5061 16.4254
240  96  5.1464 -2.0901 13.6086
264  96  5.0727  0.3662 16.2297
288  96  6.7844  1.1723 13.4902
312  96  3.8653 -4.1444 13.4959
336  96  1.0173  0.7030 13.2628
360  96  0.3189  0.8011 16.5753
384  96  0.1952  0.6859 14.2315
408  96 -3.1968 -1.0645 13.8390
432  96 -2.8218  0.5475 10.4185
456  96 -3.9150  4.7048 13.9281
480  96 -3.3320 -1.0414 12.9350
504  96 -4.0136 -1.4436 16.2306
528  96 -5.1717  1.9821 11.8650
552  96 -5.2772  1.6041 13.4969
576  96 -3.9233  1.1299 12.8107
600  96 -3.2659  0.3537 14.8109
624  96 -3.5302  0.0304 14.7125
648  96 -1.9768 -0.8503 12.4307
672  96  1.1652 -2.0212 12.6749
696  96  1.9270 -3.2624 13.9822
720  96 -0.0602 -2.2096 15.6596
744  96 -1.0204 -1.4200 14.8627
768  96 -1.0378  3.1384 13.2727
792  96 -0.1950  3.5100 14.2081
816  96 -0.9803 -0.0627 16.6556
840  96 -3.6276  0.1237 18.0127
864  96 -4.0404 -0.1320 18.5036
888  96 -2.2846 -1.1974 15.0268
912  96 -3.5687 -1.6808 20.1687
936  96 -3.7838 -0.9441 17.7674
960  96 -3.7386 -1.2187 13.7961
984  96  1.5290 -0.0922 10.0335
 24 120  0.0660 -0.0051 11.4200
 48 120  2.0207 -1.4061 11.1718
 72 120  0.3450  0.2144 17.7741
 96 120  2.3766  1.0592 13.6902
120 120  4.2423  0.1050 17.2439
144 120  4.5925  0.0637 11.0395
168 120  5.3047  0.0138 12.8868
192 120  6.8125 -0.0851 11.7088
216 120  3.3263 -1.3812 16.1331
240 120  3.8288 -0.4079 17.1328
264 120  4.2292  0.8217 17.3821
288 120  4.3220  0.9603 16.6233
312 120  3.8538 -3.9222 14.9584
336 120  2.0429 -4.9266 14.7911
360 120  0.0952 -2.9566 11.8830
384 120  0.1092 -0.2079 14.0082
408 120 -0.1241 -1.7977 16.0929
432 120 -1.8567  0.7288 12.4541
456 120 -2.1183  4.0692 17.1731
480 120 -1.9386  4.3917 16.1911
504 120 -0.7525 -0.4592 10.5323
528 120 -1.4134  2.8685 11.2908
552 120 -1.1363  3.1829 13.9315
576 120 -2.1529  1.2228 14.0276
600 120 -0.7047  0.0609 12.0933
624 120  1.1323 -0.2982 14.2361
648 120  1.8662 -1.1814 12.9924
672 120  1.1650 -1.3844 13.0976
696 120 -0.1278 -0.4410 17.8218
720 120 -0.2784 -1.1982 16.7658
744 120 -1.1558 -1.4890 15.2846
768 120 -9.8067 33.1262  8.6613
792 120 -6.8172 33.2009  8.8509
816 120 -2.9154  0.1255 16.6709
840 120 -3.8898  0.2016 17.4481
864 120 -4.0809  0.1351 13.4222
888 120 -2.1461 -1.2947 14.7542
912 120 -2.2063 -1.0247 18.4392
936 120 -1.6622 -0.8498 16.4103
960 120 -1.4192 -0.6168 16.0723
984 120  0.4758 -0.0738 10.2233
 24 144  0.0622  0.0090 11.6662
 48 144  0.0169 -0.2976 11.3104
 72 144 -0.8783  0.6238 16.7751
 96 144 -0.7961  0.4656 18.1433
120 144  2.7301 -0.7481 15.9591
144 144  3.0336  0.3350 18.5814
168 144  3.3232  0.1246 15.6759
192 144  6.2558  0.0124 14.3029
216 144  4.8647  0.6706 13.9858
240 144  4.6704  0.7425 18.0474
264 144  3.7181 -0.3457 16.3157
288 144  3.7089 -0.1185 15.5586
312 144  4.2322 -4.3783 14.7928
336 144  3.6727 -5.0754 15.7284
360 144  0.2877 -7.0247 17.3469
384 144 -0.9236 -6.0505 16.4931
408 144 -2.2156 -4.5827 10.9312
432 144 -3.7204 -0.9515 10.8339
456 144 -1.8167  3.9147 15.0011
480 144 -0.7978  2.9322 14.4296
504 144  0.1135 -0.2833 11.3667
528 144 -1.1923  1.2456 13.0853
552 144 -0.3781  3.2008 16.1363
576 144  0.5013  2.0212 13.0896
600 144  2.1879  0.3562 13.2496
624 144  3.0763  0.1270 15.9231
648 144  2.7747 -0.0629 13.8122
672 144  0.1624 -0.2228 15.1664
696 144 -0.1407 -0.6448 17.3773
720 144 -0.2270 -1.3476 14.8395
744 144 -3.7299 -0.1988 11.1424
768 144 -3.7596 -5.8396 15.7492
792 144 -3.8051 -4.0392 11.9456
816 144 -6.2150 -0.1585 15.8813
840 144 -6.5894  0.4814 16.2227
864 144 -3.8797  0.3389 11.5293
888 144 -2.1074 -0.6802 18.1595
912 144 -2.0254 -0.2956 14.5800
936 144 -2.1218 -0.2072 16.4518
960 144 -0.7764 -0.2842 14.3007
984 144  0.4305  0.0092 10.1093
 24 168 -0.0010 -0.0630 12.8679
 48 168  0.9330 -0.7056 17.2882
 72 168  0.2839 -0.8829 17.5546
 96 168  0.0151 -1.7754 15.6672
120 168  1.1165 -3.7380 13.6541
144 168  3.5232 -0.8235 12.7589
168 168  4.2218 -0.7163 17.6533
192 168  5.9363  0.1490 15.9182
216 168  6.0104  0.6163 16.5324
240 168  6.6560  1.5548 17.8900
264 168  4.8797 -1.0629 13.0154
288 168  4.5653 -3.2947 16.1623
312 168  3.9503 -4.5936 14.4611
336 168  4.2467 -6.3311 13.2833
360 168  3.6278 -6.5278 14.3090
384 168 -0.2776 -6.6437 14.3920
408 168 -2.8546 -4.6347 13.4189
432 168 -6.7070 -2.0558 14.2988
456 168 -0.0758  0.7490  9.6764
480 168  0.6856 -0.3788 15.3997
504 168 -3.1394 -0.0139 11.5524
528 168 -4.0307  0.6532 14.9994
552 168 -2.9620  2.6279 12.2076
576 168 -1.5653  2.3830 10.2589
600 168  2.0387  2.0607 11.9951
624 168  4.3061  1.8608 14.4760
648 168  3.7142  1.1738 13.4170
672 168  1.2429  0.2899 13.3342
696 168 -0.7283 -0.3732 15.2996
720 168 -2.0135  0.3473 14.9232
744 168 -2.8476  1.6748 13.5115
768 168 -2.0096  0.6019 10.1234
792 168 -0.2023 -1.0955 12.7702
816 168 -3.6973  0.4313 13.4920
840 168 -4.4355  0.2551 13.8017
864 168 -6.2171 -0.1351 12.1299
888 168 -5.5349 -0.1925 16.9825
912 168 -4.5708 -0.1315 15.3132
936 168 -4.1442  0.0205 16.8904
960 168 -4.2299  0.7616 15.0970
984 168  0.4241  0.0850  9.6787
 24 192 -0.0077  0.0083 12.1679
 48 192  7.3630 -0.8875 12.7046
 72 192  2.0596 -2.1068 14.5193
 96 192  1.5596 -5.1427 10.2269
120 192  3.0358 -9.6707 16.9968
144 192  0.4541 -7.9912 12.2999
168 192  2.1754 -2.4081 16.7448
192 192  1.9040 -2.0443 17.8010
216 192  7.4861  2.1920 14.5701
240 192  7.7202  0.4863 18.4683
264 192  5.9306 -0.2074 10.2738
288 192  5.4369 -1.3548 16.6591
312 192  4.8806 -7.2285 10.3882
336 192  5.6224 -7.4365 14.4516
360 192  5.1715 -6.9843 16.8682
384 192  4.7580  0.0604 12.9077
408 192  3.0067  0.9604 18.3280
432 192  0.1478 -0.9439 12.1547
456 192 -11.9788 -5.3653 15.6114
480 192 -4.3487 -0.0526 10.3696
504 192 -4.7001  0.0378 12.5348
528 192 -4.6860 -0.0696 15.7306
552 192 -3.2402  1.8233 13.1562
576 192 -1.5951  4.3800 11.3442
600 192 -0.1641  4.7612 12.8288
624 192  3.6157  3.8235  9.6124
648 192  2.4424  2.0136 11.9896
672 192  2.2208  1.9247 14.1421
696 192  0.6878  1.7315 15.0102
720 192 -0.4967  2.2050 12.9282
744 192 -1.2366  2.9932 13.1628
768 192 -0.3788  0.1753 10.3647
792 192  0.3582 -1.5101 11.9516
816 192 -3.5050  1.4858 12.2299
840 192 -4.8981  2.9686 15.8887
864 192 -6.9028  0.6388 12.4829
888 192 -6.7980  0.4350 15.3857
912 192 -5.9988  0.1994 14.7463
936 192 -4.4492 -0.0823 14.4263
960 192 -3.5575  0.6651 13.7499
984 192  0.3298  0.0376  9.6669
 24 216  0.0082  0.0908 11.3980
 48 216  7.6285  0.0622 12.8399
 72 216  6.2951 -0.0076 13.2629
 96 216  5.9378 -5.4867 10.2943
120 216  3.4169 -8.7545 13.7412
144 216  3.5275 -6.5442 13.6552
168 216  4.0724 -2.1499 14.8572
192 216  3.5887 -1.8164 15.3810
216 216  7.8007  2.1683 16.9062
240 216  8.8809  0.7400 11.6421
264 216 12.0980 -0.2931 13.9212
288 216 12.3146  0.5495 15.5553
312 216  9.9172 -8.6916 10.5314
336 216  7.3271 -7.3709 11.6673
360 216  6.0583 -6.3329 15.3159
384 216  7.1072  2.7967 15.2323
408 216  4.3105  1.1042 12.1658
432 216  1.2945  0.1743 11.4783
456 216  4.9713 -0.5663 12.1142
480 216  1.6270  0.9588 10.0364
504 216 -0.7599  0.0366 12.3028
528 216 -3.5264  2.0049 13.6607
552 216 -1.8909  3.0440 13.1793
576 216 -3.7662  5.7955 11.0124
600 216 -3.1693  5.7544 13.5826
624 216 -1.6719  3.5777 13.4247
648 216 -0.8719  3.1820 13.9025
672 216  0.9567  1.0002 17.0671
696 216  2.4651  2.6399 13.5325
720 216  0.4334  3.6370 11.8483
744 216  0.1750  4.6656 17.0050
768 216 -0.0740  4.1184  9.0668
792 216 -7.2056 -0.9477 10.4342
816 216 -5.9771  3.2932 10.6799
840 216 -5.0610  4.0791 14.5425
864 216 -8.1455  1.6227  9.2952
888 216 -8.3717  1.0366 13.7377
912 216 -7.2878 -1.6425 11.4021
936 216 -2.0722  0.2055 16.0031
960 216 -2.0414  0.4050 17.1365
984 216  0.4263  0.0283  9.4201
 24 240 -0.0091  0.0527 12.6226
 48 240  2.1573  0.4289 13.1657
 72 240 11.8555 -0.9638  8.4330
 96 240  8.0066 -7.9187 10.5099
120 240  5.9776 -8.8182 12.1285
144 240  4.0474 -6.8169 12.9539
168 240  4.6893 -2.5839 17.1299
192 240  3.6974 -2.4044 20.1048
216 240  8.2637  1.8889 15.1823
240 240  9.0450  0.1052 13.0063
264 240 11.9859 -0.4065 14.4648
288 240 12.2860  0.4194 16.9532
312 240 10.9096 -1.7770 10.2140
336 240  4.3215 -4.8712 12.2644
360 240  3.2782 -2.9275 17.1393
384 240  8.0709  2.4623 15.7292
408 240  7.6416  2.9700 18.3507
432 240  5.4598  0.0138 14.2655
456 240  4.5032 -0.2286 16.1569
480 240  1.9861  2.6910 15.4468
504 240  0.0673  0.1200 14.2470
528 240 -0.8368  1.3651 15.1520
552 240 -2.8869  3.0631 13.9378
576 240 -4.3694  5.6919 18.6337
600 240 -4.0295  4.6047 14.4671
624 240 -2.8427  2.0709 16.2038
648 240 -2.2471  1.1768 17.5212
672 240 -0.2579  0.3104 14.5285
696 240  1.8588  2.6255 11.0218
720 240  0.4261  3.5426 13.0980
744 240  0.0075  4.7271 13.8038
768 240  0.0023  6.0899 16.2907
792 240 -6.1276  0.2359  8.7961
816 240 -11.0883  3.4101 11.2887
840 240 -7.9724  5.7088  9.9495
864 240 -9.6297  6.9414 10.9458
888 240 -6.0792 -0.7959 11.2852
912 240 -5.9980 -3.5639 13.0566
936 240 -4.0332 -0.0663 13.5041
960 240 -2.9223  1.1271 19.1886
984 240  1.6643  0.0153 10.1306
 24 264 -0.0090 -0.0186 12.6740
 48 264  1.1092  0.5114 16.3448
 72 264  0.8602 -6.0240 12.5396
 96 264  3.2412 -7.0762  9.2636
120 264 11.9434 -7.2217 10.7589
144 264 12.1914 -4.8584 12.4051
168 264 11.7648 -2.4218 13.3792
192 264  0.8591 -0.9067 12.5542
216 264 12.1642 -0.6593 15.9440
240 264 10.3939 -0.0983 15.4042
264 264 10.5159 -0.1584 12.6240
288 264  7.8811 -0.3622 14.5849
312 264  3.9418 -4.9669 15.2798
336 264  3.8314 -4.7827 15.0161
360 264  3.9593 -3.9911 16.3267
384 264  5.1276 -0.8292 10.5508
408 264  8.9295  4.5391 11.8236
432 264  6.4810  1.6185 11.2403
456 264  3.9100  0.8928 14.7576
480 264  2.1754  2.1012 11.3161
504 264  0.0948  0.1975 13.0705
528 264 -0.8612  1.0482 17.4910
552 264 -3.0517  2.0631 15.8223
576 264 -5.2412  5.8828 20.3990
600 264 -2.8942  3.2450 12.8423
624 264 -2.1454  1.2229 15.2428
648 264 -1.6285  0.4586 14.8450
672 264 -1.9969 -1.3896 14.9232
696 264 -1.1928 -0.8055 14.7117
720 264  0.0661  0.1957 14.5658
744 264  0.2047  2.4347 15.3665
768 264 -0.1206  8.8302 12.0667
792 264 -3.7514  8.1941 10.3550
816 264 -3.0363  6.1352 11.1488
840 264 -3.9898  7.2989 10.5701
864 264 -0.9590  9.7925  8.6388
888 264 -2.9267  0.2008 14.1658
912 264 -3.8268 -0.8994 12.6805
936 264 -4.1423 -0.6675 13.8335
960 264 -1.9910 -0.2817 16.0566
984 264  1.5778 -0.0112  9.9948
 24 288 -0.0118 -0.0545 12.6445
 48 288 -0.6689 -5.3132 14.1574
 72 288  0.0703 -7.4382 16.2899
 96 288 -0.4139 -7.0997 14.8502
120 288  8.1130 -6.1346  8.2038
144 288 10.2336 -4.1757 13.2035
168 288 10.3406 -2.9264 14.9007
192 288  8.2149 -0.6236 16.1869
216 288  9.9367 -0.2848 19.3057
240 288 10.2742 -0.0787 16.5233
264 288 10.3867 -0.1281 16.5906
288 288 10.2698 -0.2475 18.3471
312 288  6.3212 -2.9361 15.3629
336 288  6.2087 -2.9726 13.5646
360 288  5.8739 -2.3395 14.0035
384 288  4.9941 -1.4180 12.2478
408 288  8.5125  6.3874 10.8552
432 288  9.3834  6.7707 12.9905
456 288  8.7170  1.0591 11.5388
480 288  7.1700 -1.6056 12.7618
504 288  5.0295 -4.9298  9.7704
528 288 -2.2646  0.6298 20.8924
552 288 -2.8410  1.3128 17.3408
576 288 -2.9217  2.3100 11.5790
600 288 -1.3221  0.7593 13.5586
624 288 -1.7486  1.7348 19.6973
648 288 -0.7135  0.1558 14.0637
672 288 -0.8610 -2.1601 16.0848
696 288 -0.9103 -2.3000 17.0481
720 288 -0.8522 -1.2439 13.9369
744 288 -0.3314  0.4295 15.7028
768 288 -1.3341  6.9445  8.3073
792 288 -0.7965 13.0586 11.3912
816 288 -1.5654 15.2795  7.6254
840 288 -0.0513  6.9461 10.4627
864 288  0.8366 10.1311 15.7700
888 288 -0.6435  1.7482 12.3480
912 288  0.0023 -0.1350 17.7651
936 288 -2.4274 -0.5696 14.9228
960 288 -1.6273 -1.3257 17.4356
984 288  0.4245 -0.0950  9.7891
 24 312 -0.0119 -0.0217 12.8278
 48 312 -0.1067 -6.5728 13.3916
 72 312 -0.8203 -7.7175 18.7699
 96 312 -1.5402 -6.8934 22.9935
120 312  2.3189 -2.9621 16.0216
144 312  2.8070 -1.1065 15.0967
168 312  3.5537  0.8774 16.8335
192 312  8.8156  0.0174 14.6413
216 312  9.5272  0.0214 22.5628
240 312  7.9559 -0.1348 14.1481
264 312  6.5378 -0.8277 17.6716
288 312  5.3812 -0.2316 14.1593
312 312  4.4620 -0.2142 13.0835
336 312  3.2633 -2.6967 15.3348
360 312  3.2120 -2.6589 14.8599
384 312  3.6556 -2.7517 14.6132
408 312  4.2817 -0.3438 14.0926
432 312  4.6061 -0.1596 12.6631
456 312  6.0728 -0.6046 10.6452
480 312  6.8755 -4.3203 10.1455
504 312  0.1221  1.5030  8.9893
528 312 -1.8863  0.1646 17.2888
552 312 -2.7732  1.4250 14.9969
576 312 -2.7589  2.1729 14.6135
600 312 -2.9284  2.6898 16.6395
624 312 -1.5984  4.5633 15.0103
648 312 -0.3087  2.1615 13.1005
672 312  0.4584 -0.3081 18.7264
696 312 -0.0150 -0.8304 17.8715
720 312 -1.0169 -1.6426 16.4335
744 312 -1.6215  0.8938 12.2166
768 312 -4.7655  7.1998 12.8953
792 312 -1.9631 12.5934 11.4570
816 312 -1.9741 13.1098 13.1303
840 312  1.8998 10.3545 12.6168
864 312  2.2567 10.2829 15.4156
888 312 -0.9829  6.3067  9.2714
912 312 -11.5802 -4.3167 10.2664
936 312 -10.2106 -3.8060 10.2627
960 312 -6.0102 -0.7508 12.0952
984 312  1.5774  0.0323  9.8931
 24 336 -0.0178 -0.0543 13.0609
 48 336 -0.6337 -6.7188 13.8417
 72 336 -3.9779 -3.9718 13.3603
 96 336 -3.6271 -3.8961 13.5714
120 336  2.3295 -3.0862 17.6230
144 336  2.9365  1.0387 17.1628
168 336  2.9441  2.3208 19.3394
192 336  5.8951  3.9101 12.8772
216 336  9.0264  0.1845 15.4236
240 336  8.3217  0.1335 15.9376
264 336  4.6112 -0.2138 17.0859
288 336  3.8102  0.0241 16.6159
312 336  4.0504  0.1164 15.6404
336 336  3.6424 -1.0101 18.6559
360 336  2.4474 -2.8154 10.9683
384 336  2.4775 -4.7463 13.9964
408 336  3.5806 -1.9439 13.4591
432 336  4.1157 -0.9983 16.0493
456 336  3.9250 -0.9858 12.1684
480 336 -0.8826  0.8519  8.9552
504 336 -0.2260  1.8970 10.6706
528 336 -2.3768 -0.2733 11.0041
552 336 -5.7270  1.2260 11.0583
576 336 -3.1873  1.8423 13.3837
600 336 -3.1052  2.8725 12.9043
624 336 -1.8740  4.3442 16.9760
648 336 -0.1609  3.8557 14.9423
672 336  1.2459  0.7630 15.4816
696 336  0.3673  0.0846 13.9188
720 336 -0.1791 -1.1714 17.9064
744 336 -1.1432 -0.0112 11.9389
768 336 -5.0412  6.6556 11.5061
792 336 -4.2753  8.1869 13.8873
816 336 -2.6994  6.1435 12.6953
840 336  0.6746  7.7543 13.9959
864 336  2.2033 10.0660 20.6444
888 336  0.9353  9.0500 10.7439
912 336 -5.6619  1.9700 10.2300
936 336 -11.7251 -4.0581 10.0006
960 336 -8.3934  1.7288 12.2794
984 336  1.5905  0.0399  9.9990
 24 360 -0.0011 -0.0414 11.0632
 48 360 -3.1791 -2.9375 10.7087
 72 360 -4.8172 -3.3166 17.5455
 96 360 -3.6285 -2.6893 14.3159
120 360  0.2843 -3.2018 17.8663
144 360  1.7770  0.8955 16.8708
168 360  2.7856  2.6070 16.2818
192 360  4.0495  2.7223 13.8556
216 360  5.8169 -0.3717 13.2823
240 360  5.9886 -0.2070 13.3116
264 360  6.0833  0.7900 16.8218
288 360  3.7720  0.2748 15.8329
312 360  4.0672  0.2381 13.9676
336 360  4.1898 -0.9581 14.9774
360 360  3.6861 -3.7278 10.9003
384 360  2.8094 -6.8440 13.7390
408 360  2.2603 -6.8112 11.3134
432 360  1.0750 -0.2931 15.6877
456 360 -1.7861  0.4245 18.6884
480 360 -2.8665  2.3799 17.0848
504 360 -1.1417  5.0016 12.1522
528 360 -4.2157 -0.2368 11.6733
552 360 -7.1451  1.2537 13.4676
576 360 -13.6924  0.2079 11.9465
600 360 -12.1484  0.8353 13.4753
624 360 -10.9114  1.8362 10.3669
648 360  0.1634  0.0952 11.1713
672 360 -2.2678  4.5621 14.3104
696 360 -1.6795  4.1975 12.6090
720 360 -0.2927 -2.5758 15.1857
744 360 -0.8049  0.0540 11.2442
768 360 -2.1311  3.9861 10.6398
792 360  1.1588  0.3536 11.5702
816 360  1.4112  2.9546 18.3658
840 360  0.0335  3.2529 16.3583
864 360  1.1482  7.2497 11.2268
888 360 -2.0338  3.0653 12.5135
912 360 -3.3105  3.2316 15.0537
936 360 -4.3642  2.6092  9.6725
960 360 -11.4826 -7.5117 10.0953
984 360  1.5700 -0.0762  9.8061
 24 384  0.0217 -0.0667  9.6899
 48 384 -1.8064 -0.7862 12.4210
 72 384 -5.1581 -1.5149 13.7250
 96 384 -2.0461 -1.1593 15.1345
120 384  0.2827 -2.1318 16.2274
144 384  1.3306  0.6877 16.7851
168 384  2.2880  1.4810 18.3821
192 384  3.9367  1.1561 14.4374
216 384  5.3011 -0.4741 19.3718
240 384  4.5593 -1.0406 16.0148
264 384  6.9719  0.5540 13.3756
288 384  3.7769  0.2396 14.6715
312 384  3.9419 -0.0635 14.1777
336 384  5.8973 -1.0600 15.1147
360 384  5.0948 -3.5311 12.9445
384 384  4.9599 -5.5320 12.5775
408 384  4.8219 -3.1109  9.0902
432 384  2.2548  1.9144 16.1015
456 384  1.1944  7.0040 10.6978
480 384 -4.1454  1.4584 13.6281
504 384 -2.9994  3.2838 10.4103
528 384 -3.1706  3.3029 11.1838
552 384 -3.0430  3.1116 12.2305
576 384 -13.5262 -0.4234  9.0820
600 384 -11.6816 -0.6049 13.9215
624 384 -9.4318 -0.2424 12.0036
648 384 -5.7700  3.3422  9.5994
672 384 -4.1982  3.9764 13.0209
696 384 -4.0548 -0.4567 12.3566
720 384 -2.8483 -2.1563 12.1608
744 384 -0.8905  5.0364 11.4245
768 384  4.7505  1.6964 14.6502
792 384  4.0086  1.3901 18.3136
816 384  0.1857  0.7221 13.7891
840 384 -0.0883  1.4241 12.7212
864 384  0.6734  3.9509 16.7091
888 384 -1.0375  4.2222 15.7279
912 384 -2.5364  5.2737 12.6791
936 384 -5.2392  4.3155 10.5335
960 384 -5.5849 -5.6330 11.2387
984 384  1.5611  0.0213  9.1308
 24 408 -0.0141 -0.0267 11.6118
 48 408 -3.0321  0.1310 15.7490
 72 408 -3.5149  0.1503 15.1440
 96 408 -0.3821  1.8568 14.5542
120 408 -1.2517  0.4563 16.3760
144 408  0.9260  1.3911 17.6026
168 408  1.2524  0.9333 18.2507
192 408  3.1782  0.2147 17.6683
216 408  4.1336 -1.7862 21.8498
240 408  3.7480 -1.7586 16.5664
264 408  3.0320 -0.4943 17.3901
288 408  3.6549  0.0704 18.7549
312 408  2.8559 -0.7485 18.3098
336 408  4.8137 -1.6386 10.1813
360 408  5.7579 -1.6393 11.4526
384 408  5.9444 -1.6233 15.0195
408 408  1.8468  0.2042 10.2387
432 408  1.9933  1.3344 11.6867
456 408  1.2305  5.8640 12.6124
480 408 -3.4495  0.2101 12.4041
504 408 -4.7499 -0.3138 12.0240
528 408 -1.0286  2.9491 13.4002
552 408 -1.3744  2.8958 12.7163
576 408 -1.3172  2.1324 14.9712
600 408 -5.4248  0.0150 16.0333
624 408 -4.9340  1.1025 15.1568
648 408 -4.5457  1.6881  9.1613
672 408 -5.2981 -0.9487 15.4520
696 408 -5.0391 -1.4325 14.2262
720 408 -5.0386 -2.6979 15.8079
744 408  0.4719  5.6836 13.9607
768 408  4.1441  2.2013 13.2352
792 408  3.8561  1.4579 17.9835
816 408 -3.3031  3.0955 17.6288
840 408 -5.9120 -0.6943 15.4514
864 408 -5.0610 -0.9154 11.0102
888 408 -1.1631  4.2633 12.2157
912 408 -2.5443  7.6524 13.1005
936 408 -2.0852  0.9944 12.0984
960 408 -3.8777 -4.9708 13.8336
984 408  1.6062  0.0173  9.6515
 24 432 -0.0151  0.0838 12.7442
 48 432  2.1097  2.8893 17.3051
 72 432 -0.1958  2.2580 16.2496
 96 432  0.0201  2.3080 15.2132
120 432  0.8959  2.1914 14.6379
144 432  0.5017  2.0640 16.1771
168 432 -1.6288  0.4929 15.4003
192 432 -2.4405 -0.0311 13.3823
216 432 -4.2724 -3.1388 12.5285
240 432  5.0037 -4.7025 11.6597
264 432  3.8899  0.5696 13.0626
288 432  3.5352  0.0753 17.4353
312 432  2.4211 -1.1805 17.9295
336 432  1.4816 -2.0304 15.3483
360 432  4.4269 -1.6530 14.5648
384 432  5.6228 -2.1974 18.9296
408 432  4.0222 -4.2623 10.3482
432 432 12.5740  2.4765  9.6666
456 432 11.1985  0.6841 13.2383
480 432  7.2035 -0.9734 11.2409
504 432  3.9505 -0.3181 13.3864
528 432  0.2140  2.4030 11.8451
552 432 -0.4363  2.3738 11.1152
576 432 -1.0923  2.4647 11.9926
600 432 -4.9254  1.5788 14.0042
624 432 -4.5140  1.3026 13.4095
648 432 -0.0374  1.6052 11.2016
672 432 -0.7670 -1.1534 14.4252
696 432 -5.0346 -1.7807 14.5972
720 432 -5.2409 -2.2698 16.2167
744 432  0.6706  5.7402 15.0860
768 432  1.6306  5.0481 17.2657
792 432  0.0027  2.1498 23.6908
816 432 -0.4835  1.8584 18.4556
840 432 -3.0936  0.7303 13.1024
864 432 -0.4942 -3.7482 16.0847
888 432 -1.2189  5.9211 12.2137
912 432 -0.6874  4.2008 11.9367
936 432 -1.0627  2.9689 12.2788
960 432 -2.4305  0.0878 10.6243
984 432  1.5629 -0.0539  9.7016
 24 456  0.0024  0.0475 12.5270
 48 456  2.8629  3.2219 19.6909
 72 456  2.2329  3.7218 18.5043
 96 456  3.8775  4.2334 15.3663
120 456  3.5862  3.9756 14.6975
144 456  4.7900  4.5193 11.7977
168 456 -1.8488  0.4445  9.8764
192 456 -4.0172 -2.4835 13.3395
216 456 -6.5621 -4.8217 19.5929
240 456 -1.7841  0.6888 15.1876
264 456 -1.9645 -0.2853 18.9945
288 456  0.8982  1.7558 18.5343
312 456  2.7338  1.0058 19.1393
336 456  2.8216 -1.1395 19.7770
360 456  4.1421 -1.2769 14.4344
384 456  9.8293 38.8389 12.3699
408 456  6.2799 -2.4369  8.4219
432 456 11.2009  0.5104 12.1288
456 456 10.8417  0.4446 15.9445
480 456  6.2090 -2.7493  8.8419
504 456 -0.1245  1.7599 11.2073
528 456 -4.5216  3.3240 13.3349
552 456 -5.0058  5.9749 13.6288
576 456 -5.1762  5.2134 11.4348
600 456 -2.7842  2.2717 13.0585
624 456  1.1043  1.3357 13.9021
648 456  2.7911  0.2769 20.1183
672 456  0.2559  0.0417 15.0019
696 456 -0.4618  0.1766 15.7178
720 456  0.7024  3.7222 10.7364
744 456  0.9882  8.8850 16.0139
768 456  0.1248  4.8306 14.4640
792 456  0.7658  3.1761 21.2145
816 456 -0.2433  1.4510 27.6405
840 456 -1.7381  0.8823 16.2511
864 456 -2.1370  2.8623 16.1484
888 456 -1.3550  5.1512 14.5051
912 456 -1.0935  5.1211 14.9615
936 456 -2.0652  4.1992 12.8039
960 456 -3.5263  3.7190 13.8704
984 456  1.5376 -0.0367  9.6222
 24 480 -0.0088 -0.0535 12.4582
 48 480  2.3761  2.9794 13.5349
 72 480  3.7896  2.3178 18.2656
 96 480  5.2314  4.5731 21.9764
120 480  5.5621  4.3491 19.5249
144 480  5.7834  3.9034 18.8252
168 480  6.7264  4.0153 16.6415
192 480  6.0283  1.5448 13.4907
216 480  8.7643  1.7441  9.8014
240 480 -1.1574 -1.0461 13.4408
264 480 -0.7371 -1.0730 16.2679
288 480 -0.2094 -0.5322 12.6507
312 480  4.9908  1.3395 12.8352
336 480  5.5185 -0.0907 16.6235
360 480  5.7164 -19.3781 14.7967
384 480  4.2910 -20.0117 20.0836
408 480  0.2766 -20.1066 15.3062
432 480  0.8438  1.0645 11.1391
456 480  0.0215  2.5845 17.5573
480 480 -1.3243  1.5569 14.4083
504 480 -2.7146  1.0934 14.3974
528 480 -4.4101  1.7859 13.7637
552 480 -5.9995  8.0480 12.0568
576 480 -3.5033  5.1491 11.3590
600 480 -2.9900  2.8373 13.9283
624 480 -0.1810  0.0463 14.2023
648 480  1.0091  0.2427 16.2138
672 480  0.6794  0.2631 16.0630
696 480 -0.1833  0.6522 19.9648
720 480  0.9456 10.1938 12.2745
744 480  1.0668  9.7664 13.7535
768 480  0.4290  5.1417 11.9625
792 480  0.8237  3.4110 16.7084
816 480  0.7285  1.7915 15.3734
840 480 -2.0716  1.1971 20.3590
864 480 -3.1773  2.0995 17.6907
888 480 -2.9766  2.8452 15.2919
912 480 -4.2150  4.1223 12.6605
936 480 -5.3341  4.1910 12.6431
960 480 -3.9676  3.3036 15.0951
984 480  1.5692 -0.0057 10.3037
 24 504 -0.0085 -0.0202 11.7945
 48 504 -0.1167 30.6162  7.3965
 72 504  0.0458  0.3538 25.2547
 96 504 -0.0917  0.2782 16.1997
120 504  4.8173  3.7776 16.5094
144 504  4.6873  2.8709 19.4370
168 504 10.0314 -0.7271 12.3565
192 504 10.0059  0.1773 12.2897
216 504  9.3365  1.0903 14.3641
240 504  8.8094  0.2815 14.4606
264 504  8.7691  0.3333 13.0704
288 504  9.3247  0.2297 12.7571
312 504  9.7419  2.8028 13.1788
336 504  7.2066  1.3157 12.1213
360 504  6.1340  1.0825 16.5259
384 504  9.2377 21.9034 11.0188
408 504  3.5312 22.2853  9.7459
432 504  2.2657  1.9458 10.5453
456 504  0.1659  1.9488 14.4355
480 504 -1.5582  2.7242 17.4213
504 504 -2.2376  0.7387 14.6794
528 504 -3.7726  5.0840 12.9842
552 504 -3.5384  6.8995 11.2848
576 504 -2.5886  5.2233 10.7101
600 504 -2.5501  3.2692 13.0701
624 504 -1.7426 -1.3262 17.4840
648 504  0.3253  0.3724 17.7558
672 504  1.4342  1.6906 16.5713
696 504  0.1833  0.3550 15.2608
720 504  7.0129  1.8803 19.4939
744 504  8.6180  6.2469 17.3147
768 504  7.8845  5.7485 14.6025
792 504  3.8087  0.6611 17.4471
816 504 -0.8761 -0.0080 21.6383
840 504 -1.8240  0.4038 20.0420
864 504 -2.2576  1.1560 18.7485
888 504 -3.8877  1.7825 16.0198
912 504 -4.9003  3.2992 14.6982
936 504 -5.6987  3.5036 16.3617
960 504 -4.1024  3.0754 17.1466
984 504  1.5673  0.0221 10.1717
 24 528  0.0009 -0.0098 11.6915
 48 528  0.0232  1.1180 13.0377
 72 528  0.1831  0.7351 22.4879
 96 528  0.2076  0.2651 22.8513
120 528  4.9573  0.0162 15.4422
144 528  5.9605  0.7094 11.4734
168 528  9.8122 -1.3172 15.1621
192 528  6.3627 -0.3122 14.8745
216 528 10.0908  1.4892 15.4708
240 528  6.0185 -1.6822 14.9945
264 528  6.1582 -2.2810 16.0060
288 528  6.0909 -2.3259 12.2091
312 528  8.8936  2.3338 16.2779
336 528  7.0486  2.9579 16.6279
360 528  6.1245  1.8216 17.2065
384 528  5.4011  0.9849  9.4478
408 528 -11.8461 -1.7899 11.2385
432 528  5.7801  1.9285 14.4788
456 528  3.1239  1.8834 13.9932
480 528  1.9997  3.7926 15.2420
504 528  0.3145  4.5416 11.8754
528 528 -0.9728  4.3910 13.1340
552 528  0.5424  5.6381 13.2382
576 528  1.2732  6.0282 12.8402
600 528  0.9060  5.9082 11.1617
624 528 -3.0745 -4.3343 10.5175
648 528  0.2179  2.4616 16.6357
672 528  0.9161  2.3615 17.7574
696 528  0.3054  1.0327 13.7724
720 528  5.6260  0.3562 14.3556
744 528  7.8825  3.7750 14.9912
768 528  8.7174  3.9090 10.6571
792 528  5.3501 -0.9188 17.5155
816 528 -0.0970 -0.2653 13.5480
840 528 -0.7672 -0.0829 20.6360
864 528 -2.1988  0.9136 19.6313
888 528 -5.6127  0.2414 15.4435
912 528 -6.0301  1.1272 13.5395
936 528 -5.6006  3.2257 17.0490
960 528 -5.9517  3.9510 15.0503
984 528  1.6533 -0.0035 10.5164
 24 552 -0.0131 -0.0486 12.5758
 48 552  3.2894  2.0371 13.0735
 72 552  2.2651  1.5711 19.4743
 96 552  2.0749  0.7288 18.2984
120 552  4.1508  0.7207 20.8934
144 552  4.5910 -1.6181 17.5137
168 552  5.3106 -1.2932 22.6469
192 552  4.7532 -0.7425 17.1131
216 552  5.9606  0.6702 11.0132
240 552  9.8188  0.3155 10.1265
264 552  5.7515 -2.7145 10.6461
288 552  6.0248 -2.3466  9.2033
312 552  8.8027  2.4571 15.1457
336 552  6.2744  2.3450 15.5057
360 552  4.4992  0.7987 16.4420
384 552  3.4925  0.3005 18.9166
408 552  6.3412  1.9216 13.3180
432 552  7.5895  2.9301 17.5869
456 552  6.2875  2.9347 13.9067
480 552  2.0812  3.6328 14.7127
504 552  2.7806  7.1840 17.4321
528 552  1.9541  6.2924 13.3549
552 552  1.2927  6.1082 14.3341
576 552  2.8070  6.2192 14.0085
600 552  2.9423  6.4627 12.1013
624 552 -3.8274 -7.1760  8.5469
648 552  0.0128  1.9757 13.6619
672 552 -0.9585  1.5471 14.3221
696 552 -2.4825 -0.0116 13.4274
720 552 -1.7483 -2.4855 12.6905
744 552  1.8725 -1.5688 14.3089
768 552  2.7568 -2.1052 13.6590
792 552  2.7870 -3.7688 10.7592
816 552 -0.6204 -1.1548  9.7888
840 552 -0.1867  0.5339 11.8227
864 552 -8.1787 -4.0895 12.5163
888 552 -6.8972 -0.5152 16.8083
912 552 -8.1841 -0.5762 17.4140
936 552 -6.1870  1.4842 15.0969
960 552 -4.9808 -0.3926 12.8301
984 552  1.5893  0.0276 10.1726
 24 576  0.0171  0.0062 12.2208
 48 576  1.9397 -6.8014  6.2504
 72 576  4.0576  3.1198 16.5667
 96 576  4.0705  1.6697 11.9385
120 576  4.3478  0.9110 15.7934
144 576  5.8091  0.6756 14.7381
168 576  4.2696 -1.2321 17.7800
192 576  4.0548 -0.1385 19.3676
216 576  4.0513 -0.4231 15.0101
240 576  4.1765 -3.3386 11.4211
264 576 13.9509  0.4792  9.1142
288 576  8.0152  1.0295 11.6920
312 576  6.9280  0.7908 14.2015
336 576  6.0003  2.3214 15.7272
360 576  4.1865  0.8104 18.2207
384 576  3.3848  0.2813 25.0260
408 576  5.8193  1.9527 14.7730
432 576  7.0484  3.2424 15.6891
456 576  7.0180  3.8031 13.6554
480 576  5.0585  5.8005 11.8865
504 576  3.9957  8.1606 11.6906
528 576  3.8074  9.4530 14.3767
552 576  0.8858  6.7430 11.7858
576 576  2.5795  5.6701 11.7931
600 576 -0.8260  8.2165 10.5879
624 576  0.4382 -1.7267 10.8351
648 576 -0.4623 -0.6862 13.2579
672 576 -3.5743  1.6708 14.0736
696 576 -3.5953  1.1796 14.8065
720 576 -6.1051 -8.9878  9.2216
744 576 -6.6765 -9.1552  9.9636
768 576  1.1930 -2.0942  8.8107
792 576 -3.1822 -2.2050  9.2996
816 576 -4.2185 -1.8635 12.2237
840 576 -6.4147 -4.1590 13.2797
864 576 -7.5515 -4.4564 13.2918
888 576 -8.2084 -0.1160 15.4917
912 576 -7.6833 -0.3510 15.1907
936 576 -5.6952 -1.5901 14.2989
960 576 -4.1430 -3.5589 17.8077
984 576  0.3195  0.0696  9.6170
 24 600  0.0544 -0.0763 10.9601
 48 600  2.0675 -5.9991 13.0379
 72 600 11.8393  7.7435 16.0889
 96 600  9.6608  4.6536 12.7434
120 600  7.8321  2.0906 12.6830
144 600  4.9053  0.2632 13.2843
168 600  4.0937  1.5299 14.4682
192 600  3.8334  1.5551 17.6672
216 600  1.6526 -0.3476 13.8112
240 600  1.9533 -1.2576 17.0052
264 600  3.7006 -1.6426 18.3356
288 600  6.0472 -0.0882 11.8235
312 600  6.0604  1.8287 12.8897
336 600  5.9510  2.1846 17.8602
360 600  4.4622  1.6792 15.5623
384 600  3.8012  1.6826 14.3321
408 600  4.1524  3.0725 15.9346
432 600  5.0551  2.9937 12.9411
456 600  6.4807  4.1139 11.2308
480 600  5.2849  6.1663 11.9586
504 600  4.0958  7.5274 10.1760
528 600  2.3018 10.3774 18.5764
552 600  0.2023  8.6954 13.5497
576 600 -0.8778  7.7880 13.2157
600 600 -1.5714  8.2635 18.9981
624 600  1.3885 -2.7002 16.2136
648 600  1.3842 -2.7865 17.0478
672 600 -1.4449 -1.8685 10.2251
696 600  0.4356 -0.8737 15.3732
720 600 -0.7814 -4.3505 14.6438
744 600 -6.4303 -8.6805  9.5301
768 600 -8.0297 -4.8323 10.3174
792 600 -5.9390 -4.9945  8.0153
816 600 -1.9534 -7.7756  8.8291
840 600 -5.2366  0.3838  8.7887
864 600 -5.4698  1.3227 10.4923
888 600 -7.9167  0.6971 17.7594
912 600 -7.8975  0.0002 17.7959
936 600 -5.8830 -1.0743 13.5738
960 600 -5.7834 -3.7374 14.0776
984 600  0.3583 -0.0194  9.2855
 24 624  0.0121 -0.0931 11.4146
 48 624  2.8262 -3.9455 18.6803
 72 624  9.4660  4.5274 13.2085
 96 624  8.7548  4.3031 11.7076
120 624  9.7328  2.0470 14.0756
144 624  8.9330  1.2777 15.4513
168 624  5.7130  1.3867 13.6131
192 624  3.8453  2.1045 19.1441
216 624  1.2290 -0.0100 13.9299
240 624  1.5678 -0.4036 16.3873
264 624  4.1621 -0.8932 13.6151
288 624  7.9499  2.5442 10.7266
312 624  9.1060  5.1696 11.8019
336 624  6.1854  1.9960 12.5139
360 624  4.7117  1.8735 13.8953
384 624  5.1204  3.3061 11.9793
408 624  6.0226  3.8185 13.3609
432 624  6.2787  2.6767 11.1362
456 624  5.2336  3.9745 13.3028
480 624  3.9827  2.8572 11.2153
504 624  7.9734 -32.4589  5.6073
528 624  0.1371 11.0819  8.5473
552 624 -0.7425 11.3271 16.4490
576 624 -0.8463 11.3744 17.0604
600 624 -0.6405 11.3445 13.4134
624 624  1.2775 -1.9987 11.8996
648 624 -2.8894  3.7939 12.9851
672 624 -2.2971 -2.6118 11.8573
696 624  0.0450 -1.7064 14.7204
720 624  0.1683 -2.2724 14.6398
744 624 -8.0536 -7.3207 10.6673
768 624 -13.1059 -0.8345 12.3997
792 624 -15.6427 -9.9685  9.8752
816 624 -10.5966 -7.8818  9.2166
840 624 -7.8596  1.9612 11.4858
864 624 -6.6980  1.6734 12.6447
888 624 -5.3799 -0.2914 13.4786
912 624 -5.9718 -1.0046 14.5412
936 624 -5.5568 -1.9910 12.7546
960 624 -6.0899 -2.1038 13.4508
984 624  1.6167 -0.0098  9.0773
 24 648 -0.0018 -0.0339 12.3836
 48 648  1.8659 -0.9468 17.9134
 72 648  8.6565  4.2547 14.6441
 96 648 11.8725  4.8624 13.0771
120 648 10.9861  3.8634 13.3334
144 648  9.7306  1.4673 14.6083
168 648  9.7316  3.1025 14.3390
192 648  5.6914  3.6618 11.8566
216 648  4.3707  4.4378 15.2310
240 648  4.9537  4.5309 14.8574
264 648  6.1313  3.3008 14.1360
288 648  7.0142  4.0254 12.8334
312 648  9.3748  5.7901 12.9833
336 648  7.5342  3.7918 11.1564
360 648  6.1951  2.1844 14.6261
384 648  6.0089  3.0259 14.9078
408 648  6.8675  4.3673 15.4339
432 648  6.4722  5.6951 11.3642
456 648  5.3804  6.7329 13.6893
480 648  1.8059  3.3278 11.1774
504 648  2.6498 14.4081  8.2478
528 648  2.2626 15.8849 13.3289
552 648 -0.1900 14.3820 14.2271
576 648 -0.2691 12.5208 15.6581
600 648  0.4370  8.2549 12.5980
624 648  0.0447  5.9718 15.9327
648 648 -3.0222  3.8697 21.2860
672 648 -2.3219  2.7113 10.0007
696 648  0.8543  0.1163 12.1124
720 648  1.6085 -0.5179 12.7385
744 648 -6.0722  0.2826  9.4915
768 648 -10.1970  0.1775  8.3292
792 648 -14.0028 -10.5725  7.2286
816 648 13.9125 -5.1019  6.8381
840 648 -11.0404  1.1243 12.3551
864 648 -5.9345  0.3557 12.0078
888 648 -3.4454 -1.1610 15.6260
912 648 -4.9209 -0.8449 14.0475
936 648 -6.8845 -1.6271 12.9620
960 648 -6.4597 -2.5550 14.5752
984 648  1.6645  0.0774 10.0813
 24 672 -0.0097 -0.0056 12.5586
 48 672  2.3661 -0.9584 15.8801
 72 672  5.0698  1.9348 13.5305
 96 672 13.0005  5.1594 16.0332
120 672 13.1801  4.7038 14.6603
144 672 11.1115  2.9952 12.0978
168 672  7.3152  2.5687 11.2382
192 672  4.4367  3.9038 13.7927
216 672  4.0470  4.7774 17.4418
240 672  4.7705  5.1331 18.1646
264 672  6.2044  4.3001 17.7471
288 672  7.0400  4.0062 15.9488
312 672  8.5905  5.8978 12.9094
336 672  7.9319  6.2935 10.7460
360 672  5.8789  3.1784 12.3387
384 672  5.4388  3.2038 15.7529
408 672  5.5887  4.5238 17.0642
432 672  5.8679  6.0259 15.2873
456 672  4.8102  6.9116 10.9785
480 672  2.8715  6.6826 11.8806
504 672  0.5415  5.0147 11.5189
528 672  0.2440  5.8851  9.9697
552 672  1.4047 13.0978 11.2321
576 672  0.7797 13.0438 11.7312
600 672  0.9278  6.0164 10.9410
624 672 -0.2372  3.5618 14.2005
648 672 -0.0942  3.1950 15.0011
672 672  6.9761  1.8804 11.9665
696 672  2.2303 -1.0162 12.7894
720 672  1.0873  0.3552 12.1023
744 672 -3.9033  1.8603 10.5514
768 672 -6.1611  0.4591  9.4375
792 672 -10.9500 -10.8225 10.3975
816 672  7.4559 -2.8420  8.8553
840 672 -14.8174  0.7621  9.4179
864 672 -2.0428 -5.3789 12.9765
888 672 -2.5889 -1.7151 13.7183
912 672 -0.5011 -0.5662 13.0915
936 672 -3.9508  0.1233 16.8257
960 672 -4.8125 -0.7712 16.0332
984 672  1.6010 -0.0604  9.3955
 24 696 -0.0265 -0.0433 12.6552
 48 696 -0.0251 -1.9442 11.1504
 72 696  2.4564  0.9177 12.9630
 96 696 14.4252  1.0106  8.9044
120 696 14.3675  1.6912 13.3122
144 696 14.1925  2.1554 12.5232
168 696  3.9161  4.3254 14.4730
192 696  3.7469  4.4839 16.8569
216 696  3.8001  4.9221 15.5263
240 696  4.6767  4.8904 17.9055
264 696  5.8996  4.1664 15.5073
288 696  7.5221  4.4984 14.7164
312 696  8.0039  5.6409  9.5374
336 696 11.0356  5.2585  7.8690
360 696 13.6830  6.0275 11.6368
384 696  5.9339  3.2398 10.1791
408 696  6.4405  4.2517 11.7325
432 696  5.7530  4.4004 11.4432
456 696  2.2433  7.7571 10.2621
480 696 -0.1581  7.9326 12.6703
504 696  0.6107  5.0512 13.0969
528 696  1.1715  5.2535 17.8483
552 696  0.3357  7.0950  8.6526
576 696 -4.2982 14.2954 11.3488
600 696 -1.7754 -1.3432 13.3096
624 696 -0.2330  0.7229 13.8854
648 696  0.3561  2.8344 16.4896
672 696  6.0209 -0.5555 11.7470
696 696  5.6778 -0.8447 12.2788
720 696  1.3859  0.1696 16.0197
744 696 -1.9562  0.4191 12.7510
768 696 -4.0216  0.0452  9.7909
792 696 -7.7600 -9.9572  7.3433
816 696  2.0140 -2.8053 10.0270
840 696  1.3380 -2.7314  7.8061
864 696 -0.3221 -6.5251 16.3836
888 696 -1.5351 -2.1348 12.9729
912 696 -0.6706 -1.1642 12.7812
936 696 -4.4205 -0.7069 14.9153
960 696 -4.5393 -1.3056 16.4050
984 696  1.5778 -0.0052  9.8245
 24 720 -0.0137 -0.0287 12.5161
 48 720 -3.0688 -5.1136 11.3855
 72 720  3.0656  0.6909 12.9750
 96 720  2.7785  1.1692 15.7923
120 720  2.0441  4.2123  9.1406
144 720  2.3520  5.0295 16.5708
168 720  3.0035  4.9555 15.3575
192 720  2.8856  4.7853 13.8438
216 720  1.9480  5.1245 13.3341
240 720  1.0666  4.3968 13.2507
264 720  3.8872  3.0142 11.1266
288 720  7.8037  3.7370 13.7384
312 720 10.0434  5.8930 10.2716
336 720 11.4238  3.6145  8.3904
360 720 14.2972  5.3812 14.7754
384 720 12.8931  6.0123  9.3287
408 720 10.3379  6.1698 18.7869
432 720  9.5853  5.9632 10.7853
456 720 -0.5374  8.2686 16.0490
480 720 -1.6599  7.9839 13.7342
504 720  0.2967  4.5528  8.1387
528 720  1.0883  3.6663 10.1653
552 720 -4.7502 12.2009 10.6030
576 720 -2.0984  3.7445 14.0960
600 720 -1.9446 -2.1246 15.5109
624 720 -1.9140 -2.5892 15.9730
648 720  0.9719  0.9752 14.2986
672 720  1.9039 -0.4245 17.4980
696 720  3.0965 -3.3389 15.8707
720 720  2.1512 -1.5036 14.8472
744 720  0.8211 -1.9313 16.3113
768 720 -0.0012 -1.7248 16.0214
792 720 -1.6976 -8.8324 12.5965
816 720  0.0078 -9.5190 12.6891
840 720  0.6265 -7.0944 11.4184
864 720 -1.2929 -5.3326 11.8952
888 720 -1.2725 -4.0559 11.7144
912 720 -2.0483 -1.0615 10.0934
936 720 -4.9167 -1.1474 15.7080
960 720 -5.1517 -1.8413 20.2846
984 720  1.5774  0.0804 10.3051
 24 744  0.0154 -0.0364 12.1808
 48 744 -3.2898 -4.5846 12.4765
 72 744 -2.2010 -3.1438 12.8344
 96 744  3.9290  2.2386 12.3776
120 744  0.4800  4.6105 16.3587
144 744  3.2542  8.1910 19.1723
168 744  3.5287  8.5471 15.8851
192 744  1.7298  6.1007 11.0373
216 744 -1.8314  5.2498 10.9548
240 744 -0.1505  2.2213 14.2292
264 744 11.8660  4.2153 12.1214
288 744  7.5708  2.0598 11.7746
312 744  8.1051  2.7729 12.7483
336 744 11.2072  2.8616 17.1247
360 744 13.8556  3.2775 11.1938
384 744  5.7399  1.9368  9.3127
408 744 10.9445  5.2849 15.9013
432 744  8.1113  5.3623  9.2742
456 744  2.0280 10.0723  9.3163
480 744 -2.0408  6.4884 10.4717
504 744 -5.8909 -4.7724  9.9657
528 744 -6.0850 -4.7692 11.2963
552 744 -3.6207  3.7233 11.5309
576 744 -1.0533  2.3665 16.8941
600 744 -1.0532 -0.0285 11.6902
624 744  1.6785 -3.1591 12.5793
648 744  0.2368 -1.3420 14.3217
672 744  3.5575 -4.1325 19.0442
696 744  2.8005 -3.9699 17.1796
720 744  0.0876 -5.7930 12.9432
744 744  0.6807 -3.6975 13.9647
768 744  0.3069 -1.7889 12.4021
792 744 -0.3934 -7.9292 11.4210
816 744 -0.2381 -9.8037 12.9504
840 744 -7.1227 -2.3628  9.2841
864 744 -4.4556 -4.8701 11.4043
888 744 -7.6417 -1.9638 12.1062
912 744 -6.1050  0.3332 12.4316
936 744 -5.3290 -0.3489 12.3775
960 744 -6.2061 -3.6820 10.7947
984 744  1.6560 -0.0218 10.5226
 24 768  0.0123 -0.0054 12.0083
 48 768  1.1145 -0.4732 11.6356
 72 768 -1.2994 -3.7897  8.9401
 96 768  0.8781  4.5396 16.6540
120 768  0.8977  5.0484 18.4731
144 768  3.0223  9.1383 20.5799
168 768  3.1239  9.2425 20.9506
192 768  2.6126  9.8399 14.0092
216 768 -1.7803  5.9422 11.0096
240 768  0.5868  1.9678 10.5604
264 768  0.8293 -2.3887 13.2791
288 768  0.7666 -2.0488 12.0736
312 768  0.5921 -0.0867 14.4588
336 768 10.9374  3.0012 11.4228
360 768  5.9446  1.8697  8.9298
384 768  9.2547 -0.0243  9.1207
408 768  9.9047  2.1225 15.0601
432 768  9.0602  2.8615 10.6861
456 768  5.0430  5.3120 10.3881
480 768  2.7332  2.8127 11.6514
504 768  0.1915 -0.4984 13.2683
528 768 -2.5627 -1.2282 13.7337
552 768 -3.7754 -0.0413 15.4828
576 768 -0.0962  2.7372 18.8195
600 768  0.7999 -5.3371 13.2566
624 768  0.9780 -4.0837 15.7572
648 768  1.2283 -3.7233 17.3220
672 768  3.0272 -6.2156 20.1836
696 768  1.6590 -4.7938 16.5957
720 768 -0.2666 -6.3580 12.1689
744 768 -2.8571 -1.9045 11.3177
768 768 -2.3668 -1.2718 12.6636
792 768 -7.0621 -3.8029  8.9584
816 768 -7.9689 -4.4945 14.6740
840 768 -7.0227 -3.4768 13.9236
864 768 -5.4532 -4.0436 13.2236
888 768 -6.6087 -3.8764 10.8959
912 768 -6.9636 -0.6794 11.3440
936 768 -4.3646 -4.1868  9.3312
960 768 -5.7266 -6.8547 12.0675
984 768  1.6533 -0.0650 10.3487
 24 792  0.0185  0.0307 11.7254
 48 792 -0.8379  7.2547 13.1429
 72 792 -0.8988  3.5615 18.0808
 96 792  0.9887  4.9249 16.7906
120 792  1.0503  5.2685 14.4255
144 792  0.8739  8.3185 11.3844
168 792 -0.5221 10.0401 12.9568
192 792  0.4487  9.4398 15.2878
216 792  0.8311  9.9594 19.8596
240 792  1.0000  1.0000  8.8318
264 792 -0.8328 -3.4207 11.8619
288 792  1.6564 -3.7088 13.7539
312 792  0.8952  0.6759 15.4286
336 792  1.5635  1.2194 15.6121
360 792  6.2232 -4.5262 12.4532
384 792  7.9879  0.1738 13.7102
408 792  8.6200  2.0098 18.0202
432 792  8.1736  1.8445 12.9811
456 792  7.1936  5.8717 14.5744
480 792  5.5146  2.6897 12.6494
504 792  1.8757  0.1740 11.2068
528 792 -1.8167 -0.7163 15.0216
552 792 -3.8163 -1.3428 15.6546
576 792 -3.3753  0.0335 13.2722
600 792  0.0423 -1.7987 13.3456
624 792  0.2698 -2.4789 18.8859
648 792  0.9500 -3.4822 17.7269
672 792  0.8590 -4.1530 17.1885
696 792  0.5441 -4.0195 17.5077
720 792 -0.8380 -3.0446 12.5500
744 792 -4.3094 -0.1367 14.3819
768 792 -4.8653 -0.3314 15.3958
792 792 -6.7755 -2.9949 10.7225
816 792 -8.0460 -4.5194 20.0995
840 792 -7.1019 -4.7306 11.0121
864 792 -4.2064 -4.0646 12.3214
888 792 -6.0853 -6.7074  9.2795
912 792 -5.5523 -8.2058  9.1758
936 792 -4.1200 -7.0701 12.3715
960 792 -4.2548 -10.2848 12.7516
984 792  1.5869  0.0410  9.8167
 24 816  0.0216  0.0115 11.8412
 48 816 -1.3748  4.9962 13.5157
 72 816 -1.2872  3.7522 14.5021
 96 816 -2.2611  5.2094 13.5358
120 816 -3.6376  6.8817 12.8482
144 816 -0.9781 10.7448 16.7065
168 816 -0.5855 10.2002 23.2801
192 816  0.0421  8.8944 18.5305
216 816  0.1649  7.9175 15.6906
240 816  2.5443  5.4931 16.3728
264 816  4.7469  6.4256 15.1649
288 816  5.9473  2.9778 13.7355
312 816  1.6218 -0.1323 16.9695
336 816  1.5582  0.0488 21.3994
360 816  2.9514 -0.9356 12.1378
384 816  7.8283 -0.0710 16.3188
408 816  7.0759  1.6999 13.3843
432 816  5.9137  4.1424 14.7461
456 816  6.5589  3.9813 12.0736
480 816  7.6597  0.9684 11.6079
504 816 10.2641 -7.0229  7.7801
528 816 -2.3572 -3.0214 20.5896
552 816 -3.3170 -1.7566 16.5993
576 816 -3.9099 -1.5739 12.9382
600 816 -2.2607 -2.4412 13.7455
624 816  0.0673 -2.2101 15.4560
648 816  0.8949 -3.1357 18.0010
672 816  0.8033 -3.3297 21.2834
696 816  0.7134 -3.1684 15.3368
720 816 -1.0190 -0.3418 15.9970
744 816 -1.2387  0.4357 18.4308
768 816 -1.4719 -0.4495 13.3445
792 816 -4.0035 -2.6186 10.1976
816 816 -7.3563 -4.0891 13.8027
840 816 -7.8795 -5.3211 10.8101
864 816 -7.3939 -7.8871 10.4183
888 816 -7.6638 -10.2054  7.9959
912 816 -10.9401 -10.8493 11.0818
936 816 -7.1485 -7.8660 10.7030
960 816 -5.2861 -8.1390 10.2546
984 816  1.6320  0.0817 10.1378
 24 840 -0.0120  0.0580 12.4901
 48 840 -2.0757  5.0309 11.8241
 72 840 -5.0608  5.2095 13.8257
 96 840 -2.3600  4.7542 13.8315
120 840 -2.1666  5.3126 15.1549
144 840 -1.1062  1.8215 10.8622
168 840  5.0686 -0.0727 10.1001
192 840  0.2281  2.9362  9.5990
216 840  1.2304  3.9033 16.3391
240 840  2.0744  3.8556 16.9859
264 840  5.0483  4.1451 12.4698
288 840  5.7086  3.0614 18.2628
312 840  4.9403  3.2197 16.5820
336 840  1.8589 -1.0744 19.1357
360 840  1.9487 -1.7029 15.5212
384 840  2.1963 -1.9841 13.9873
408 840  1.1280  3.6916 14.2543
432 840  5.1091  3.0735 12.5765
456 840  1.9117 -3.0184  9.9388
480 840  1.8331 -6.9429 11.5060
504 840  1.8883 -2.7875 10.0464
528 840  0.3037 -2.7027 11.3129
552 840 -3.4977 -2.1726 15.0620
576 840 -3.8012 -2.0437 17.6643
600 840 -3.8258 -1.8793 16.0290
624 840 -2.0377 -2.5877 12.3730
648 840  0.1031 -3.3147 16.0998
672 840  0.2175 -3.2759 16.1161
696 840  1.5603 -1.7296 17.1414
720 840 -0.4515 -0.0407 19.3915
744 840 -1.5156  0.4760 20.3158
768 840 -1.2513 -0.8733 17.4585
792 840 -5.9037 -2.1364 10.9717
816 840 -7.6296 -2.6033 14.7728
840 840 -7.0615 -4.5635 10.0632
864 840 -11.7873 -9.4750 11.4081
888 840 -10.7715 -10.1138  9.5014
912 840 -12.3261 -11.0620 15.6384
936 840 -11.1056 -10.7020 11.9917
960 840 -7.2700 -9.5468 10.8161
984 840  1.6067 -0.0192 10.1202
 24 864 -0.0144  0.0095 12.6212
 48 864 -7.8632 -14.7460  8.2742
 72 864 -1.8296  9.0745 12.6151
 96 864 -3.8075  3.8562 10.7820
120 864 -6.7980  1.8426 18.0234
144 864 -5.1448  1.9610 13.8961
168 864  2.3901 -0.0481 18.7273
192 864  0.6035  2.8860 16.3934
216 864  1.3243  3.7785 18.1982
240 864  2.3734  3.8725 16.3955
264 864  4.2674  4.6673 12.1336
288 864  3.5028  5.9281 13.1233
312 864  4.9229  3.5494 19.6343
336 864  5.0800  3.3425 13.1686
360 864  3.0534 -0.9297 12.1979
384 864  1.3602 -3.3212 13.1358
408 864  1.0430  1.6743 14.4523
432 864  2.7850  0.5716 13.9841
456 864  2.0843 -6.6915 12.7567
480 864  0.6816 -6.4270 12.9707
504 864  0.9891 -3.3177 10.7519
528 864  0.3570 -1.9511 11.5133
552 864 -3.7999 -1.7393 13.7248
576 864 -4.2609 -1.7283 17.3376
600 864 -4.0638 -1.9393 15.8046
624 864 -2.8715 -2.4592 13.6841
648 864 -2.0955 -2.0812 14.6792
672 864 -0.1948 -3.5299 17.4179
696 864 -0.6014 -2.4200 14.3937
720 864 -0.8354  0.1413 16.9048
744 864 -2.2302  0.0689 15.6765
768 864 -2.6044 -0.7561 16.2055
792 864 -4.8835 -1.2005 12.7958
816 864 -4.9493 -1.0003  9.9105
840 864 -6.7808 -2.4352 11.7432
864 864 -5.5309 -3.9260  9.5425
888 864 -10.7547 -9.4178  7.6039
912 864 -11.0095 -10.9119  9.2579
936 864 -11.6693 -13.3125  9.0191
960 864 -8.2850 -10.9206  9.9272
984 864  1.5499 -0.1489  9.5131
 24 888 -0.0090  0.0112 12.4833
 48 888 -1.3248 12.5864  8.6094
 72 888 -1.9272 12.0818 12.7877
 96 888 -5.5974  4.1214 11.3382
120 888 -5.5000  2.6968 16.1180
144 888 -5.7085  1.2906 16.1297
168 888  2.0558 -0.0097 18.5836
192 888  0.8365  4.5795 13.4615
216 888  3.1358  5.7701 14.3894
240 888  2.4001  5.9316 13.7233
264 888  0.5941  8.6718 11.4388
288 888  1.6611 13.4480  9.7162
312 888  3.1914  5.0012 15.8676
336 888  4.8640  5.6648 16.2673
360 888  5.0943  5.6391 12.2262
384 888  2.2943  0.8490 11.7183
408 888 -0.7736 -4.2079 13.5049
432 888  2.8119  0.0611 10.2026
456 888  1.9358 -6.5203 12.8640
480 888  0.2867 -5.6409 12.2971
504 888 -0.1686 -3.1085 13.4479
528 888 -1.8208 -0.6938 13.4548
552 888 -3.7673 -1.9214 14.3643
576 888 -4.1864 -2.5524 20.9069
600 888 -3.7001 -2.6987 11.2912
624 888 -1.0840 -3.1020 13.0656
648 888 -2.8538 -3.8007 16.2060
672 888 -1.6712 -3.2187 17.3827
696 888 -0.8097 -1.8410 17.3630
720 888 -3.1510  0.4230 15.7478
744 888 -3.8323 -0.1821 18.2320
768 888 -3.2555 -1.1312 13.4925
792 888 -4.3451 -0.6871 12.9131
816 888 -4.7057 -1.2971 12.6261
840 888 -6.7967 -4.0382 10.7022
864 888 -4.6559 -4.1545 10.1314
888 888 -2.1258 -3.7764 11.3083
912 888 -6.4561 -11.6331 14.9725
936 888 -3.3714 -9.1999 17.3468
960 888 -1.9636 -9.0095 13.2320
984 888  1.5927 -0.0320  9.6693
 24 912 -0.0053 -0.0192 12.1720
 48 912 -6.0220  9.6347 10.1708
 72 912 -2.2058 11.5087  9.2932
 96 912 -1.8783  8.4445 11.0291
120 912 -0.3703  1.7755  9.2304
144 912  0.1982  0.5776 15.7561
168 912  3.5957  8.2516 13.6914
192 912  5.1263  7.7826 12.2641
216 912  4.1201  6.8579 12.8083
240 912  1.9291  8.8994 14.7649
264 912  0.6428  9.9338 16.7067
288 912  0.2546  5.2242  7.7140
312 912  2.1139  4.5324 15.1081
336 912  2.0387  4.3013 14.3220
360 912  1.8853  4.1197 11.0161
384 912  3.5216  1.1099 13.1213
408 912  2.8472  0.0740 13.3928
432 912 -1.7499 -7.5748 15.6184
456 912 -0.9583 -7.1308 13.6454
480 912  0.1606 -11.8485 16.8572
504 912  0.5695 -11.5456 13.5685
528 912  3.8260 -4.2559 16.8552
552 912  2.6417 -3.2674 14.8962
576 912  2.6114 -3.8008 10.6686
600 912  3.4356 -9.0372 10.6165
624 912  0.0238 -3.1052 10.5393
648 912 -1.2493 -2.2604 12.6911
672 912 -2.0583 -2.1411 18.7664
696 912 -1.7279 -0.5167 17.1897
720 912 -1.8829  1.1913 17.3200
744 912 -4.1184  0.3311 15.1606
768 912 -1.8127 -8.8924 13.3615
792 912 -2.2833 -6.1874 12.9418
816 912 -4.9196 -3.7234 13.3679
840 912 -5.0239 -2.9607 12.3821
864 912 -3.6937 -4.2353  9.5524
888 912 -2.9099 -5.5352 13.8227
912 912 -2.8652 -5.3449 14.0845
936 912 -4.3186 -7.8546 10.8026
960 912 -2.6910 -5.7489 10.3735
984 912  1.5724  0.0734  9.9094
 24 936  0.0075 -0.0356 12.2732
 48 936 -4.8031  8.2373 10.5461
 72 936 -0.1930 12.7423 10.0678
 96 936  2.0580  9.0831 20.0252
120 936  1.7243  3.1894 13.6016
144 936  1.0980  1.0251 16.9232
168 936  0.0399  3.5864 13.8510
192 936  4.8826  8.2508 13.0097
216 936  6.6173 10.0440 12.1032
240 936  1.1249 10.6560 17.3855
264 936  1.7157  9.7499 18.8453
288 936  1.4111  7.6762 15.5615
312 936  0.0431  4.3781 13.3103
336 936  0.4435  7.7570 14.5581
360 936  0.7251  7.6313 15.3452
384 936  0.1677  7.5581 14.0221
408 936  2.9139  1.2501 15.4826
432 936 -1.4120 -6.8694 12.8953
456 936 -0.6673 -6.7158 12.8576
480 936  0.9151 -12.3061 18.9637
504 936  0.9933 -10.2507 14.0150
528 936  3.9623 -4.4070 14.8214
552 936  5.5034 -6.0269 14.3863
576 936  4.2258 -8.6966 12.4643
600 936  3.5863 -9.8992 15.6116
624 936  3.4600 -10.1998 15.2141
648 936  2.5156 -2.7135 10.7733
672 936 -2.1834 -1.6490 20.4054
696 936 -2.0673  0.1292 19.8530
720 936 -2.1515 -0.0166 12.8589
744 936 -0.2744 -11.1606 16.0853
768 936  0.3320 -9.5046 14.1243
792 936 -1.1837 -5.0172 11.4534
816 936 -4.9599 -3.1848 20.5261
840 936 -4.6659 -3.7779 21.7143
864 936 -3.4025 -5.1858 11.9020
888 936 -4.9745 -3.6917 10.8211
912 936 -5.2585 -3.5546 14.3102
936 936 -2.9859 -3.0843 13.2740
960 936 -1.9328 -0.0851 17.6062
984 936  0.4831  0.0436  9.9967
 24 960 -0.0095  0.0174 12.5137
 48 960 -1.8298 10.3291 15.4507
 72 960 -0.6162 10.8477 20.3997
 96 960  0.4536  8.7382 15.9792
120 960  1.7509  0.4640 14.7226
144 960  1.1387  0.8614 16.6143
168 960 -0.6837  4.6377 16.3888
192 960  0.0031  8.0031 11.3580
216 960 -0.8579  8.6691 14.9567
240 960  0.2539 10.5930  9.9363
264 960  2.5911  8.7345 12.9085
288 960  2.1291  7.9135 13.9768
312 960  0.2777  5.8457 10.8457
336 960  1.2632  7.4254 16.8006
360 960  1.6278  6.8439 13.2473
384 960  2.3066  3.2996 13.1693
408 960  3.6752  1.0101 14.8253
432 960  5.0371 -0.8835 16.5217
456 960  5.0186 -2.8401 10.8687
480 960  0.1614 -5.0978  8.7858
504 960  2.0893 -9.5226 11.8022
528 960  5.8653 -7.5435 13.7507
552 960  5.6283 -5.6362 16.1644
576 960  5.0207 -8.9226 12.4386
600 960  5.1603 -13.9138  8.9159
624 960  5.3126 -13.9421 11.1506
648 960  0.1068 -2.9321 15.1657
672 960 -1.3440 -3.5285 17.5409
696 960 -1.8682 -3.8582 19.6362
720 960 -1.7083 -3.7004 11.0609
744 960  0.1883 -12.7176 16.0551
768 960  0.2571 -9.3622 12.4526
792 960 -4.6109 -0.4302 13.9243
816 960 -4.9835 -2.4484 16.1905
840 960 -3.9957 -4.8714 18.6135
864 960 -2.3844 -4.9684 12.6425
888 960 -4.3951 -3.1934 13.5262
912 960 -4.6578 -2.9778 13.9886
936 960 -2.1770 -2.0316 13.0093
960 960 -0.4720  2.9194 14.0752
984 960  1.5352  0.0080 10.2392
 24 984 -0.0166 -0.0017 15.1100
 48 984 -0.0068 -0.0022 12.2607
 72 984 -0.0567 -0.0123 12.0807
 96 984 -0.0293  0.0126 12.2232
120 984 -0.0098  0.0309 12.3262
144 984  0.0066 -0.0010 12.3245
168 984 -0.0860  0.0251 11.8715
192 984 -0.0730  0.0349 11.7556
216 984  0.0299  0.0064 12.4387
240 984 -0.0224  0.0059 12.3367
264 984 -0.0719  0.0134 12.4959
288 984  0.0179  0.0458 12.1491
312 984  0.0920  0.0309 11.8787
336 984  0.0213 -0.0121 12.3223
360 984 -0.0145  0.0110 12.5785
384 984  0.0397  0.0269 12.5519
408 984  0.1490  0.0075 12.4151
432 984  0.1009 -0.0078 12.3329
456 984  0.0349 -0.0230 11.7419
480 984  0.0183 -0.0135 12.4967
504 984  0.0241  0.0046 12.9686
528 984  0.0150 -0.0010 12.5868
552 984  0.0387  0.0040 12.7158
576 984  0.0390 -0.0014 12.4864
600 984  0.0174 -0.0013 11.8745
624 984 -0.0199  0.0144 12.3848
648 984 -0.0910 -0.0040 12.7133
672 984 -0.0234 -0.0087 12.6110
696 984  0.0241 -0.0058 11.8394
720 984 -0.0858  0.0216 12.6418
744 984 -0.0109  0.0156 11.9341
768 984 -0.0167  0.0112 12.1864
792 984 -0.0970  0.0210 13.1257
816 984 -0.0005 -0.0129 12.5834
840 984  0.0307 -0.0086 12.6876
864 984 -0.0273  0.0094 12.5468
888 984 -0.0563 -0.0024 12.3766
912 984 -0.0158 -0.0218 12.1496
936 984  0.0332 -0.0221 12.0864
960 984 -0.0300 -0.0019 12.3133
984 984  1.5795  0.0091 12.5869
