 24  24  0.0107 -1.8416 12.8030
 48  24 -0.0640 -2.3359  9.0195
 72  24 -0.0044 -2.5017  9.2807
 96  24  0.0465 -2.1716  9.6188
120  24 -0.0286 -1.7355  9.2085
144  24  0.0321 -2.2138  9.6022
168  24  0.0889 -2.2754  9.8599
192  24  0.0246 -1.9435  9.5135
216  24  0.0410 -1.9464  9.2006
240  24 -0.0195 -2.2005  9.4003
264  24  0.0304 -1.6813  9.1679
288  24 -0.0210 -0.4358  9.0269
312  24 -0.0205 -0.4346  9.1882
336  24  0.0000 -0.4638  9.0458
360  24 -0.0528 -2.4403  8.7211
384  24  0.0200 -1.9636  8.7553
408  24  0.0098 -1.9550  8.9525
432  24 -0.0003 -2.2915  9.4078
456  24  0.1124 -2.5035  9.8032
480  24  0.0431 -2.3201  9.5744
504  24 -0.0874 -1.9429  9.0901
528  24 -0.0538 -0.8960  9.1697
552  24 -0.1201 -0.4949  9.3080
576  24 -0.0245 -2.2133  9.4082
600  24  0.0512 -2.4446  9.8581
624  24  0.0728 -2.0107  9.6608
648  24  0.0309 -1.8531  9.5947
672  24 -0.0262 -2.0006  8.9326
696  24 -0.0709 -2.3126  8.0063
720  24 -0.0157 -2.4424  8.8630
744  24  0.0084 -2.1082  9.6492
768  24 -0.0422 -2.1461  9.7626
792  24  0.0084 -2.1801  9.7802
816  24  0.0317 -1.9852  9.4214
840  24 -0.0209 -2.1584  9.3795
864  24 -0.0114 -1.8679  9.2953
888  24 -0.0103 -1.8305  8.9761
912  24 -0.0191 -2.3469  9.4843
936  24  0.0485 -2.1755  9.8128
960  24  0.0296 -2.0285  9.5407
984  24  0.4118 -2.2467 12.2809
 24  48 -0.0228 -0.1797 12.4652
 48  48  1.0091 -3.5902 14.7792
 72  48  1.6050 -2.2792 11.4732
 96  48  0.1827 -3.8102 11.3874
120  48  0.6262 -3.8810 16.3059
144  48  1.2300 -2.1052 13.8479
168  48  3.0028 -0.3846 14.7495
192  48  2.2668 -0.1867 12.4600
216  48  5.6390  1.8081 12.3879
240  48  7.8140  1.3330 16.0201
264  48  2.3648  2.3081 13.2957
288  48  1.9071  2.3378 13.7951
312  48 -1.8979  1.2918 14.5746
336  48 -2.0384  2.5283 17.1209
360  48 -2.7936  0.9340 16.2479
384  48 -3.8427  0.1726 13.9629
408  48 -3.9401 -7.9604 10.9350
432  48  3.0890 -0.1942 16.3963
456  48  0.8578  1.1657 16.3880
480  48  0.4680  0.3409 13.3984
504  48  0.1330 -0.0378 12.0224
528  48 -0.8609  5.9799 11.1985
552  48 -2.0653  5.3478 13.8472
576  48 -0.8238  2.8204 16.0870
600  48  0.1480  1.8179 13.1919
624  48  0.1823  3.2943 12.6454
648  48  0.3115  5.7736 14.4639
672  48  0.1353  7.3309 15.4738
696  48 -0.1033 -4.0196 10.9454
720  48  0.3159 -3.8219 12.3197
744  48 -0.8317 -4.7619 17.9070
768  48 -0.8793 -2.9724  9.4469
792  48  1.5490  0.2502 14.4726
816  48 -1.5902  0.7779 12.4464
840  48 -0.3430 -0.6717 16.8345
864  48 -0.5300 -1.2597 19.1936
888  48  1.0489 -0.2640 18.4792
912  48  2.0172 -0.0127 19.2020
936  48  4.4536 -1.8304 12.4161
960  48  3.8156 -3.8820 11.8461
984  48  0.7985  0.0086 10.3902
 24  72 -0.0260 -0.1204 11.8472
 48  72  2.4262 -4.6742 14.6894
 72  72  4.0317 -2.9061 13.5511
 96  72  6.4209 -2.7733 12.2371
120  72  2.6312 -2.2561 12.7405
144  72  0.8236 -2.1541 13.8276
168  72  1.2067 -1.1331 12.3141
192  72  0.8595  0.0105 14.9129
216  72  0.9119  0.2719 13.2168
240  72  0.6324  1.1370 11.6275
264  72  0.2895  1.6348 13.9869
288  72  0.8171  1.9121 14.3740
312  72 -1.7816  0.3188 14.0467
336  72 -2.4622  0.8615 18.6573
360  72 -2.8081  0.9496 23.1591
384  72 -2.8719  0.8875 17.0428
408  72 -2.7751 -6.0746 10.8153
432  72  0.2784 -0.2796 10.1967
456  72  0.2661  0.1237 17.6799
480  72  0.0815 -0.3221 15.2462
504  72 -0.2306 -1.1326 13.9716
528  72 -1.9874  4.9530 12.1185
552  72 -2.4007  5.4939 15.1200
576  72 -3.1655  2.7488 15.7496
600  72 -2.4263  1.9400 15.1695
624  72 -2.2779  2.1044 13.9494
648  72 -0.4189  3.6598 15.3725
672  72  0.9811  2.8360 13.0287
696  72  1.2033 -0.7642 11.6809
720  72 -0.1824 -1.1074 13.7350
744  72 -0.2471 -3.1982 16.3435
768  72 -0.6176 -1.9466 16.9372
792  72  0.6972 -0.1738 19.3478
816  72 -0.3492  0.6420 15.0765
840  72 -1.9471 -0.1158 16.2121
864  72  0.3626 -0.1573 13.9151
888  72  2.2850  0.1175 17.2320
912  72  2.2428  0.4915 21.2680
936  72  2.7906 -0.1016 15.6995
960  72  4.0842 -0.2425 13.1527
984  72  0.9574 -0.0263 10.6744
 24  96 -0.0394 -0.0144 11.9610
 48  96  2.2120 -5.6998 12.3591
 72  96  4.1533 -3.4435 16.9443
 96  96  5.2068 -2.6515 12.6545
120  96  3.8420 -2.3507 13.7285
144  96  1.1129 -2.0895 10.3519
168  96 -1.4197 -3.5430 11.8650
192  96 -0.3886 -1.7496 15.4883
216  96 -0.9208 -0.2771 19.5883
240  96 -0.5489 -0.1360 17.6261
264  96  0.0011  0.9116 15.2456
288  96  1.7930  0.9803 13.3379
312  96 -1.2232 -2.0096 11.7468
336  96 -4.9330  0.7592 14.2432
360  96 -2.2759 -0.0962 18.8171
384  96 -1.3986 -0.5299 15.5069
408  96 -0.2151 -5.8430 14.3797
432  96 -1.0756 -4.4593 11.5058
456  96 -0.3830  0.2222 16.8156
480  96 -0.7952  0.0509 17.2686
504  96 -0.9617 -1.7535 15.2412
528  96 -3.1547  5.2230  9.4448
552  96 -3.2265  6.0511 14.4746
576  96 -3.2515  5.1046 13.6395
600  96 -2.4540  2.0618 12.0299
624  96 -2.9948  1.2406 13.4208
648  96 -1.3742  1.5194 14.7577
672  96  0.2753  0.0610 15.1988
696  96 -0.4680  0.4685 14.0207
720  96 -1.5616 -0.0716 14.9692
744  96 -1.7272 -0.8077 15.7918
768  96 -1.7269 -0.8511 14.8468
792  96 -0.1821  0.6874 13.8496
816  96 -2.4940  4.6642 14.0541
840  96 -3.4085 -0.1951 15.9650
864  96 -1.0445  3.6170 14.3072
888  96 -0.1103  3.0188 14.6894
912  96  0.3270  0.3400 16.5443
936  96  1.9228  0.2595 13.4446
960  96  0.1235  0.0621 12.7716
984  96  0.8049 -0.0534 10.1822
 24 120  0.0131 -0.0230 11.9927
 48 120  2.4805 -4.8737 10.5041
 72 120  3.5613 -3.9444 14.0243
 96 120  3.7555 -1.6305 12.3908
120 120  3.7073 -1.5335 15.0501
144 120  3.5702 -1.7766 11.3331
168 120  4.4565 -0.7454 11.1270
192 120 -0.0584 -3.6485 11.6638
216 120 -1.5618 -0.9238 22.0330
240 120 -0.4710 -0.6805 20.5192
264 120  0.2615  0.5144 19.1149
288 120  2.0032  0.5711 18.7316
312 120 -0.0250 -1.8809 14.9550
336 120 -3.8577 -1.0639 13.2371
360 120 -3.7706 -1.0963 14.5782
384 120 -2.6267 -0.2817 15.7136
408 120 -2.1302 -3.3316 13.9995
432 120 -2.0355 -3.3764 12.6098
456 120 -0.7540  0.0728 17.8822
480 120 -0.4979  0.2695 15.8574
504 120 -0.4460 -0.2345 13.0370
528 120 -2.4963  8.4245 12.3580
552 120 -2.0871  8.1595 10.2435
576 120  0.5628  4.8979 11.6224
600 120  3.7200  4.0824 13.3259
624 120  1.9387  0.0445 13.1557
648 120  0.6103 -0.1765 14.1677
672 120 -0.0276 -0.0496 15.1940
696 120 -0.7879  0.2686 17.2864
720 120 -1.5612  0.3335 16.3220
744 120 -1.6673  0.0174 14.4291
768 120 -4.0652  0.7792 13.1239
792 120 -6.6496  1.2698 13.6913
816 120 -3.2407  4.9543 13.9626
840 120 -3.5196  1.1457 13.2049
864 120 -2.0083  3.1125 13.1748
888 120 -1.3911  3.4614 15.3553
912 120 -1.9356  1.6514 16.4024
936 120 -1.7629  1.0571 13.0907
960 120 -3.0690 -0.4579 10.5503
984 120  0.9021 -0.0726 10.8677
 24 144  0.0665 -0.0873 11.3045
 48 144  2.1925 -5.1633 10.4496
 72 144  1.7751 -4.2990 13.7947
 96 144  2.1073 -0.3704 15.7550
120 144  2.4390 -0.1395 19.3848
144 144  3.9905 -3.9689 15.1899
168 144  6.2566 -2.9689 12.4938
192 144  8.7218  0.0153 16.1229
216 144  7.5489 -0.2762 11.5780
240 144  0.0965 -0.9657 16.1437
264 144  1.6888 -0.6882 15.2468
288 144  2.0349 -0.7451 18.1076
312 144  2.0218  0.7480 14.2576
336 144 -0.9056 -1.5968 15.6697
360 144 -2.4658 -1.1850 16.0191
384 144 -2.6074 -0.4452 14.5249
408 144 -2.9373  0.0869 13.9509
432 144 -3.0610 -1.9341 13.0574
456 144 -4.2468 -0.6027 13.5176
480 144 -0.5340  1.0171 16.2038
504 144 -0.5405  0.9785 14.9851
528 144 -0.2806  6.9055 12.1315
552 144  1.8045  5.7383 12.6256
576 144  1.6628  3.2932 13.2426
600 144  4.0451  3.5349 12.6184
624 144  4.3621  1.8694 13.4557
648 144  1.2232 -0.3451 15.7433
672 144 -0.5683 -0.1026 18.2174
696 144 -0.3660  0.7020 16.5371
720 144 -1.0150  0.8564 15.3964
744 144 -1.9596  0.9131 14.4107
768 144 -4.9191  0.6725 12.1107
792 144 -6.2779  0.8231 13.8672
816 144 -3.3843 -0.1514 13.1970
840 144 -3.0495 -0.6963 12.3523
864 144 -3.9143  2.9635 15.6011
888 144 -3.5965  0.0310 14.4247
912 144 -4.1200  0.5714 14.1043
936 144 -3.0576  0.4628  8.8667
960 144 -5.7089 -0.9000  9.8120
984 144  0.8476 -0.0622 10.9042
 24 168  0.0163 -0.0167 11.9336
 48 168  2.9453 -7.5626 13.0526
 72 168  2.9765 -7.6429 15.3303
 96 168  1.5079 -1.2272 15.7079
120 168  2.2065 -1.0675 15.4331
144 168  5.2643 -3.7460 13.7503
168 168  6.0767 -3.3915 15.8702
192 168  7.8960  0.1259 11.1410
216 168  7.3631  0.2699 14.4625
240 168  4.2364  0.0948 17.2431
264 168  3.3621 -4.2648 14.3492
288 168  3.2801 -4.0153 17.0336
312 168  3.2056 -0.2574 12.6145
336 168  0.0704 -0.9841 15.9264
360 168 -0.7975 -1.1978 16.4744
384 168 -2.3983 -1.2564 16.2315
408 168 -3.6653  0.0974 19.2559
432 168 -3.2296 -1.8252 16.2289
456 168 -6.1761 -1.9728 20.2167
480 168 -0.8824  1.8980 16.5773
504 168 -0.4433  1.7114 15.7055
528 168  0.7422  3.9880 15.1836
552 168  1.9683  5.2133 16.1418
576 168  2.8271  2.4408 15.3941
600 168  3.8722  2.9309 14.0003
624 168  4.5391  3.8716 15.3992
648 168 -0.0307 -0.4427 17.4477
672 168 -0.9611 -0.2390 18.7441
696 168 -1.7374  1.0783 13.9802
720 168 -3.6798  1.2780 14.3162
744 168 -3.5817  0.9670 15.1016
768 168 -3.1100  1.4767 12.8464
792 168 -2.1785  0.7177 10.1066
816 168 -2.5891 -0.8127 16.0492
840 168 -2.6012 -0.8257 17.5151
864 168 -0.2054 -1.7481 13.7341
888 168 -3.2223 -0.9099 15.4012
912 168 -5.2093 -1.2136 15.1993
936 168 -5.9497 -1.5920 12.0324
960 168 -4.7621 -1.4195  9.9214
984 168  0.8209 -0.0201 10.8781
 24 192 -0.0036 -0.0130 12.1678
 48 192  3.4811 -6.8224 12.4125
 72 192  3.9676 -7.4672 15.7297
 96 192  1.0537 -3.6538 15.9908
120 192 -1.4227 -5.1054  9.9288
144 192 -2.3977 -7.1172 17.5731
168 192  2.6360 -2.6173 15.6001
192 192  3.4037 -2.3751 12.7594
216 192  7.0560  2.2937 16.0703
240 192  6.2797 -0.4394 16.3742
264 192  5.2189 -1.2374 15.2148
288 192  3.7767 -3.9396 16.1393
312 192  4.2825 -3.2914 12.8791
336 192  2.9552 -1.8409 14.7407
360 192  1.7665 -1.2908 16.2766
384 192 -0.0678 -0.4822 14.7963
408 192 -2.9517 -1.7522 14.2424
432 192 -2.2032 -1.3009 17.1866
456 192 -4.0243 -1.8221 15.3594
480 192 -1.3685  0.1392 13.6319
504 192 -0.3342  0.4762 13.6831
528 192 -1.1283  1.2940 13.4342
552 192  0.3176  3.2824 14.1600
576 192  1.5551  2.6525 16.0592
600 192  1.2478  3.0398 14.4710
624 192  4.0321  3.7231 11.6982
648 192  0.0846  0.0723 12.8091
672 192 -0.0690 -0.1129 15.2517
696 192 -0.3584  2.0757 12.1793
720 192 -2.7864  1.8658 12.9511
744 192 -2.9298  0.5843 12.2326
768 192 -1.1355  0.9441 14.2373
792 192 -0.6187 -0.3791 14.0168
816 192 -0.4563 -0.5738 16.2152
840 192  0.1581 -0.1788 15.4841
864 192 -0.1198  0.7417 13.9888
888 192 -4.1873 -1.9204 13.8998
912 192 -5.6379 -2.1906 13.1741
936 192 -4.7460 -3.7666 11.6384
960 192 -3.9207 -3.3009  9.7437
984 192  0.8204 -0.0074 10.6840
 24 216  0.0284 -0.0797 11.7015
 48 216  2.8293 -6.9081 11.7105
 72 216  3.6729 -7.3459 13.4613
 96 216  0.8087 -3.8466 14.8416
120 216 -1.2305 -6.9236 13.4459
144 216 -2.6203 -7.1006 18.1718
168 216  2.9168 -3.0566 11.3426
192 216  3.4526 -3.2953 13.8242
216 216  6.2210  3.4709 12.4348
240 216  6.6611 -0.1474 15.1639
264 216  6.4563 -0.2605 18.1828
288 216  5.5806 -1.1040 12.8989
312 216  5.9707 -6.6370 16.0565
336 216  5.6579 -2.0605 17.6798
360 216  4.8067 -0.6296 15.2855
384 216  7.5696  1.2758 15.5000
408 216  7.4013  0.9820 13.2053
432 216  5.2524 -1.2555 11.1603
456 216  5.0244 -3.0407 14.0337
480 216  2.8309  0.4614  8.9395
504 216 -0.9786 -1.9621 13.4305
528 216 -1.0138  0.2184 15.4941
552 216 -3.0533  1.8620 17.1113
576 216 -1.6857  2.2653 15.9638
600 216 -0.7587  2.6340 15.8627
624 216  0.5398  1.8108 17.4741
648 216  0.4442  1.7243 14.3556
672 216  0.2713  0.1010 14.3233
696 216  0.6987  2.0557 13.5175
720 216 -0.7146  2.6655 14.8137
744 216 -0.2433  0.1478 16.4415
768 216  0.0818  0.3777 14.8348
792 216 -0.4821 -0.1471 17.3157
816 216 -0.3419 -0.1780 16.7378
840 216  0.3784  1.3626 11.9119
864 216 -4.2126  4.7792 13.6410
888 216 -9.8762 -0.9749 15.4237
912 216 -11.6085 -1.2628 13.8574
936 216 -10.7203 -4.4719 12.7966
960 216 -10.1101 -3.2781  9.5048
984 216  0.6869  0.0223 10.2597
 24 240 -0.0206 -0.0945 12.4737
 48 240  0.5431 -6.3004 11.4980
 72 240  1.0500 -5.4460 16.0216
 96 240  0.9022 -4.8154 18.3427
120 240  0.2010 -6.4064 16.9647
144 240 -0.6764 -8.3103 17.0338
168 240 -0.8860 -9.4620 18.1687
192 240 -0.2048 -8.8141 18.4581
216 240  4.0790 -2.2138  9.8053
240 240  6.8895 -0.2726 15.0662
264 240  6.3687  0.0246 19.9549
288 240  5.9809 -2.6531 13.2593
312 240  5.9783 -1.7266 12.1138
336 240  4.8216 -0.4547 18.4934
360 240  3.4620 -0.2094 17.2528
384 240  7.5329  1.1648 15.4840
408 240  6.3499  1.9794 16.2426
432 240  3.4582 -0.0188 12.8289
456 240  2.7233  0.1556 15.2232
480 240  2.5308  0.8975 15.2784
504 240  0.1857 -3.6400 11.7695
528 240 -1.8324  0.1235 12.0855
552 240 -3.6617  3.0754 14.2043
576 240 -2.5684  3.2620 14.6168
600 240 -0.9502  2.5546 18.3781
624 240  1.0751  1.4120 19.2682
648 240  1.2590  0.6026 18.7817
672 240  0.7146  0.3489 17.0544
696 240  1.0066  1.9957 16.9503
720 240 -0.0599  1.2710 11.2227
744 240 -0.1659 -0.1751 13.6676
768 240 -0.0413  1.0110 16.9890
792 240 -1.5274  1.1629 14.4213
816 240 -1.0536  1.2449 13.8169
840 240 -1.5641  2.3439 11.7985
864 240 -5.1889  3.1913 10.5790
888 240 -8.3091  0.1851 12.5034
912 240 -10.7827 -3.7410 14.6468
936 240 -11.5753 -4.1078 13.4321
960 240 -13.5468 -1.9851  9.8843
984 240  0.8119 -0.0087 10.4252
 24 264 -0.0193 -0.0915 12.5195
 48 264 -0.3469 -4.9910 17.5761
 72 264  0.2794 -6.2700 13.7449
 96 264  2.1547 -5.8515 11.9705
120 264  0.6921 -4.6927 13.0676
144 264  1.7044 -6.3390 11.5975
168 264  0.0125 -9.4411 14.0810
192 264 -0.1693 -9.0916 21.0097
216 264  3.1019 -4.3332 16.4571
240 264  7.1134 -1.8258 15.6995
264 264  7.0678 -1.3726 16.5459
288 264  8.7754 -2.0343 12.6238
312 264  5.8015 -0.8827 12.7266
336 264  4.9868 -0.5646 16.2218
360 264  4.1969 -0.8677 15.0584
384 264  5.8653  0.7934 11.5325
408 264  5.7100  3.4241 17.3411
432 264  4.2683  1.8359 13.0487
456 264  2.4367 -0.0433 15.4006
480 264  3.3245 -0.0061 13.4107
504 264  4.0389 -1.1286 14.1467
528 264 -3.9285  0.4895  8.9772
552 264 -4.3924  5.0706 13.5163
576 264 -1.8158  3.0237 13.0782
600 264 -0.1574  1.0032 13.9266
624 264  0.0037  0.0792 17.3504
648 264  0.3027 -0.4416 14.1282
672 264  0.7773 -0.3762 16.8943
696 264  1.3263  0.4088 14.0727
720 264  0.5581  0.6913 13.0930
744 264 -0.0310  0.1637 14.6860
768 264 -1.7811  2.1388 14.5911
792 264 -2.9341  2.1566 16.0444
816 264 -1.9762  1.8933 15.4343
840 264 -1.0615  1.0184 12.9883
864 264 -8.8059  4.8505 11.9900
888 264 -8.6906 -0.6240 10.2029
912 264 -9.6242 -4.5992 15.7170
936 264 -11.6498 -3.7940 10.9422
960 264 -11.7863 -4.8131  9.9244
984 264  0.8482  0.0676 10.6705
 24 288  0.0177 -0.0969 11.8577
 48 288 -1.1567 -5.5216 15.1594
 72 288 -0.0842 -6.9662 14.0415
 96 288  0.2824 -6.4493 13.8012
120 288  4.8168 -3.6585 12.3797
144 288  7.5222 -3.1666 14.9456
168 288  0.8655 -0.0816 15.9562
192 288  4.0357 -3.4273 15.5045
216 288  4.4205 -3.5449 13.1836
240 288  5.9620 -0.1989 15.5919
264 288  6.4827 -0.2320 15.4961
288 288  7.3320 -0.4168 11.8678
312 288  8.0037  0.0305 12.0358
336 288  7.8415  0.1242 14.7919
360 288  5.2571 -0.0398 16.3168
384 288  4.1568 -0.2116 12.7971
408 288  4.7040  3.0972 14.4608
432 288  2.9254  0.7113 10.9570
456 288  5.9293 -3.0261 16.1119
480 288  5.6448 -2.8354 13.7995
504 288  4.8548  0.1643  8.0073
528 288 -6.2530  4.4264 14.3125
552 288 -8.3525  3.8887 11.7382
576 288 -6.6695  2.1441 13.3395
600 288 -1.9852  0.1997 14.8800
624 288 -1.4471 -0.1195 16.5598
648 288 -1.3029 -3.6208 14.3308
672 288 -0.0135 -2.2047 12.5253
696 288  0.8537  1.7165 13.1331
720 288  0.1430  2.0363 11.2748
744 288 -2.9283  1.0184 13.8570
768 288 -4.0120  0.4948 12.8238
792 288 -3.0501  0.9545 15.1666
816 288 -3.7010  1.1638 13.0953
840 288 -4.9145  7.7645 13.4167
864 288 -3.3329  4.0128 11.3557
888 288 -7.3314 -0.2966 10.4193
912 288 -8.3293 -4.3422 12.4995
936 288 -5.9006 -4.0531 12.1570
960 288 -7.8778 -4.6783 13.8272
984 288  0.8767  0.0458 10.5885
 24 312 -0.0131 -0.1125 12.5477
 48 312 -0.3236 -6.7322 17.3551
 72 312 -0.1519 -7.1191 18.7822
 96 312 -1.5471 -4.7799 15.9892
120 312  1.4965 -3.1443 19.7731
144 312  2.3655 -1.2769 14.6502
168 312  3.5046 -0.1392 16.3095
192 312  5.0273 -1.2139 11.4543
216 312  4.2954 -3.1517 14.8049
240 312  7.0730  0.9314 16.8249
264 312  8.4394  0.1308 13.4492
288 312  9.2443 -1.1549 14.9617
312 312  9.0405  0.8304 13.2796
336 312  8.2387  2.2332 12.4097
360 312  4.6975  1.2082 16.0894
384 312  3.6175 -0.9968 14.7729
408 312  3.4235 -0.1693 16.9198
432 312  4.6964 -2.3875 13.5367
456 312  5.8640 -3.1253 13.0017
480 312  6.5720 -4.4752 13.6619
504 312 -4.4403  2.9653  8.1841
528 312 -5.7507  3.4625  9.2460
552 312 11.7280 -4.4176 10.9291
576 312  0.8432 -12.1145  6.6863
600 312 -2.1055 -0.1409 15.7168
624 312 -1.9206 -0.4819 18.1568
648 312 -2.1214 -2.4831 14.2876
672 312  3.6225 -6.8423 10.6925
696 312  1.8919 -0.9625 11.3499
720 312  0.1802 -0.1705 12.1408
744 312 -3.1969 -0.0757 13.4405
768 312 -4.1870 -0.7510 16.2626
792 312 -4.4051 -0.7025 13.6857
816 312 -5.6613  6.9087 10.4376
840 312 -4.8687  7.3569 15.6065
864 312 -3.2675  5.0817 16.5269
888 312 -1.7831  4.3230 13.6226
912 312 -1.8328  0.0561 11.4857
936 312 -1.8389 -6.8151 13.3328
960 312  1.5687 -1.7893 12.4258
984 312  0.9055 -0.0857  9.7689
 24 336 -0.0266 -0.0705 12.8659
 48 336 -0.6108 -5.2022 14.1206
 72 336 -0.8327 -4.9751 17.3340
 96 336 -1.3108 -1.4958 18.1703
120 336  0.8130 -2.4467 20.4348
144 336  2.7205 -1.3185 16.2465
168 336  3.7985  0.3714 14.0794
192 336  5.7960  0.2558  9.9534
216 336  7.0634 -0.7616 13.9975
240 336  7.5272  0.2657 12.4013
264 336 10.1757 -0.4398 13.8376
288 336  9.1618 -0.6944 10.9602
312 336  7.5882  0.1433 13.4723
336 336  6.0888  4.0537 12.0922
360 336  4.7179  2.8847 11.7676
384 336  4.8774  0.0210 16.2080
408 336  3.6529 -0.6413 13.0925
432 336  2.8507 -1.8004 12.9834
456 336  3.8393 -4.0895 11.1422
480 336  5.2384 -3.7402  9.8790
504 336 -4.1344  3.2987 10.8152
528 336 -18.0198 13.5974  7.1423
552 336  8.3008 -8.9732 10.8753
576 336  3.1499 -10.4743  8.2436
600 336 -2.8074 -0.7165 10.4462
624 336 -3.2284 -1.4004  9.4627
648 336 -2.2492 -2.8998 10.7907
672 336  0.0644 -6.7278 11.5584
696 336  0.7598 -6.6219 10.8362
720 336 -0.7078 -1.5617 12.2647
744 336 -3.7166 -0.6610 13.5959
768 336 -4.0373 -1.3592 11.9396
792 336 -7.1835 -1.2477 12.6466
816 336 -6.8125  5.1745 11.1178
840 336 -6.8530  5.9510 15.7779
864 336 -3.4044  4.7676 13.3643
888 336 -1.0758  3.9335 16.1046
912 336 -0.8472  2.2186 14.5119
936 336  0.1286 -3.3119 11.5443
960 336  2.4906 -1.1324 14.6469
984 336  0.9609 -0.0559  9.9073
 24 360 -0.0578 -0.0000 12.7914
 48 360 -1.1233 -5.0687 12.9869
 72 360 -1.5625 -2.3572 15.5396
 96 360 -0.8483 -0.7750 15.5399
120 360  2.5329 -3.1471 15.7901
144 360  3.4055 -1.9447 15.6758
168 360  3.3544  0.0154 12.5668
192 360  4.8035 -1.8581  8.8672
216 360  5.6350 -1.8955 11.9904
240 360  5.7191 -1.2275 16.3901
264 360  6.8638 -1.0425 12.4917
288 360  3.0876  0.2123 11.8227
312 360  3.0158  0.4669 13.1450
336 360  4.5848  3.0138 12.3698
360 360  4.8484  1.3458 11.0295
384 360  5.0009  0.3498 13.8172
408 360  4.7021 -0.0066 12.1209
432 360  1.8560 -2.5034 13.7151
456 360  0.7523 -4.7984 16.7058
480 360 -0.1332 -2.1271 16.2764
504 360 -1.8348 -1.1897 14.7551
528 360 -4.2130  0.1349 11.9125
552 360 -5.1406  0.1454 12.5395
576 360 -4.9707 -0.1554 13.4080
600 360 -7.0224 -2.7274 13.1126
624 360 -7.8456 -5.9863 10.6053
648 360 -5.5068 -5.8453  9.6872
672 360 -1.2635 -6.2011 12.3118
696 360  0.0458 -6.9304 16.8094
720 360 -5.5046  0.4260 12.1296
744 360 -5.9833  0.1824 13.9543
768 360 -9.5526 -7.0741 12.0649
792 360 -8.1240 -5.5478 13.3295
816 360 -6.0193  4.9203 16.0254
840 360 -6.1728  4.5297 13.7644
864 360 -7.2271 -2.1442 12.8484
888 360 -3.2624  3.7638 12.6143
912 360 -2.3991  4.0721 14.6404
936 360  2.2868  0.3551 12.1606
960 360  3.1897 -0.3717 18.8444
984 360  0.8650 -0.0111  9.8357
 24 384 -0.0575 -0.0342 13.1077
 48 384  0.0148  0.0583 13.1394
 72 384  0.0875  0.0339 14.0944
 96 384 -0.0540 -0.0251 16.0462
120 384  0.8325 -1.4335 11.9468
144 384  0.3931  0.0686 11.0412
168 384  0.0316  3.0322 15.6900
192 384  3.6540 -2.8458 15.1378
216 384  4.2729 -1.9610 18.8076
240 384  4.7157 -0.3496 14.9639
264 384  1.8710  0.3656 15.8666
288 384  1.6332  0.2035 15.6973
312 384  2.1595  0.1575 14.2965
336 384  4.4052  0.7721 14.2818
360 384  5.0082  1.5837 13.0643
384 384  4.0512 -0.1055 11.3808
408 384  4.2966 -0.8935 12.0824
432 384  4.0302 -1.5042 16.4783
456 384  3.1973 -5.7972 19.6333
480 384  0.0901 -1.5183 14.6253
504 384 -0.7557 -0.4048 17.2566
528 384 -0.6386  0.7109 15.1200
552 384 -1.3555  0.9872 12.5314
576 384 -0.5548  0.5040 13.0470
600 384 -3.0863 -1.2522 12.7084
624 384 -5.6461 -1.1146 12.1538
648 384 -4.4478 -2.0821 12.1281
672 384 -1.1806 -6.8976 15.8738
696 384 -1.7812 -5.7730 16.8692
720 384 -5.6019  0.0923 14.3078
744 384 -6.5085 -0.0157 16.6665
768 384 -8.6427 -5.5132  8.8859
792 384 -8.3520 -5.4369 15.6636
816 384 -0.8722  5.1045  7.6080
840 384 -0.9355  5.0618 14.0097
864 384 -6.9247 -2.2116  8.9116
888 384 -2.2938  2.7739 11.2643
912 384 -2.4189  4.5880 13.6437
936 384 -1.0477  3.7554 11.6003
960 384  1.7777  0.6746 16.1517
984 384  0.7953  0.0144  9.5356
 24 408 -0.0054 -0.0012 12.3488
 48 408  0.1496  0.4316 14.1695
 72 408 -1.8506  0.7905 14.5998
 96 408 -2.3692  1.7610 15.6898
120 408 -1.1372  0.7522 16.8884
144 408 -0.3240  1.5673 15.4883
168 408  1.5337  2.6567 18.9460
192 408  3.2555  1.2020 15.1186
216 408  2.8905  0.1016 12.0526
240 408 -0.1844  1.8314 15.9359
264 408  2.8337  0.9116 18.3204
288 408  3.4186  0.5965 16.9059
312 408  3.4162  0.0783 16.1612
336 408  2.4804  0.2995 11.5157
360 408  3.6809  2.3824 11.6286
384 408  4.7194  3.2870  9.6808
408 408  3.9009 -0.6682 13.2694
432 408  4.2125 -0.9356 15.2054
456 408  3.1721 -4.2425 12.9803
480 408 -0.0916 -3.1143 15.0646
504 408 -0.9879 -0.8558 16.8696
528 408 -0.4492  0.1809 16.3296
552 408 -0.3243  0.9752 14.5157
576 408  0.0254  0.9340 14.0014
600 408 -3.1429 -1.0536 13.8323
624 408 -4.7635 -1.2386 17.7949
648 408 -3.6514 -2.2652 15.2979
672 408 -1.4484 -6.9584 19.1881
696 408 -3.0400 -5.0476 17.3347
720 408 -5.6609 -1.5040 11.5419
744 408 -6.6801 -0.1503 15.5926
768 408 -7.0658  0.3079 13.1992
792 408 -8.9471  0.8406 10.6894
816 408 -12.0599 -1.0006 11.6346
840 408 -12.1591 -1.0851 10.4733
864 408 -2.4398  6.9485 10.0462
888 408 -2.0391  8.0616 12.4696
912 408 -2.6050  6.2945 10.2930
936 408 -2.2308  4.3398 12.4079
960 408 -0.0867  2.8699 15.3154
984 408  0.9416  0.0945 10.4960
 24 432  0.0345  0.0643 11.7760
 48 432  2.8076  2.0047 18.7403
 72 432  0.0686  4.0359 12.1543
 96 432 -0.2692  0.2863 15.7446
120 432 -0.1842  0.1335 18.1152
144 432 -0.8076  1.3659 16.4555
168 432  0.4974  2.8591 15.4609
192 432  2.1103  2.0916 18.9492
216 432  0.2826  2.7364 15.5839
240 432 -0.1676  0.9474 17.0082
264 432  2.6444  0.6263 17.4521
288 432  4.3610  0.9317 13.9218
312 432  8.1190  2.1593 13.9398
336 432  1.9534  0.2962 12.1027
360 432  1.7056  0.4860 13.8385
384 432  5.1408  4.1457 18.3305
408 432  3.9242 -5.8427 10.0444
432 432  4.4886 -2.1860 14.6418
456 432  2.7626 -2.7266 15.2258
480 432 -0.5911 -2.6170 14.5023
504 432 -1.3516 -2.4260 16.1661
528 432 -2.1057 -1.4349 15.7842
552 432 -3.3665  1.8443 15.8084
576 432 -3.3687  3.7951 13.1721
600 432 -3.9434  3.0476 13.3433
624 432 -5.1140  0.0293 19.1608
648 432 -3.7694 -1.0481 14.2238
672 432 -3.2201 -7.7253 13.9155
696 432 -4.1507 -3.2380 14.4902
720 432 -5.9375 -0.3321 14.8134
744 432 -6.4480 -0.2790 20.5861
768 432 -7.9881  0.7383 14.7422
792 432 -8.8092  1.9915 15.6045
816 432 -12.2328 -0.6039 13.3148
840 432 -12.9052 -1.2620 17.3263
864 432 -4.8128  6.8282 11.6367
888 432 -4.0999  8.3015 13.0279
912 432 -3.5588  9.5440 12.6152
936 432 -2.9119  7.0374 14.4666
960 432 -0.4128  4.5200 15.0593
984 432  0.7647  0.0903 10.5769
 24 456 -0.0174  0.0693 12.9142
 48 456  2.9225  1.8653 17.6431
 72 456  1.8299  3.9411 19.6343
 96 456  2.7664  3.7436 19.5233
120 456  0.0162  0.2761 14.0471
144 456 -1.2011  3.2789 15.3330
168 456 -0.4424  2.8958 16.5274
192 456  0.2454  2.0602 16.4943
216 456 -0.1516  5.1453 18.4846
240 456  1.3295  2.2689 17.9035
264 456  2.2640  1.4230 20.7459
288 456  4.1416  0.9366 16.7638
312 456  9.0442  3.8990 17.4615
336 456  9.8854  4.0157 18.3953
360 456  4.9949  1.9292 10.0940
384 456  3.8087  1.2182  7.8469
408 456  2.2413 -4.8695 13.1997
432 456  3.7996 -1.5846 12.6731
456 456  2.2686 -1.9300 15.8574
480 456  0.7704 -1.8196 14.9756
504 456 -0.6713 -3.6640 16.7280
528 456 -3.0226 -2.1528 12.0402
552 456 -5.0997  2.5054 16.8805
576 456 -6.1186  4.4333 12.8924
600 456 -4.6237  2.8907 11.6902
624 456 -3.8321  1.5994 16.3319
648 456 -2.0486  0.6016 16.2071
672 456 -1.8794 -0.9175 17.1657
696 456 -0.9106 -0.2104 12.8369
720 456 -1.2791 -0.0031 12.8152
744 456 -2.4198 -1.7269 19.5345
768 456 -1.5087 -0.9125 12.6544
792 456 -8.7807  1.9088 16.7725
816 456 -9.3081  2.0661 18.2134
840 456 -13.4675 -1.1464 19.5900
864 456 -4.7216  6.7186  8.3407
888 456 -4.9979  7.1814 12.6158
912 456 -3.5505  7.6258 11.4464
936 456 -3.4878  6.5807 19.1207
960 456 -1.7651  5.5851 14.1259
984 456  0.7873  0.1086 10.5746
 24 480 -0.0687 -0.0595 13.9901
 48 480 -0.1708 -0.0336 16.3656
 72 480 -0.0571  3.0116 14.4984
 96 480  2.1440  4.6591 17.8342
120 480  3.1095  5.5046 14.0875
144 480  3.6306  6.4414 13.3206
168 480  1.0441  2.9705 14.8091
192 480  1.8411  1.1018 18.7525
216 480  4.0192  2.4655 14.9448
240 480  4.5390  3.0698 18.1136
264 480  4.3089  2.7716 18.0212
288 480  7.8714  2.0084 11.6068
312 480 10.0608  4.9072 12.0237
336 480  6.1529  3.4507 15.4778
360 480  5.9761  1.3152 14.0959
384 480  2.9470 -9.3132  9.1931
408 480  3.2907 -2.6137 11.1163
432 480 -0.3513 -1.1706 16.2850
456 480 -2.1489 -1.3669 17.3526
480 480 -2.4673 -3.2095 16.8453
504 480 -1.3585 -3.1210 15.7323
528 480 -2.7247  0.1412 12.9371
552 480 -5.9722  3.6990 13.0641
576 480 -6.0029  4.6307 10.7751
600 480 -4.3068  2.0096 12.4819
624 480 -3.0334  0.3750 12.6150
648 480 -1.8585 -1.0898 15.2734
672 480 -2.1363 -0.5014 16.0557
696 480 -1.3422  0.3827 15.5268
720 480  0.8570  1.5688 16.3672
744 480  0.1751  0.1110 18.0704
768 480 -1.4323 -0.7747 16.7870
792 480  7.0979  9.0601  8.5000
816 480 -0.1267 12.0875 12.9485
840 480 -2.0649 12.0833 14.3871
864 480 -1.9466 11.5582 11.8284
888 480 -3.6897  6.9976 13.2047
912 480 -2.6418  6.9704 10.8711
936 480 -2.5009  6.8502 15.3206
960 480 -2.0561  5.1546 13.8637
984 480  1.0391  0.0894 10.4747
 24 504 -0.0327 -0.0564 12.6494
 48 504 -0.8446 -1.9173 15.7149
 72 504 -1.9061  3.2491 16.3827
 96 504 -0.9197  3.8594 20.6009
120 504  0.0472  6.1780 13.8873
144 504  3.7824  6.5361 12.0386
168 504  8.4865  2.1021 12.9361
192 504  2.5837  0.1436  9.7618
216 504  5.0933  2.2213 12.3067
240 504  5.7905  2.0474 14.3795
264 504  6.3017  2.0424 12.4058
288 504  8.1651  3.0902 16.5347
312 504  7.2413  5.3523 11.9952
336 504  3.8764  4.4424 17.0722
360 504  5.7135  3.2503 13.5440
384 504  3.1101 -1.7153  9.6741
408 504  2.3911 -1.8487 10.1246
432 504  0.2225 -0.1970 16.6346
456 504 -1.0947 -0.2771 15.8578
480 504 -2.7783 -2.5427 15.6121
504 504 -1.2995 -2.6041 16.5035
528 504 -0.8085  0.4081 14.3417
552 504 -1.9369  3.7455 12.4239
576 504 -3.0967  3.1846 12.9089
600 504 -3.2181  0.3815 15.8342
624 504 -3.1526 -1.1884 12.4454
648 504 -2.8028 -0.8205 14.1976
672 504 -3.9573  1.1480 14.7881
696 504 -2.0020  0.8499 14.4514
720 504  1.7727  1.2698 17.7577
744 504  1.8645  1.3197 20.4466
768 504  1.0942  1.9534 15.9943
792 504 -5.9296  6.7318 17.0517
816 504 -4.1541  5.6908 16.9545
840 504 -0.3742  7.4899 11.7625
864 504 -1.8513 11.5559 12.4429
888 504 -2.2781  7.4246 14.3429
912 504 -1.1704  7.8374 17.0955
936 504 -0.2736  7.0892 18.2041
960 504 -0.5229  4.4414 15.1275
984 504  0.8788  0.0162 10.4546
 24 528  0.0156 -0.0088 11.2668
 48 528 -0.3406  4.2352 11.7823
 72 528 -0.2937  4.5554 18.5753
 96 528 -0.6862  3.7640 18.0285
120 528 -0.6124  3.9013 15.2075
144 528  7.5546  1.1505 13.6587
168 528  6.9136  0.9607 16.1765
192 528  8.7464  3.2903 11.1507
216 528  8.4201  3.0859 15.9074
240 528  9.2463  2.5838 13.6271
264 528  8.4185  2.1185 11.9296
288 528  8.0026  3.6559 10.5454
312 528  3.4429  7.7351 12.9835
336 528  4.0374  5.8995 11.8454
360 528  4.1182  3.8338 15.1239
384 528  3.0564 -0.0186 13.7651
408 528  2.1453  0.2014 18.5501
432 528  1.9873  0.2820 19.2456
456 528  0.0216  0.0769 17.3912
480 528 -0.7181  0.0317 21.6545
504 528 -1.4578 -0.9110 17.7794
528 528 -1.1709 -0.1209 13.1513
552 528 -1.7584  4.1523 14.8598
576 528 -1.9409  3.6258 14.1453
600 528 -2.7452  0.6521 15.3713
624 528 -3.2200  0.7222 18.3909
648 528 -0.3288  4.3038 11.1719
672 528 -4.0315  2.9977 14.4251
696 528 -1.8180  2.7299 16.1152
720 528 -0.3234  0.3489 14.0321
744 528  0.8026  2.2058 14.2471
768 528 -0.7548  3.8183 13.7703
792 528 -4.8339  6.6682 18.6286
816 528 -4.5427  5.2907 15.1118
840 528 -3.7932  4.6332 13.3700
864 528  5.0085  7.4413  8.1211
888 528  1.9079  7.2947 11.7158
912 528 -2.1742  5.2584 13.3265
936 528 -1.6121  4.2693 16.6095
960 528 -1.2278  4.1698 19.2488
984 528  0.6452  0.0040 10.4429
 24 552 -0.0161 -0.0070 11.8684
 48 552 -0.2388  4.0964 16.4987
 72 552 -0.2765  4.0747 20.3990
 96 552  0.2598  3.2904 19.4266
120 552  1.8044  2.1024 13.5142
144 552  4.4843 -0.0743 16.3425
168 552  5.2914 -0.1221 16.0106
192 552  3.7866  0.1256 12.4825
216 552  1.8929  0.5558 10.0649
240 552 11.0565  2.1456 11.1645
264 552 10.8427  2.1596 12.5445
288 552  2.5348  6.7584 15.5673
312 552  4.0746  7.2247 14.9949
336 552  5.0027  5.5444 13.2625
360 552  3.7694  2.4864 12.2309
384 552  4.0072  1.3216 14.0206
408 552  2.0676  2.6685 17.8912
432 552  1.1984  1.7535 18.0376
456 552  0.7474  1.7383 16.1576
480 552 -0.0936  3.0366 14.5602
504 552 -1.8324 -0.0502 18.1082
528 552 -3.1191  2.1066 17.6252
552 552 -1.1418  4.0218 12.0296
576 552 -2.0647  5.7803 13.6006
600 552 -2.1408  1.8986 14.2757
624 552 -2.9668  0.9990 14.3406
648 552 -0.0590  5.6981 11.0567
672 552  0.1039  4.7566 14.6603
696 552 -0.1371  3.7143 17.2865
720 552 -0.1995  1.4116 15.1323
744 552 -0.6711  0.8311 12.2169
768 552 -3.7906  3.7158 11.8011
792 552 -2.1854  7.7514 14.9332
816 552 -3.6910  4.8875 16.6662
840 552 -0.4577  3.3946 17.8947
864 552  1.9146  4.8099 19.1673
888 552  2.2524  5.1914 12.6806
912 552 -2.8274  3.8953 18.4622
936 552 -2.5528  3.7559 14.5640
960 552 -2.0875  2.7104 15.4175
984 552  0.8107 -0.0276 10.4141
 24 576 -0.0161 -0.0387 12.3828
 48 576  8.2714 -0.1201 13.5862
 72 576  0.2413  3.7919 11.6871
 96 576  6.3678 -0.1484 14.5382
120 576  4.2363  0.9333 18.1506
144 576  4.3037 -0.7289 18.1223
168 576  2.7856 -0.1733 15.0237
192 576  1.5950  1.8122 16.1459
216 576  1.7462  1.5546 12.1875
240 576  3.5714  1.3006 10.9436
264 576  5.0424  3.6021  8.7358
288 576  3.1992  5.5951 12.9147
312 576  4.5649  5.6320 14.9387
336 576  4.5466  4.2603 17.5264
360 576  2.7979  2.7712 13.5848
384 576  1.9741  1.2181 14.7588
408 576  1.8745  2.9550 14.9500
432 576  0.8378  2.2748 14.7493
456 576  0.8499  2.2851 13.5965
480 576  0.3682  3.0024 15.8046
504 576 -1.1544  2.9330 16.2401
528 576 -2.1840  3.9390 20.9997
552 576 -2.6580  4.2544 13.9848
576 576 -0.3286  4.1267 15.4934
600 576  0.0805  2.5227 19.5511
624 576 -0.1616  1.2538 14.4231
648 576 -5.1327  0.7632 10.2700
672 576  0.0717  5.0189 12.6096
696 576 -0.0262  2.2784 18.5243
720 576 -0.2344  1.6113 20.0852
744 576 -1.2134  0.0379 14.8064
768 576 -3.0033  1.7059 10.3863
792 576 -3.1491  3.9873 14.4673
816 576 -2.6525  4.3150 16.4922
840 576 -1.2579  3.6486 14.1470
864 576  1.0101  4.2908 16.6060
888 576  0.1503  3.8017 11.5705
912 576 -2.4603  3.9187 15.7511
936 576 -1.9069  3.6077 18.4453
960 576 -2.2445  0.2288 18.3962
984 576  1.0122 -0.0243 10.3383
 24 600  0.0311 -0.2740 11.2969
 48 600  1.3290 -5.9070 14.4122
 72 600  7.8492 -0.0874 17.0264
 96 600  7.2112 -0.3008 16.0446
120 600  5.2681 -0.8961 15.0993
144 600  5.2115 -0.3177 16.9662
168 600  1.6800  1.1478 12.8291
192 600  0.4516  3.1393 15.6261
216 600  2.3050  3.1134 13.8003
240 600  5.3476  2.3411 14.3294
264 600  8.1206  0.8103 18.3236
288 600  7.7882  3.2706 14.7436
312 600  4.3622  3.5729 10.4009
336 600  5.1921  3.8732 12.4513
360 600  3.3154  2.8664 13.6766
384 600  2.3441  2.8752 13.1533
408 600  2.0744  2.6310 14.0469
432 600  1.9362  1.6585 15.6903
456 600  1.3681  1.3693 15.9276
480 600  0.2966  1.1393 17.1376
504 600  1.5982  3.2899 14.3410
528 600 -0.3694  5.2312 16.0559
552 600 -0.8840  4.7175 16.1820
576 600  0.0411  2.5202 17.6247
600 600  0.2426  2.0488 22.9250
624 600  0.9870 -1.8358 15.3188
648 600  1.1281 -2.0573 14.9385
672 600  0.7237  0.0076 11.3371
696 600 -0.4447  1.9886 18.1691
720 600 -0.5385  2.2487 17.9018
744 600 -4.6458 -2.5539 15.4399
768 600 -3.2154 -1.5669 13.2087
792 600 -3.1232  1.0240 15.9837
816 600 -2.7642  1.1201 14.6011
840 600 -2.3510  1.9851 16.3410
864 600 -2.2957  2.7112 15.9233
888 600 -2.8625  3.7656 13.4111
912 600 -2.1329  3.5962 16.5273
936 600 -1.7512  2.9645 16.5698
960 600 -0.8734 -0.2483 15.3914
984 600  0.8080  0.0106 10.7624
 24 624  0.0086 -0.1812 11.7028
 48 624  0.9940 -5.8425 16.8183
 72 624  6.4124 -0.9195 14.2359
 96 624  6.9580 -1.8321 15.0130
120 624  6.1711 -2.9463 17.9395
144 624  6.1601 -2.3225 13.4629
168 624  1.0839  2.0462 11.0313
192 624  7.7070  2.0785  9.6549
216 624  4.7430  3.1884 10.9466
240 624  5.5960  2.1285 13.5109
264 624  7.8707  1.6441 14.1289
288 624  8.9098  4.1506 13.2720
312 624  7.2500  5.0860 11.0284
336 624  7.5797  3.7790 15.5521
360 624  6.6094  2.2447 13.0039
384 624  6.0202  3.1328 15.8825
408 624  3.7017  1.8771 14.0026
432 624  3.7908  1.9080 16.8384
456 624  3.8284  1.8100 12.8661
480 624  2.1640  0.2422 13.7347
504 624  2.5081  2.7777 14.1390
528 624  1.6116  3.6595 19.2086
552 624  0.8351  3.3856 13.9358
576 624  0.3360  2.1641 16.9476
600 624  0.3545  1.5812 19.2184
624 624  0.0987 -0.0366 15.6656
648 624 -0.1157  2.4092 14.2080
672 624 -0.2535  2.1756 15.8181
696 624 -1.0014  0.2923 15.4957
720 624 -2.6326  0.7212 14.1642
744 624 -6.0296 -4.2762 16.6844
768 624 -5.0792 -1.9716 15.6376
792 624 -5.0179  0.0435 18.3911
816 624 -4.0861  1.1217 17.3884
840 624 -3.7463  1.3468 12.3985
864 624 -3.0113  2.6647 15.3186
888 624 -2.3109  1.8518 14.5952
912 624 -2.3803  1.0288 13.4705
936 624 -0.9115 -0.2303 13.3169
960 624 -0.3230 -2.9076 16.9895
984 624  0.6808  0.0301 10.6820
 24 648 -0.0227  0.0073 12.6829
 48 648  0.6496 -6.0180 14.6441
 72 648  1.7855 -5.6167 13.2175
 96 648  4.1054 -6.1716 12.7546
120 648  7.8048 -3.7887 11.8752
144 648 10.1392 -3.9494 10.6955
168 648 12.1223 -3.0324  8.9781
192 648  7.2597  4.1758 10.1313
216 648  6.9874  5.2676 14.4075
240 648  6.9969  2.9063 14.8154
264 648  8.3048  2.1556 15.0406
288 648  9.4313  5.4594 13.2375
312 648  8.9510  5.8373 12.4381
336 648  8.6117  2.0877 11.7180
360 648  7.9618  2.2369 13.5374
384 648  6.6988  2.0193 16.2727
408 648  5.9718 -0.0386 15.7686
432 648  5.6210  1.0086 13.0647
456 648  5.6311  2.2587 13.1810
480 648  4.4431  1.9173 14.3744
504 648  2.7512  2.0971 12.2513
528 648  1.4497  2.7688 18.8141
552 648  0.8494 -0.1703 14.4352
576 648  0.1306  2.2590 16.6413
600 648  0.1367  2.0022 15.9946
624 648  0.0567  1.7423 17.1446
648 648  0.2985  3.7732 17.8749
672 648  0.0895  2.0744 11.8762
696 648 -1.0635 -2.0831 12.7861
720 648 -1.0780 -2.7824 11.9125
744 648  0.1442  3.0747 15.0218
768 648  0.2607  3.2224 11.5818
792 648 -4.0205 -0.8635 10.7126
816 648 -3.3345 -0.5520 14.8713
840 648 -3.9351  0.9008 14.7046
864 648 -0.0591  0.1998 11.9306
888 648  0.0972  0.4567 13.7017
912 648 -1.6912  1.1015 17.4714
936 648 -2.8968 -1.7199 15.2292
960 648 -3.0620 -3.8632 16.6962
984 648  0.7277 -0.1287 10.7167
 24 672 -0.0119 -0.0641 12.4200
 48 672 -0.1170 -6.5495 18.3229
 72 672  2.2361 -6.4184 15.1720
 96 672  4.2512 -6.8202 17.1647
120 672  8.9944 -3.2754 11.3188
144 672 10.6377 -3.6705 12.6857
168 672  5.9199  0.2116 11.2348
192 672  5.4796  2.0341 14.1152
216 672  6.9413  5.6827 15.4619
240 672  7.3665  3.2706 12.8718
264 672  9.0347  3.5413 15.2886
288 672  9.6233  4.0118 13.3432
312 672  8.0195  4.2306 10.7744
336 672  8.4645  2.1030 12.7235
360 672  7.9807  2.8238 15.5996
384 672  6.4908  0.9972 12.9656
408 672  6.6070 -0.7549 19.3313
432 672  5.9988  0.2544 13.6509
456 672  5.3723  2.0010 14.8398
480 672  3.5901  3.3300 13.7778
504 672  2.8076  4.5102 14.6857
528 672  2.4164  4.5367 18.6678
552 672  1.0351  1.7982 15.0020
576 672  0.4710  2.4764 12.1374
600 672  0.2470  2.4210 12.5983
624 672  0.8707  4.1146 17.0199
648 672  0.8375  4.2786 19.9096
672 672  3.6663  4.4410 10.9479
696 672 -2.0742  0.5514 14.2783
720 672 -1.0862 -2.8175 13.1439
744 672 -1.7186 -0.4574 12.7234
768 672 -0.1567  3.7031 13.2708
792 672  0.0816  0.8984 12.8314
816 672 -0.7805 -1.9441 19.9089
840 672 -0.8635 -1.8618 16.3355
864 672  0.6280 -1.9999 21.7248
888 672  1.2868 -0.6547 18.0997
912 672 -1.2339  0.8915 17.4313
936 672 -4.0514 -3.6773 10.7866
960 672 -4.1457 -3.9921 15.6641
984 672  0.8514 -0.0613 10.7528
 24 696  0.0016 -0.0989 12.1349
 48 696  0.7739 -5.8087 13.7781
 72 696  4.0252 -6.5085 12.8927
 96 696  5.7907 -5.4269 12.9858
120 696  7.8004 -2.2272 14.1148
144 696 -1.4501 -1.1683 12.6777
168 696  4.5663  1.3021 13.6041
192 696  4.9269  2.2183 16.7366
216 696  4.0836  3.9058 16.7542
240 696  6.9566  2.6748 12.8265
264 696  8.5680  3.2508 13.7105
288 696  9.5136  3.4755 14.9406
312 696  7.9609  3.8055 10.4740
336 696  8.0048  2.1059 16.2600
360 696  8.0458  2.6895 16.2453
384 696  9.0787 -0.2505 16.0965
408 696  8.3860 -0.6988 16.8485
432 696  4.1559  1.0843 13.7768
456 696  2.7663  2.8928 19.1725
480 696  2.4839  4.7066 18.3020
504 696  2.2256  5.0623 16.1533
528 696  2.3568  5.0789 20.4029
552 696  2.4164  5.0630 16.2042
576 696  2.6820  4.3964 17.1905
600 696  2.9184  5.8465 16.4550
624 696  2.2032  5.1074 15.2683
648 696  1.1321  3.7571 13.4438
672 696  3.9174  2.3848 13.6005
696 696  0.0499  3.4844 10.8808
720 696 -4.1568  0.8624 10.8719
744 696 -3.6626  0.1636 11.6929
768 696 -2.0015  0.2649 12.8260
792 696 -1.0096 -0.0859 11.7703
816 696 -1.0582 -2.0450 15.6760
840 696 -0.8237 -2.5842 23.7842
864 696  0.3998 -2.7450 26.0835
888 696  0.4456 -0.9123 15.7617
912 696 -2.7495  2.1540 14.5921
936 696 -4.9945  0.5137 10.5450
960 696 -5.9744 -3.4539 17.1086
984 696  0.7306  0.0654  9.9332
 24 720 -0.0166 -0.1216 12.6938
 48 720  0.4611 -5.1783 11.5363
 72 720  7.6856 -4.9711 11.0287
 96 720  5.0741 -5.1911  9.3267
120 720  8.9247  1.7787 15.3058
144 720 -1.4310 -1.2309 14.8948
168 720 -1.6809 -1.3733 17.1445
192 720 -0.2556  1.0820 12.9093
216 720  2.9673  3.1177 12.7943
240 720  2.3017  0.0496 13.1599
264 720  5.8201  1.8630 13.3696
288 720  6.9289  2.8342 12.7572
312 720  8.8146  2.5574 16.1516
336 720  8.8107  1.6867 19.0423
360 720  8.1228  2.1928 12.9746
384 720 10.8942 -1.1000 18.4258
408 720  8.2521 -0.8000 17.8200
432 720  5.8945  4.5504  8.3988
456 720  4.3133  2.6787 15.9598
480 720  4.9560  3.5544 19.9909
504 720  1.4600  4.7344 13.7525
528 720  2.0874  4.7881 17.7149
552 720  2.3019  4.8231 16.6275
576 720  3.1494  4.3060 15.4059
600 720  3.3386  5.1484 17.2704
624 720  3.2915  4.9406 12.9187
648 720  3.9823  4.5366 11.4209
672 720  0.3848  5.7161 15.1933
696 720 -0.1598  6.1947 15.0249
720 720 -4.2843  2.3203 12.1468
744 720 -4.9810  1.0935 14.3846
768 720 -3.2343  0.8431 12.1713
792 720 -1.5099 -0.3522 12.3350
816 720 -1.3752 -1.4072 17.8122
840 720 -0.6323 -2.9065 21.2605
864 720 -0.0541 -2.6650 15.2523
888 720 -3.9365  3.5328 10.0519
912 720 -5.1614  7.6125 11.1341
936 720 -5.2511  6.2948 10.0872
960 720 -5.6973 -3.2004 15.0662
984 720  0.5549 -0.0072  9.6577
 24 744 -0.0251 -0.0774 12.7262
 48 744 -1.1509 -4.1197 10.1901
 72 744 -0.9277 -3.3749 11.4138
 96 744 -1.0554 -0.3358 11.4647
120 744  8.6832  3.7601 19.0009
144 744  8.2815  3.0231 20.0915
168 744  7.8242  2.2117 18.0531
192 744 -1.7756  1.0593 12.7458
216 744 -4.0873  2.1315  9.7171
240 744  1.6207  0.3567 11.3420
264 744  4.1012  1.3704 16.0884
288 744  5.7273  2.0705 11.4652
312 744  8.4594  1.9423 18.1190
336 744  8.8387  1.5673 17.0487
360 744  7.8875  1.1678 12.5327
384 744  7.3128 -1.9031 15.9029
408 744  6.3878 -1.8526 18.2629
432 744  7.7470  2.8880 12.2079
456 744  4.6817  3.0367 17.7622
480 744  4.2699  2.7669 16.7660
504 744  1.9322  3.1222 15.8458
528 744  1.8174  3.2677 18.9470
552 744  2.7373  3.1916 18.1298
576 744  4.2512  4.2601 17.7622
600 744  3.7246  4.7051 17.5173
624 744  2.3925  2.7977 17.3208
648 744 -0.1200  0.8316 13.4858
672 744  0.0038  6.3604 17.8037
696 744 -0.7255  6.6804 16.1406
720 744 -2.6183  2.9678 12.9233
744 744 -4.4553  1.0803 12.7538
768 744 -3.8705 -0.0248 13.7770
792 744 -3.7179 -2.2440 14.0208
816 744 -3.7389 -3.0517 12.2470
840 744 -5.4540 -3.3491 13.3408
864 744 -6.0358  1.8327  9.4114
888 744 -5.1498  3.5539 12.8148
912 744 -5.7646  9.0066  9.6592
936 744 -5.7892  3.3802  9.0676
960 744 -4.7473 -0.3418  8.7812
984 744  0.9431 -0.0214  9.8326
 24 768 -0.0092 -0.0322 12.4573
 48 768 -10.6127 -4.1900  8.5560
 72 768 -0.9787 -2.7974 12.6112
 96 768 -1.8698  0.9759 16.1084
120 768  5.9191 -0.0371 10.3447
144 768  8.6772  3.0521 16.8124
168 768  8.1520  2.1619 11.1675
192 768  7.8620  9.2631 11.5708
216 768 -6.9442  2.2752 11.4897
240 768 -4.7726  5.1702 11.3875
264 768  0.1478 -1.8572 13.2433
288 768  0.1034 -0.4603 16.9180
312 768  1.3687 -0.0375 14.0722
336 768  5.2773  1.5542 12.0765
360 768  8.0872  0.7492 14.3957
384 768  9.2707 -1.0419 18.2216
408 768  7.4630 -2.2644 13.7584
432 768  3.4949  2.9608 12.5346
456 768  3.3393  2.5870 17.5139
480 768  2.6173  2.2600 15.6792
504 768  1.7270  1.9834 20.4868
528 768  1.7512  1.8891 20.1729
552 768  2.6769  2.1064 14.8334
576 768  2.3405  2.0621 13.3605
600 768  3.1611  4.8513 13.1830
624 768  3.1604  2.8875 15.2251
648 768  0.4254  1.0083 13.6318
672 768 -0.8492 -1.9432 15.3763
696 768 -1.9565  1.9989 12.5272
720 768 -0.0769  1.4189 12.6636
744 768 -0.0695  1.7066 17.5393
768 768 -0.6701  0.8079 15.2792
792 768 -2.0073 -0.2439 16.8589
816 768 -6.8382 -4.5137 16.1655
840 768 -7.0230 -4.6181 16.1011
864 768 -6.2049 -3.4346 11.5414
888 768 -5.4138  2.8461 12.7561
912 768 -5.5196  3.2702 13.1776
936 768 -5.6483  1.9595 13.8711
960 768 -6.4825  1.1244  8.9587
984 768  0.7642 -0.0665  9.3584
 24 792 -0.0165 -0.0028 12.8253
 48 792  2.2714  0.9943 18.3293
 72 792  4.5482  3.1472  9.4504
 96 792  0.0123  2.1779 13.7412
120 792  2.8052  4.0698 13.7819
144 792  3.7868  4.0374 17.8094
168 792  7.9461 11.8842 18.1301
192 792  7.7048  8.8571 17.4360
216 792  7.2540  7.9869 16.5806
240 792 -0.0358  7.0614 15.5821
264 792 -0.0925  7.4741 14.5398
288 792  0.3423 -0.7219 15.1027
312 792  0.7625 -0.9815 15.7734
336 792  3.1401 -0.1437 14.6270
360 792  6.5090 -2.7503 13.9430
384 792  8.4364 -0.8421 17.9359
408 792  9.4624 -0.6316 11.4439
432 792  4.3092  2.9497 11.9141
456 792  3.5811  2.8564 16.0585
480 792  3.6029  0.9498 15.1356
504 792  1.8124  0.4727 19.6892
528 792  1.9647  1.5534 16.9405
552 792  2.1998  1.5276 18.2521
576 792  0.9752  0.3852 14.3688
600 792  0.3760  3.9322 14.8961
624 792  3.5721  2.3030 16.1110
648 792 -0.3580  0.0826 11.9740
672 792 -1.3010 -0.1137 15.5804
696 792 -1.5861  0.2083 16.0355
720 792 -0.2361  0.8665 14.9828
744 792 -0.3145  3.0733 16.7059
768 792 -0.3867  2.3190 17.4074
792 792 -2.6853  0.8250 17.5230
816 792 -7.3820 -5.2313 18.7049
840 792 -7.0953 -5.3630 18.5966
864 792 -4.6273 -4.3947 11.6678
888 792 -6.2209 -2.1438 11.9115
912 792 -5.2435  2.1804 11.9967
936 792 -1.7383 -6.1212 15.1199
960 792 -3.2476 -8.9569 14.7218
984 792  0.4623 -0.0711  9.7070
 24 816 -0.0225  0.0395 12.7075
 48 816  1.6630  1.3034 14.5736
 72 816  5.8350  7.8320 11.3263
 96 816  4.0994  9.0183 13.9929
120 816  2.0195  4.6554 13.2472
144 816  3.9304  4.2462  9.2854
168 816  3.4358  6.6333  9.3575
192 816  3.4070  6.4652 12.9030
216 816  3.7038  4.1910 19.3138
240 816  2.6883  4.3922 12.5123
264 816  1.1154  2.9962 11.1615
288 816  2.4141  0.1015 14.3222
312 816  0.3917  0.0456 15.7768
336 816  0.6660  0.3874 19.3667
360 816  3.6993 -3.3367 11.8799
384 816  7.3737 -1.0763 15.2075
408 816  6.9877  4.0837 14.4163
432 816  5.7586  4.5714 16.7241
456 816  0.4046 -0.7617 14.6900
480 816  0.6536 -0.6149 19.9695
504 816  0.8489 -0.8557 23.3338
528 816 -6.8864 -0.9462 17.5200
552 816 -6.0610 -3.6592 14.7814
576 816 -6.0058 -1.0265 10.5583
600 816 -4.4811  0.0660 13.2712
624 816 -1.5410  0.1220 19.4670
648 816 -2.4633 -0.6691 14.9925
672 816 -3.1329 -0.2124 16.7971
696 816 -3.0934 -0.5010 13.5186
720 816 -1.8180 -2.4610 12.4723
744 816 -1.7767  4.1061 11.5087
768 816 -0.9713  3.1577 12.1281
792 816 -2.2773 -0.1797 14.2098
816 816 -4.0994 -7.6649 12.0333
840 816 -3.4811 -7.0850 12.0911
864 816 -5.6054 -6.5676 10.6615
888 816 -5.1475 -5.6274 11.7469
912 816 -5.7187 -7.3726 11.8947
936 816 -2.3395 -8.0755 14.6776
960 816 -1.9848 -8.2887 12.6482
984 816  0.6644 -0.0053 10.0304
 24 840 -0.0106  0.0681 12.7552
 48 840  1.6377  1.7633 13.0518
 72 840 11.1001 14.1488 12.1552
 96 840  6.3397  9.9976  9.0884
120 840  5.0702  8.2473 10.7601
144 840  1.7602  9.4547 13.7426
168 840  2.3170  6.0521 16.1088
192 840  2.7996  3.7489 15.9540
216 840  3.1095  2.9098 20.1487
240 840  2.9943  4.0301 14.9993
264 840  3.3170  4.7734 12.1221
288 840  4.0142  2.8337 14.9640
312 840  2.9061  6.0161 15.8936
336 840  1.2081  1.7032 17.6366
360 840  1.8974 -0.0409 16.1364
384 840  2.2046 -1.9152 16.0260
408 840  2.0230  0.0687 13.9502
432 840  2.0731  0.2279 16.4271
456 840  0.1549 -1.2923 17.4219
480 840 -0.0982 -4.1995 18.5217
504 840 -6.7955 -1.4735 18.3571
528 840 -6.7926 -1.6094 19.8071
552 840 -6.1320 -4.0748 14.8091
576 840 -6.0396 -1.3666 13.2586
600 840 -4.1430 -0.1960 12.1467
624 840 -1.3032 -0.1241 14.8268
648 840 -1.9920 -1.8390 13.4307
672 840 -3.5189 -2.8718 15.1294
696 840 -3.8560 -2.6234 15.5503
720 840 -3.9786 -2.2656 14.5483
744 840 -5.1388  1.1581 10.6029
768 840 -0.0146 -3.2273 14.6094
792 840 -0.0539 -3.3792 14.6152
816 840 -2.9698 -6.0587 12.7456
840 840 -3.8097 -7.2677 14.2498
864 840 -4.7104 -8.1631 14.2352
888 840 -5.2260 -7.7850 13.6233
912 840 -5.7959 -9.4454 14.8208
936 840 -5.9448 -9.8200 16.2604
960 840 -3.1779 -8.0673 10.6905
984 840  0.8026 -0.2420 10.2166
 24 864  0.0101  0.0474 12.4778
 48 864  4.5722  8.9785  8.4522
 72 864  5.0887 14.2765  9.8455
 96 864  0.1374  7.1480  9.5334
120 864  1.5989  8.0518 18.0916
144 864  2.3998  8.2130 20.6384
168 864  1.1321  6.1325 19.2756
192 864 -0.1557  2.7719 15.4062
216 864  0.0078  3.4398 17.7307
240 864  0.3333  4.0102 13.5173
264 864  3.3038  4.8932 11.9388
288 864  3.9620  5.0199 13.8666
312 864  3.2730  5.9969 16.4102
336 864  3.2951  3.0024 13.8815
360 864  2.9759  0.2116 16.5805
384 864  2.6900 -0.8862 21.1520
408 864  1.8773 -0.1266 18.0604
432 864  1.4827  0.4873 15.7765
456 864  1.5390 -2.2899 15.3190
480 864  0.7269 -4.8812 16.9244
504 864 -6.6883 -0.9528 17.3491
528 864 -6.5161 -2.6547 17.4897
552 864 -4.5068 -5.8581 17.1745
576 864 -3.3186 -4.1721 12.0070
600 864 -2.4402  0.1746 13.1034
624 864 -0.6449  0.1506 14.8568
648 864 -0.2609 -2.9617 13.3649
672 864 -2.5502 -1.8530 12.9692
696 864 -3.8288 -0.1776 15.7882
720 864 -1.8052 -0.4662 13.9267
744 864  0.2810 -2.6851 13.5915
768 864  0.3661 -3.7325 16.6411
792 864  0.1154 -3.8950 20.9899
816 864  0.0270 -4.3391 12.9364
840 864 -2.0758 -5.6256  9.7257
864 864 -3.9502 -5.8878 11.9743
888 864 -5.0615 -7.5833 13.2308
912 864 -4.1617 -8.4730 13.7528
936 864 -4.8454 -9.2047 13.4593
960 864 -4.2392 -8.2252 12.0024
984 864  0.9736 -0.1671 10.4743
 24 888  0.0103  0.0238 11.7633
 48 888 -0.1048 12.8845 13.7116
 72 888 -0.0313 16.0070 14.4237
 96 888  1.5526 13.3890 11.7264
120 888  1.4084  7.1086 18.2113
144 888  1.8156  7.3109 16.2378
168 888 -0.5220  1.3619 12.7713
192 888 -1.3236  2.9603 15.4490
216 888 -1.6861  4.4867 16.0965
240 888 -0.4833  5.6069 16.0166
264 888 -1.2238  6.7822 18.1251
288 888 -0.4057  6.8875 13.6812
312 888  4.5423  8.1556 17.7222
336 888  3.5400  5.9748 16.0915
360 888  4.0434  2.4650 13.0870
384 888  3.8457  0.8274 16.4455
408 888  2.1875 -0.8449 16.6566
432 888  1.0073 -0.2863 17.2596
456 888  1.7005 -1.4200 17.5908
480 888  1.5765 -4.5026 15.5781
504 888 -0.2428 -5.0827 12.7596
528 888 -2.9139 -6.7217 14.1014
552 888 -3.6996 -6.0302 18.3328
576 888 -1.8417 -5.0684 19.6023
600 888 -0.3945 -3.9332 13.2602
624 888  3.0959 -1.3866 14.8449
648 888  2.5732 -2.1518 15.2849
672 888 -0.1846 -0.3085 12.3649
696 888 -3.1107 -0.9369 15.9725
720 888 -0.9541 -0.5315 14.3940
744 888  0.3788 -0.6351 12.9310
768 888  1.1298 -6.1772 12.8376
792 888  0.2767 -4.1070 15.9062
816 888  1.1230 -3.1780 12.4759
840 888 -0.0461 -5.5474 10.8797
864 888 -1.2218 -3.6688 13.6338
888 888 -0.9467 -3.7911 12.0268
912 888 -2.2487 -6.5208 12.9796
936 888 -3.6829 -5.1952 13.3546
960 888 -4.2688 -4.1193 13.1253
984 888  0.7529 -0.0666 10.2153
 24 912 -0.0136  0.0083 12.0875
 48 912 -1.3211  9.9078 10.6491
 72 912 -2.0968  5.1680 10.0650
 96 912 -3.8473  7.2387 16.2729
120 912  8.2950  6.9106  7.8512
144 912 -16.6338  0.5801 11.7998
168 912 -3.1650  0.8535  7.4142
192 912 -2.6876  3.4957 12.1897
216 912 -3.4585  5.0082 16.5210
240 912 -2.0654  5.8891 18.0085
264 912 -1.8286  6.6106 17.8911
288 912 -0.4786  5.9066 15.4839
312 912  2.8860  7.8913 13.9065
336 912  1.1552  6.8718 11.7598
360 912  2.9803  5.8319 14.2494
384 912  1.9850  4.5087 12.2661
408 912  0.9709 -0.0499 17.0771
432 912  1.2605 -0.0792 20.2970
456 912  1.4214 -0.0960 19.1271
480 912  0.4396  0.0121 13.0907
504 912  2.2645 -8.3261 13.1550
528 912 -0.0565 -3.8872 11.3977
552 912 -0.6284 -3.9211 14.7000
576 912 -1.6913 -4.8319 14.2340
600 912  0.5832 -4.7997 13.5570
624 912  3.9294 -2.1996 16.4937
648 912  3.7315 -1.9859 14.8246
672 912  1.5160 -3.9954 16.4986
696 912 -0.7515 -4.1672 15.7439
720 912 -2.1967 -2.0558 15.6658
744 912 -2.3850 -7.2126 14.8106
768 912  0.1210 -7.6983 13.5804
792 912  0.9475 -4.1367 17.5071
816 912  0.2104 -4.7800 14.3648
840 912 -0.2143 -4.9744 11.2581
864 912 -0.8782 -4.2129 13.9716
888 912 -0.7536 -4.2619 14.4150
912 912 -0.7207 -3.8921 18.2781
936 912 -1.5638 -4.1008 15.5488
960 912 -3.3508 -3.2995 15.2774
984 912  0.4873 -0.1041 10.2292
 24 936 -0.0182 -0.0204 12.0515
 48 936 -2.3846  6.7852 12.7195
 72 936 -2.8845  6.3145 20.2003
 96 936 -3.8876  6.8015 14.9426
120 936 -12.8705 -0.0436  9.5755
144 936 -16.2054 -0.1633 10.5894
168 936 18.7135  8.6692 10.0983
192 936 -2.1603  1.7824 10.8571
216 936 -1.3208  5.1131 13.5756
240 936 -1.1772  6.1080 19.2591
264 936 -0.2895  6.5643 15.8878
288 936 -0.0022  5.7286 16.2523
312 936  0.3726  8.9575 11.6865
336 936  0.8081  6.9808 15.8168
360 936  1.3890  6.6764 14.1093
384 936  0.2996  5.2583 11.5655
408 936  1.0376  0.3311 14.6293
432 936  1.4209  0.2618 15.9864
456 936  1.3632  0.6776 16.3986
480 936  3.2130 -9.0312 15.0595
504 936  3.7472 -8.4064 13.4539
528 936  1.1481 -2.4086 16.8665
552 936  0.4563 -3.7522 11.3485
576 936  1.1292 -9.2631 15.4754
600 936  0.8933 -8.9103 17.6014
624 936 -0.9613 -4.0119 18.3075
648 936 -1.0423 -2.9236 12.7236
672 936  1.1397 -2.1704 16.7170
696 936 -0.2312 -2.9300 14.5318
720 936 -2.8685 -0.2200 19.3274
744 936 -3.7311 -3.4816 10.8633
768 936 -3.8724 -8.2141 12.3587
792 936 -0.1936 -5.6952 11.8202
816 936 -4.7848 -6.1603  9.4351
840 936 -4.7660 -7.3263 15.5314
864 936 -1.9365 -7.7067 13.3941
888 936 -1.0086 -4.8943 13.0311
912 936 -0.2267 -3.0440 10.8641
936 936 -0.2408 -2.9313 15.5854
960 936 -0.2604 -0.3676 15.2132
984 936  0.8950  0.0023 10.8551
 24 960 -0.0138 -0.0226 12.1306
 48 960 -2.2174  7.0821 11.6525
 72 960 -2.8855  7.5471 18.2289
 96 960 -2.7608  7.5333 13.9640
120 960  4.5937  0.9720 11.8160
144 960  2.1860  1.0560  8.9059
168 960  0.8296  0.2993  9.0177
192 960 -2.6624  0.5918 14.7542
216 960 -2.4972  1.0546 12.1799
240 960 -1.5408  6.8618 16.7201
264 960 -0.0014  6.8952 17.8460
288 960  0.9312  7.9719 16.0214
312 960  0.4184 10.1323 14.0307
336 960  2.1414 12.9951  8.4447
360 960  1.7989  9.9637  9.7940
384 960  0.9687  3.7880 10.3020
408 960  2.0027  1.5949 14.4234
432 960  2.6407  1.3061 16.8032
456 960  1.9616  0.5405 14.7569
480 960  3.9349 -8.8736 12.5804
504 960  2.0711 -0.3790 12.7780
528 960  2.8847 -1.8242 14.7721
552 960  2.4198 -6.0383 15.3631
576 960  1.7923 -7.9872 13.1311
600 960 -0.0801 -6.2092 15.5306
624 960 -0.9207 -3.9438 20.2506
648 960 -0.9149 -3.8611 17.9208
672 960 -0.9726 -5.0739 18.1641
696 960 -2.0157 -8.7825 15.5144
720 960 -2.6701 -8.4098 15.7990
744 960 -4.2720 -7.1418 17.0722
768 960 -4.2469 -7.9865 16.1734
792 960 -5.1887 -6.9542 12.3752
816 960 -5.1397 -6.8139 13.2620
840 960 -4.5343 -8.2151 16.2959
864 960 -3.4115 -8.8479 12.2764
888 960 -2.8378 -5.8270 12.4765
912 960 -1.3154 -2.6057 11.8146
936 960 -1.0425 -2.7386 17.9520
960 960 -1.8993 -1.0983 14.9992
984 960  0.8566 -0.0237 10.3084
 24 984 -0.0123  0.0129 14.6978
 48 984  0.0087  0.0051 12.6637
 72 984 -0.0337  0.0216 12.7136
 96 984 -0.0548  0.0222 12.6923
120 984  0.0381  0.0007 12.2971
144 984  0.0141  0.0192 12.5285
168 984 -0.0106  0.0320 12.4987
192 984 -0.0737  0.0186 12.5878
216 984 -0.0548 -0.0124 12.3012
240 984 -0.0186 -0.0110 12.3756
264 984 -0.0268  0.0152 12.0672
288 984  0.0511  0.0489 11.1954
312 984  0.0456  0.0310 11.1257
336 984 -0.0059 -0.0027 12.3082
360 984 -0.0481 -0.0038 12.0652
384 984  0.0228 -0.0111 12.1279
408 984  0.1236  0.0005 12.7529
432 984  0.0648  0.0014 12.8110
456 984  0.0487 -0.0237 12.1632
480 984  0.0529 -0.0211 12.2399
504 984  0.0377  0.0003 12.3604
528 984  0.0213  0.0072 11.9648
552 984  0.0343  0.0081 12.3904
576 984  0.0486  0.0020 12.4044
600 984  0.0040  0.0033 12.5218
624 984 -0.0139 -0.0135 12.2915
648 984 -0.0130 -0.0127 12.3584
672 984  0.0696  0.0063 12.3362
696 984  0.0011  0.0130 10.9775
720 984 -0.0463 -0.0007 11.2022
744 984 -0.0105 -0.0103 11.8946
768 984  0.0038  0.0048 12.0262
792 984 -0.0113  0.0045 12.4466
816 984 -0.0761 -0.0060 12.5802
840 984 -0.0209  0.0206 12.7992
864 984 -0.0548  0.0259 12.7812
888 984 -0.0639  0.0050 12.6554
912 984 -0.0211 -0.0148 11.9061
936 984  0.0267 -0.0167 11.7253
960 984 -0.0671 -0.0014 12.6240
984 984  0.5778  0.0113 13.1132
