 24  24 -0.0094 -0.4726 12.1804
 48  24 -0.0391 -3.5205  8.7977
 72  24 -0.0731 -3.2978  8.5736
 96  24  0.0062 -2.7675  8.4543
120  24  0.0195 -3.5066  8.7524
144  24 -0.0132 -3.5294  8.7826
168  24 -0.0648 -3.5107  8.6893
192  24 -0.0134 -3.5328  8.7763
216  24  0.0216 -3.3962  8.7499
240  24 -0.0387 -3.2956  8.6245
264  24 -0.0823 -3.5216  8.7129
288  24 -0.1762 -1.4363  8.2753
312  24 -0.0514 -0.4726  8.3954
336  24 -0.0214 -3.5352  9.0607
360  24 -0.0326 -3.5577  9.1381
384  24 -0.0245 -3.2800  8.4340
408  24 -0.0201 -3.0224  8.8535
432  24 -0.0465 -2.3079  8.9155
456  24 -0.0976 -1.9374  8.4753
480  24 -0.1534 -2.5988  8.3384
504  24 -0.1039 -0.4248  8.2978
528  24 -0.0476 -0.4364  8.4098
552  24  0.0429 -2.9868  9.0350
576  24  0.0317 -1.1319  8.8078
600  24  0.0181 -0.7082  8.2838
624  24 -0.0754 -0.4339  7.8692
648  24 -0.0188 -0.4638  8.2650
672  24 -0.0691 -2.9179  8.7010
696  24 -0.0446 -2.9157  8.8081
720  24 -0.0840 -2.8600  8.7805
744  24 -0.0354 -1.9638  8.4501
768  24 -0.0241 -0.4137  8.4241
792  24 -0.0615 -0.3901  8.5657
816  24 -0.0592 -0.4914  8.5291
840  24 -0.0051 -0.7994  8.5510
864  24 -0.0435 -2.0295  8.3906
888  24 -0.0572 -2.9674  8.5144
912  24 -0.0359 -0.4455  8.5319
936  24  0.0222 -0.4624  8.6199
960  24 -0.0556 -3.1717  8.5456
984  24  0.3869 -0.4457 10.1400
 24  48 -0.0111  0.0690 12.7099
 48  48 -0.8780  3.1691 15.1278
 72  48 -1.8934  3.0595 15.3467
 96  48 -3.6167  2.5205 14.1814
120  48 -4.8672  2.6623 18.9457
144  48 -6.1361  0.2806 14.7031
168  48 -6.5732 -0.1624 12.3822
192  48 -4.9513  0.0853 11.7108
216  48 -3.3504  1.8869 12.9073
240  48 -2.9668  1.8939 14.0641
264  48 -2.8005  2.1572 15.8893
288  48 -3.0013  2.8565 17.8453
312  48 -1.0027  4.6541 14.6517
336  48  0.0077  4.1030 14.6415
360  48 -1.0242  0.5578 15.9763
384  48 -1.3657 -0.1887 17.2368
408  48 -1.9455 -0.2695 14.6790
432  48 -1.7902 -0.0602 16.2628
456  48 -0.3058  0.0220 12.3084
480  48 -1.8068 -2.7835 17.0668
504  48 -1.8450 -2.9525 22.6449
528  48 -1.1210 -1.5818 17.1552
552  48  0.0871 -0.0549 19.6542
576  48  0.6886 -2.2938 13.1830
600  48 -5.7836 -7.6352 12.4565
624  48 -4.5162 -9.6997 10.9723
648  48 -1.9699 -6.6172 11.5684
672  48 -3.0828 -3.8454 13.0690
696  48 -3.9889 -2.3858 13.2374
720  48 -4.1301 -1.8503 14.1208
744  48 -3.5065  1.3457 13.4632
768  48 -3.7917  2.0710 12.5371
792  48 -2.9824  2.8501 15.6059
816  48 -2.3288  1.8873 15.3309
840  48 -3.1796  1.1359 15.0010
864  48 -0.1583 -2.8296 12.1729
888  48 -0.1516 -3.1856 11.4146
912  48 -2.7919  1.2619 14.4883
936  48 -4.0175  1.7652 12.1326
960  48 -2.7840 -6.7849 13.6118
984  48  3.6287 -0.0051  8.5284
 24  72 -0.0108  0.0776 12.6175
 48  72 -1.8501  4.9249 18.1771
 72  72 -3.0211  4.0368 14.2807
 96  72 -4.8534  3.9372 18.1833
120  72 -4.7988  3.8467 18.1915
144  72 -5.9034  2.2659 12.3772
168  72 -7.7940  0.2896 16.7470
192  72 -6.1852 -0.0297 15.4661
216  72 -4.3113  0.4819 13.1616
240  72 -3.1107  1.6759 13.2853
264  72 -3.7140  2.3690 14.0260
288  72 -3.6668  2.9922 19.2198
312  72 -2.8049  3.1824 13.0214
336  72 -0.8239  1.8959 12.8346
360  72 -0.7461  1.5461 15.7373
384  72 -1.1928  0.1512 16.0325
408  72 -1.8283 -1.8585 17.4685
432  72 -2.6805 -1.6983 15.7225
456  72 -2.8069 -1.7829 12.9408
480  72 -5.9315 -5.5652 12.9385
504  72 -2.6585 -2.0767 14.2268
528  72 -1.4472 -1.4248 17.2928
552  72 -0.8137 -1.2389 16.0406
576  72 -0.5964 -1.7278 15.8936
600  72 -1.4692 -3.4363 14.6707
624  72 -3.8905 -7.5052 13.8322
648  72 -2.0293 -2.7393 11.5990
672  72 -4.9435 -1.0405 13.6420
696  72 -4.7620 -0.7691 16.0440
720  72 -3.1151 -1.0802 16.0452
744  72 -2.0183  0.8896 16.4821
768  72 -0.6369  1.1750 14.6191
792  72  0.1977  0.3375 19.8351
816  72 -0.9198  0.9751 14.0614
840  72  1.2380 -0.0886 13.9430
864  72  2.0518 -0.2085 12.9540
888  72  3.5057 -0.2036 11.8216
912  72  3.3305  0.3724 16.4323
936  72 -0.4160  0.3513 10.3143
960  72 -3.2006 -1.7102 12.7089
984  72  3.6795 -0.0288  8.4537
 24  96 -0.0090  0.1178 12.0662
 48  96 -2.2582  5.0331 17.3031
 72  96 -3.1968  4.0012 14.2382
 96  96 -4.6931  4.1295 18.2204
120  96 -4.2756  4.0858 18.1162
144  96 -4.1669  4.9087 15.8976
168  96 -7.3941  0.9146 13.2626
192  96 -7.3135 -0.6882 18.6355
216  96 -6.5847 -1.3117 15.1515
240  96 -3.9900 -1.0811 13.0629
264  96 -2.2777  2.2089 12.9718
288  96 -2.2595  2.5834 16.0938
312  96 -1.3125  1.4822 15.0199
336  96 -1.2234  1.6619 19.7688
360  96 -1.2226  1.9914 21.3261
384  96 -2.1881  0.0566 14.7041
408  96 -1.8448 -1.3375 15.1206
432  96 -2.6828 -1.3338 15.5014
456  96 -3.5901 -1.4501 15.6466
480  96 -5.8058 -5.1337 12.1646
504  96 -5.8122 -5.7973 11.2342
528  96 -0.3420 -0.9503 11.9515
552  96 -0.2205 -0.2496 18.7458
576  96 -0.3069 -1.8223 16.3557
600  96 -1.0486 -3.2607 16.5192
624  96 -2.2514 -4.8427 12.1788
648  96 -5.6168 -2.0341 12.1468
672  96 -4.9117 -0.4189 12.5720
696  96 -4.0788  0.3740 16.7427
720  96 -2.8331 -1.7294 14.8146
744  96 -1.4792  0.2154 17.5817
768  96 -0.6442  0.5383 16.8863
792  96  0.1751  0.3758 19.4213
816  96  1.4588  0.8444 15.6410
840  96  4.1433  0.9536 14.1288
864  96  3.6382  1.7518 13.6187
888  96  1.8512  2.9828 14.6549
912  96  2.8870  0.8986 16.5318
936  96  0.3121  0.0576 16.0846
960  96 -0.9941 -2.3578 14.5522
984  96  0.3818 -0.1392  8.1867
 24 120 -0.0112  0.1109 11.7346
 48 120 -1.5616  4.8654 17.5148
 72 120 -1.6292  3.5744 17.8347
 96 120 -2.6904  4.0165 15.9753
120 120 -4.1887  4.0205 13.6054
144 120 -7.0465  4.1021 16.4377
168 120 -5.8862  0.5734 12.9482
192 120 -5.9749 -0.7704 16.5903
216 120 -6.0167 -1.2406 14.6428
240 120 -6.6742 -3.1043 15.1517
264 120 -3.9226 -0.8256 11.7126
288 120 -2.6348  1.7642 18.1990
312 120 -2.2026  1.3915 14.7264
336 120 -1.9243  1.9067 17.1861
360 120 -2.7020  1.9906 17.0611
384 120 -4.7529 -0.6441 15.9164
408 120 -5.0818 -0.4996 16.2540
432 120 -4.7847 -0.4346 14.5826
456 120 -4.8115 -0.2492 14.0897
480 120 -5.7504 -3.8277 13.9903
504 120 -4.8570 -5.7957 11.8737
528 120  0.0357 -0.0815 20.0148
552 120  0.0894  0.2098 18.4949
576 120 -0.0530 -1.9969 15.9795
600 120 -0.2137 -3.0607 16.1208
624 120 -1.2454 -2.8211 12.7076
648 120 -3.8822 -1.6037 12.5517
672 120 -1.8242  0.8398 13.2113
696 120 -0.9515  0.6620 14.6198
720 120 -0.9485 -0.9400 11.9856
744 120 -1.1430 -0.9466 14.8872
768 120 -0.1985  0.1864 16.0560
792 120  0.1618  0.0534 16.8987
816 120  1.2148  0.8019 14.3634
840 120  2.7009  1.9628 13.1517
864 120  1.0410  4.0649 17.2112
888 120  0.7139  3.7591 13.8636
912 120  0.2330  0.4927 14.0738
936 120 -0.0882 -2.7671 14.8423
960 120 -1.0330 -4.2863 13.7214
984 120  0.3531 -0.0296  8.1950
 24 144 -0.0097  0.0636 11.8806
 48 144 -0.2608  3.8231 17.6628
 72 144 -1.0387  3.1314 17.2678
 96 144 -1.3133  3.4014 17.9012
120 144 -0.4659  1.5722 12.1102
144 144  1.1178  0.6732 13.4747
168 144 -3.0249 -0.9204 14.6071
192 144 -4.0511 -1.3592 19.5881
216 144 -4.5664 -1.0775 16.4352
240 144 -6.6941 -2.9933 11.9408
264 144 -7.0593 -3.1757 13.6240
288 144 -3.7962 -0.2340 13.8366
312 144 -4.6046 -0.8120 15.0647
336 144 -5.8486  0.2107 13.0889
360 144 -5.8952 -0.2053 13.4609
384 144 -5.9027 -2.0577 16.6958
408 144 -6.0751 -1.2941 15.7284
432 144 -5.0903 -0.3570 15.9929
456 144 -4.8788 -0.3894 15.9776
480 144 -4.7258 -3.7228 15.0187
504 144 -3.3534 -4.9792 15.2221
528 144 -0.3161  0.7048 17.1566
552 144 -0.0753  0.7379 13.8176
576 144 -0.0546 -2.3972 17.6055
600 144 -0.2567 -2.9143 13.8594
624 144 -0.7741 -2.4149 11.6016
648 144 -1.0932 -1.7319 14.1273
672 144 -0.0385  0.4263 14.2880
696 144  0.4483  1.2253 15.2027
720 144  0.2000 -0.2404 17.0588
744 144 -0.6849 -1.3606 19.6433
768 144 -0.6623 -0.8383 15.5664
792 144 -0.2490 -0.3519 17.8582
816 144  0.5842  0.6229 15.8334
840 144  0.2332  1.2818 15.1721
864 144 -0.2853  4.1514 14.2829
888 144  0.4357  3.2034 11.7914
912 144  0.3608 -0.0464 14.8676
936 144  0.0998 -2.8381 18.6626
960 144 -0.3641 -3.7415 14.3197
984 144  0.3830 -0.0045  8.2616
 24 168  0.0041  0.0704 11.8516
 48 168 -0.3030  4.1941 14.9547
 72 168 -0.7660  3.1767 17.1241
 96 168 -1.5453  2.7887 19.4962
120 168 -0.8218  0.2924 13.9157
144 168  0.2459 -0.3522 10.7900
168 168 -3.1583 -1.1706 10.9824
192 168 -4.6713 -1.9406 18.0341
216 168 -4.6677 -1.5237 14.3804
240 168 -5.3723 -1.6421 11.7889
264 168 -6.9848 -2.5936 12.5706
288 168 -8.0971 -1.6695 18.0277
312 168 -7.2006 -1.6513 17.7030
336 168 -5.6612 -1.9896 16.4060
360 168 -5.2348 -2.5248 19.8006
384 168 -5.3382 -1.9844 13.8183
408 168 -6.2514 -0.7673 14.7882
432 168 -6.3741 -1.0882 16.6486
456 168 -6.0282 -1.6459 16.8527
480 168 -4.9049 -2.2244 13.9694
504 168 -3.0038 -4.9111 16.2377
528 168 -1.1455  0.0606 13.7592
552 168  0.0165  1.9453 14.5777
576 168 -0.7037  0.1701 15.0865
600 168 -1.9183 -0.7682 12.3022
624 168 -1.1203 -1.7536 11.7485
648 168 -0.2848 -0.8218 12.6174
672 168  0.2549  0.4120 14.3066
696 168  0.2435  0.6429 15.8523
720 168  0.4901 -0.2829 14.6728
744 168  0.2963 -1.6445 17.7618
768 168 -0.1282 -0.5771 16.6840
792 168 -0.1689 -0.2761 19.2429
816 168 -0.2082  0.4130 17.1605
840 168  0.2910  1.4659 17.0432
864 168  1.0310  4.1304 14.1036
888 168  3.0851  1.6526 10.0767
912 168  1.3549 -0.9887 14.9443
936 168  0.8488 -1.8037 16.7534
960 168  0.0640 -3.1681 13.2908
984 168  3.6328 -0.0481  8.3691
 24 192  0.0058  0.0892 11.4901
 48 192 -5.4310  1.4430 14.0073
 72 192 -3.3857  1.8382 11.2098
 96 192 -6.2312  0.2956 12.3421
120 192 -3.1642 -0.9886 14.7960
144 192 -6.3718 -1.3048 14.5464
168 192 -5.0597 -2.2351 13.0100
192 192 -5.5794 -3.2033 16.1504
216 192 -4.8873 -2.3478 17.6555
240 192 -4.8636 -1.5865 16.1793
264 192 -3.9620 -2.0803 15.1214
288 192 -6.2107 -1.1405 14.7454
312 192 -6.1170 -2.3831 14.0334
336 192 -5.1462 -2.9561 16.4148
360 192 -5.4041 -2.6039 24.7188
384 192 -5.1854 -1.0948 15.3425
408 192 -6.2908 -0.5757 17.0436
432 192 -6.0449 -1.1879 14.3990
456 192 -5.8708 -2.2784 17.6921
480 192 -4.7659 -2.2385 13.6845
504 192 -1.2328 -2.0367 14.5042
528 192 -1.3700  0.0351 19.8100
552 192 -0.0599  1.7293 15.3717
576 192  0.2817  2.6233 15.7045
600 192 -0.7755  0.0800 14.8587
624 192 -1.7598 -1.1177 16.3493
648 192 -0.9864 -1.5129 12.7223
672 192 -0.9753 -0.0850 17.6052
696 192 -0.2296 -0.0698 14.8665
720 192  0.4846 -0.2424 13.8648
744 192  0.4848 -1.7657 17.4970
768 192  0.3549 -0.3386 16.8054
792 192  0.0156  0.3651 17.5127
816 192  0.1049  0.0351 17.5205
840 192  0.9691  1.0731 16.6321
864 192  3.0804  3.7221 11.3202
888 192  3.6461  0.7733 11.0250
912 192  4.2855 -0.9915 15.9907
936 192  2.9620 -1.7775 13.5659
960 192  1.2891 -2.4293 12.6877
984 192  3.6767 -0.0818  8.3409
 24 216 -0.0107  0.0398 11.7807
 48 216 -7.3676  1.7908 17.5038
 72 216 -7.0331  2.2628 14.9114
 96 216 -6.2952  0.0632 16.6979
120 216 -6.0264 -0.9549 17.5930
144 216 -6.0505 -1.2877 14.3636
168 216 -5.2067 -2.4104 11.5190
192 216  0.0086 -4.8276 11.2008
216 216 -0.3569 -2.9676 10.2976
240 216 -3.2352 -0.7747 19.2367
264 216 -2.3970 -1.2531 17.4094
288 216 -1.3007 -1.9456 14.3819
312 216 -1.4989 -2.6372 13.5924
336 216 -1.7073 -2.8784 13.5055
360 216 -6.2726 -3.3499 13.0989
384 216 -7.4683 -1.1168 17.6054
408 216 -7.4028 -1.0833 13.6246
432 216 -6.4734 -2.2899 12.4375
456 216 -5.9076 -2.9723 17.5377
480 216 -3.9325 -2.5318 16.9935
504 216 -2.0742 -0.7611 16.9191
528 216 -0.5698 -0.1683 14.9259
552 216  0.1614  0.2056 15.7915
576 216  0.2695  1.4790 12.0145
600 216  0.2855  1.5104 14.8739
624 216 -0.4741  0.0474 17.5920
648 216 -2.8954 -3.6082 12.3773
672 216 -2.9266 -1.0683 16.6807
696 216 -2.0201 -1.1702 16.9426
720 216  0.1167 -0.3606 13.1030
744 216  2.0365 -0.8928 12.7054
768 216  1.0423  0.0623 14.2528
792 216  1.1464  0.8249 14.2950
816 216  0.8811  0.3643 16.3712
840 216  1.1655  0.8081 16.0256
864 216  2.9102  0.4207 11.0576
888 216  3.0289 -0.0954 14.8016
912 216  3.8969 -1.1981 17.1704
936 216  3.9581 -0.7644 15.1046
960 216  0.9923 -3.5627 15.1255
984 216  3.6069 -0.0306  8.3114
 24 240 -0.0270 -0.0271 11.8823
 48 240 -6.7130  0.9248 15.5011
 72 240 -6.4013  1.9687 16.2402
 96 240 -5.0704  0.1204 14.2435
120 240 -2.9462 -1.7117 14.8779
144 240 -2.9888 -2.3732 14.6590
168 240 -0.4020 -5.1198 12.4781
192 240  0.3525 -4.5610 13.9963
216 240 -0.4440 -3.3227 17.9621
240 240 -2.3860 -0.7111 19.1740
264 240 -2.7305 -0.8200 18.2969
288 240 -0.9123 -1.9445 13.2914
312 240 -0.9855 -2.5819 15.1261
336 240 -0.9376 -2.0367 14.9188
360 240 -4.8952 -3.9355 15.1912
384 240 -7.3624 -0.6938 16.8492
408 240 -8.7700 -1.2211 16.6939
432 240 -7.0697 -2.7554 11.9013
456 240 -4.2648 -2.7172 13.8124
480 240 -3.4004 -1.7594 15.4607
504 240 -1.7574 -0.2163 17.7821
528 240 -0.1851  0.1913 14.9071
552 240  0.0525  0.7079 15.7009
576 240 -0.0872  1.5735 14.2271
600 240  0.3587  1.2916 14.1687
624 240  0.2798 -0.0186 16.5224
648 240 -0.3990 -1.5637 13.8427
672 240 -2.1200 -1.8026 14.6328
696 240 -1.0192 -3.3361 16.8734
720 240  0.3990 -2.4801 15.0435
744 240  2.0482 -1.0517 18.0794
768 240  3.4187 -0.1480 13.9349
792 240  3.6092  4.9304 13.6636
816 240  1.3363  1.6101 12.5411
840 240  1.1226  0.3286 15.7301
864 240  1.1656 -0.4307 14.7347
888 240  2.4628 -2.8658 12.7430
912 240  2.6056 -2.0252 13.3337
936 240  3.4335 -0.4706 16.2147
960 240  0.8873 -2.9431 13.7588
984 240  3.6169 -0.0436  8.4493
 24 264 -0.0111 -0.0436 12.0493
 48 264 -0.0865 -1.1617 11.7913
 72 264 -0.0144 -1.2327 15.4678
 96 264 -0.3193 -1.7472 14.8602
120 264 -0.2982 -2.0565 16.1398
144 264 -0.4176 -1.6412 14.7549
168 264 -0.6925 -5.4551 12.0787
192 264 -0.1477 -4.6838 14.1462
216 264 -2.1523 -0.9674 19.3036
240 264 -2.5666 -0.4337 21.4237
264 264 -3.3195 -0.5191 17.9988
288 264 -4.2331 -2.0986 14.0899
312 264 -4.3852 -3.5690 13.7826
336 264 -4.1573 -2.7569 11.8251
360 264 -4.8008 -1.9860 10.0811
384 264 -9.2873 -0.8834 13.1879
408 264 -6.1773 -1.0659 13.5873
432 264 -6.2544 -4.5682 13.6462
456 264 -6.7419 -5.1289 13.4007
480 264 -7.0399 -1.4033  9.8856
504 264 -2.5098  0.2247 11.2514
528 264 -1.4013  2.0132 12.8659
552 264 -0.2477  3.0132 13.8458
576 264 -0.3841  2.1736 16.1683
600 264  0.3364  0.2275 16.2558
624 264  1.0607 -0.1639 16.3421
648 264  0.1327  0.1679 14.2858
672 264 -0.1600 -1.9882 16.3064
696 264  0.2246 -2.2064 15.8839
720 264  0.2354 -2.0940 16.5152
744 264  1.8214 -1.2860 17.4637
768 264  1.6078 -0.2537 12.7814
792 264  0.7412  4.9073 15.3108
816 264 -0.0111  2.5574 10.0744
840 264  0.7973 -0.2639 17.5988
864 264  1.7551 -2.2328 14.0871
888 264  2.0962 -3.8321 12.7746
912 264  1.0409 -3.7808 13.0309
936 264  0.7290 -0.1330 14.3020
960 264 -0.3183 -1.3154 15.6590
984 264  3.7146 -0.0065  8.5956
 24 288  0.0045 -0.0574 11.7696
 48 288  0.4788 -2.8220 14.5062
 72 288 -0.3403 -1.2221 13.5009
 96 288 -1.2764 -1.3939 16.9401
120 288  0.0732 -1.8652 18.7735
144 288  0.2846 -0.6850 16.9558
168 288  0.1192 -1.1403 11.9653
192 288 -2.0628 -4.7440 12.7489
216 288 -1.8747 -1.5499 19.4885
240 288 -1.8731 -1.6283 18.5148
264 288 -2.3210 -3.0570 14.1850
288 288 -3.6725 -3.5408 14.4460
312 288 -5.2506 -5.3930 13.5967
336 288 -6.1214 -4.1385 12.0882
360 288 -7.5757 -2.3070 14.7055
384 288 -5.9869 -1.1698 12.6303
408 288 -3.1166 -1.0918 11.9087
432 288 -4.7305 -4.3381 14.3447
456 288 -5.0112 -4.2244 13.1817
480 288 -7.2053  0.0057 10.7200
504 288 -6.4356  1.6395 11.1165
528 288 -4.0441  1.3378 13.6363
552 288 -1.8810  2.1570 19.5442
576 288 -0.7819  2.2420 15.5176
600 288 -0.3578  1.6462 12.8732
624 288  0.3838  0.2317 14.1049
648 288  0.3874  0.4303 18.5751
672 288  0.5073  0.1307 14.6189
696 288  0.1175 -1.7591 16.2765
720 288  0.0553 -1.9380 16.9696
744 288 -0.2540 -0.4599 16.8187
768 288 -0.4406  0.1012 14.3036
792 288 -0.5015  3.9371 14.3748
816 288  0.8094  1.0114 11.3034
840 288  1.7694 -1.4355 15.4744
864 288  2.1734 -2.0965 15.0795
888 288  0.3850 -0.2654 14.0027
912 288 -1.7917 -0.9788 12.9940
936 288 -4.1095 -1.6594 11.4113
960 288 -3.0779  0.8123 13.3131
984 288  3.6565 -0.0844  8.4367
 24 312 -0.0141 -0.0992 12.1136
 48 312 -0.4715 -3.8033 15.5601
 72 312 -0.2271 -0.2358 16.8690
 96 312 -1.5509 -0.9014 16.8950
120 312 -1.1356 -0.7268 13.3339
144 312 -0.7488 -0.1077 17.7296
168 312 -1.2517 -0.1928 14.1608
192 312 -5.1678 -3.9871 14.4414
216 312 -3.6238 -3.8754 11.0784
240 312 -2.0176 -2.8481 19.1629
264 312 -2.1894 -3.8627 16.8327
288 312 -2.4526 -4.3846 15.0940
312 312 -4.4705 -4.7409 13.2100
336 312 -6.5644 -5.0953 13.6365
360 312 -7.6934 -3.1445 17.5341
384 312 -7.6019 -3.0820 14.8684
408 312 -3.2534 -3.0038 13.4228
432 312 -4.6239 -3.9672 14.3685
456 312 -5.0450 -3.8818 17.2331
480 312 -6.3147 -0.6460 14.4682
504 312 -5.6766  2.9850 15.2847
528 312 -6.0989  3.8031 19.8861
552 312 -0.0429  4.1287 18.0220
576 312 -0.1968  3.8001 17.6041
600 312 -0.7438  1.7294 16.4196
624 312  0.0871  0.0527 20.0206
648 312  0.1074 -0.0951 17.9416
672 312  0.1513 -0.1717 13.4927
696 312  0.2025 -0.2945 17.0853
720 312 -0.0902 -1.1615 19.0952
744 312 -0.0385  0.5849 16.2910
768 312  0.1388  1.4818 18.0509
792 312  3.4925  3.3440 13.7199
816 312  4.9031  0.3791 14.0498
840 312  2.8793 -2.4931 16.0711
864 312  3.2183 -2.1682 13.0310
888 312  1.8237  0.1704 15.6778
912 312 -0.4847  0.0940 13.5549
936 312 -1.6527 -1.5582 13.6501
960 312 -2.1204 -1.9554 14.7748
984 312  0.4038 -0.0101  8.3857
 24 336 -0.0209 -0.0680 12.7400
 48 336 -0.0723 -2.7337 15.8739
 72 336  0.3674 -0.1100 17.0488
 96 336 -0.2857  0.3507 21.4296
120 336 -1.1812 -0.0946 17.7625
144 336 -1.7843 -0.2678 19.4749
168 336 -2.2667 -0.2412 12.6440
192 336 -5.9827 -3.2910 11.3242
216 336 -6.7683 -5.7475 13.7520
240 336 -2.9959 -4.3330 13.8698
264 336 -2.9613 -3.8605 17.2388
288 336 -2.5681 -4.2455 14.5815
312 336 -1.9242 -4.8356 14.6317
336 336 -3.9292 -4.2074 12.5495
360 336 -4.8623 -3.4123 16.5809
384 336 -5.4263 -4.4023 20.1014
408 336 -4.5836 -4.0317 14.5036
432 336 -4.1060 -3.0053 17.0106
456 336 -5.7800 -2.0065 13.6627
480 336 -6.9722 -1.7207 14.8057
504 336 -6.3596  2.2435 15.1618
528 336 -6.8695  2.8999 18.9884
552 336 -0.2083  2.2440 15.4556
576 336  1.0870  3.7869 19.6339
600 336  0.0263  0.9344 19.6250
624 336  0.0550  0.3225 18.9548
648 336 -0.0217  0.1977 15.4970
672 336  0.0929  0.0534 18.0191
696 336  0.3629  0.2301 21.3377
720 336  0.1721  0.5431 19.8712
744 336  0.0207  0.7545 18.2919
768 336  0.2288  1.5623 17.0837
792 336  3.4522  1.7928 12.6944
816 336  5.0798  1.3126 14.7311
840 336  5.4607 -0.2795 16.2270
864 336  4.4375 -0.0918 12.2906
888 336  3.9425  0.9451 13.3448
912 336  2.1691  0.5194 13.8033
936 336  0.3995 -0.4418 12.1171
960 336 -1.8953 -2.1872 15.4606
984 336  0.3564 -0.1856  8.2170
 24 360 -0.0060 -0.0392 12.5164
 48 360  0.6984 -1.6394 18.2489
 72 360  0.6323 -0.2429 16.0981
 96 360 -0.0555  0.4151 17.4668
120 360 -0.6239  0.2692 15.5164
144 360 -1.7271  0.0562 17.6367
168 360 -2.2221  0.0021 16.4465
192 360 -3.1388 -1.0556 13.3001
216 360 -4.7917 -5.8647 13.5192
240 360 -3.3536 -5.0946 16.1563
264 360 -3.5972 -4.1704 14.9249
288 360 -2.7758 -4.7609 13.0854
312 360 -2.5458 -3.8824 14.4161
336 360 -3.4926 -2.0529 14.1774
360 360 -3.9012 -2.0015 16.6485
384 360 -4.3872 -2.7892 19.2664
408 360 -5.6987 -2.9291 17.0282
432 360 -5.0870 -2.1469 20.4007
456 360 -4.7964  0.0976 17.4082
480 360 -5.0207  0.0144 16.0589
504 360 -7.0950  0.9515 20.4191
528 360 -6.2832  1.7121 19.4207
552 360 -2.8716  0.2117 14.2462
576 360 -1.6566  0.1000 15.7613
600 360 -0.1536  0.4322 15.9870
624 360  0.0607  0.4732 18.3488
648 360  0.2773  1.2306 15.9148
672 360  0.2000  1.3565 13.9872
696 360  0.2837  1.3841 16.0102
720 360  0.2471  1.1503 15.7735
744 360 -0.2291  1.2321 20.8289
768 360 -0.1242  0.8656 15.9413
792 360  1.1892 -0.3146 18.2184
816 360  4.3182  0.5440 13.7499
840 360  5.5665  0.0246 16.1603
864 360  5.2399  0.3169 13.7135
888 360  5.2767  1.2015 15.4272
912 360  4.9283  0.6559 17.6262
936 360  3.8816  0.4270 15.7657
960 360 -1.6215 -2.7111 13.1497
984 360  0.3109 -0.1421  7.7813
 24 384  0.0056 -0.0805 12.0798
 48 384  0.8509 -2.0288 18.0483
 72 384  0.5936 -0.0804 15.6040
 96 384  0.0763  0.3126 19.0180
120 384 -0.0504  0.3259 15.8178
144 384 -0.8109  0.2600 17.7129
168 384 -0.7995  0.1563 15.4763
192 384  0.4424 -0.9601 15.0557
216 384  0.9584 -3.0325 13.9522
240 384 -0.8071 -3.3594 11.8537
264 384 -1.7283 -1.8947 13.8106
288 384 -4.0831 -1.5289 14.7742
312 384 -3.9725 -1.3395 15.5813
336 384 -5.0502 -3.0191 17.2052
360 384 -5.8263 -2.7436 14.5380
384 384 -6.9186 -0.9175 16.8706
408 384 -7.1012 -2.9525 18.7468
432 384 -5.4559 -1.7221 20.0194
456 384 -4.6091  0.8354 19.6184
480 384 -1.3111  2.1445 22.8447
504 384 -2.0265  2.0964 20.5698
528 384 -2.6233  1.8767 19.6377
552 384 -2.4271 -0.1002 14.7308
576 384 -1.3593 -0.0675 18.6736
600 384 -0.5678  0.1313 18.2217
624 384  0.0745  0.6969 15.7927
648 384 -0.0028  2.8043 14.0264
672 384  0.0788  3.3992 10.7631
696 384 -0.0039  3.1525 13.2774
720 384 -0.3188  2.8573 16.2765
744 384 -0.4643  2.5002 16.9868
768 384 -0.3240  0.4287 16.0881
792 384  1.5883 -0.0671 16.2922
816 384  4.0696 -0.1877 17.0306
840 384  5.1809 -0.3636 16.6093
864 384  5.5422  1.2517 15.3758
888 384  5.0050  1.2839 17.1163
912 384  4.7808  1.0650 17.0718
936 384  3.4248  2.0936 17.9313
960 384  0.3478 -0.2220 11.0029
984 384  0.4329 -0.0511  7.9195
 24 408 -0.0067 -0.0918 12.2559
 48 408  0.4568 -1.3199 18.7539
 72 408  0.4175 -0.1781 16.9199
 96 408  0.7851  0.3924 16.5070
120 408  2.2332 -0.3688 14.7158
144 408  0.3592 -0.6245 14.1701
168 408  0.1486 -0.3067 17.4367
192 408  0.7700 -1.1197 15.7199
216 408  0.4512 -1.9312 19.6426
240 408 -1.1734 -2.8831 13.4021
264 408 -3.3230 -1.3654 17.4921
288 408 -4.1974 -1.5636 20.3775
312 408 -4.8975 -2.0092 16.5352
336 408 -4.8610 -3.1220 18.9384
360 408 -6.1256 -1.5953 16.2949
384 408 -6.8278 -1.1477 16.5969
408 408 -6.8610 -4.5366 18.1571
432 408 -6.5352 -4.8485 20.0802
456 408 -4.0235  0.1336 14.5938
480 408 -2.2960  2.1252 22.5689
504 408 -2.0914  1.8202 20.3485
528 408 -1.9895  1.4072 18.9254
552 408 -0.9620  0.7720 16.5383
576 408 -1.2650  1.7551 15.1881
600 408 -1.3791  1.3868 12.1144
624 408 -0.4335  2.3196 13.0867
648 408 -0.4918  3.4040 15.2172
672 408 -0.5947  5.7282 12.9446
696 408 -0.9788  6.2775 14.5730
720 408 -0.9227  5.9055 13.1160
744 408 -1.7493  3.8941 13.5233
768 408 -0.0370  0.0780 13.5365
792 408 -0.5164 -1.1933 15.5214
816 408  3.6801 -3.0685 15.6475
840 408  5.5864 -2.6395 18.8729
864 408  4.9177  0.4603 15.5395
888 408  4.7097  1.4037 16.0099
912 408  3.4954  1.8602 16.4437
936 408  1.1250  2.7791 19.3954
960 408 -0.0183  1.3620 18.5942
984 408  3.6135 -0.0024  8.5643
 24 432 -0.0147 -0.0306 12.6170
 48 432  0.3168 -0.9818 14.6065
 72 432  0.3638 -0.3476 15.3294
 96 432  0.6535 -0.2085 18.4332
120 432  0.9909 -0.4223 14.6329
144 432  0.0925 -0.5346 15.5176
168 432 -0.8529 -0.9280 15.4578
192 432 -1.0139 -1.0033 15.8829
216 432 -2.6639 -0.8653 17.8499
240 432 -4.1737 -0.4258 11.7517
264 432 -4.5823 -0.8944 17.6909
288 432 -4.0773 -0.9151 19.8894
312 432 -3.5109 -0.7302 18.3084
336 432 -11.1105 -1.9148 16.4033
360 432 -11.0210 -2.4968 23.5611
384 432 -10.9647 -3.7042 19.3073
408 432 -6.7285 -4.6519 17.2782
432 432 -6.8723 -4.3152 20.4128
456 432 -3.8044  0.1249 12.7290
480 432 -3.8686  1.3436 20.3578
504 432 -5.6915  2.1376 12.8372
528 432 -6.0022  5.0210 10.9286
552 432 -4.8744  4.2439 27.6010
576 432 -4.9696  4.0771 18.8695
600 432 -5.3362  2.6689 14.0190
624 432 -2.8104  2.8228 10.7095
648 432 -2.6631  3.9295 11.2126
672 432 -2.7688  6.0377 14.5078
696 432 -2.2105  6.7533 15.5042
720 432 -0.7185  7.6655 13.5266
744 432 -0.0848  4.9097 12.1104
768 432  0.2247  0.8415 13.0711
792 432  0.4234 -1.9406 11.7996
816 432  2.2885 -4.2006 14.4817
840 432  3.2586 -3.2073 11.8707
864 432  3.1318  0.8867 16.6270
888 432  4.3208  1.1871 17.0158
912 432  2.4565  3.3987 13.8669
936 432  1.4725  4.0867 18.5698
960 432 -0.4865  1.3449 17.4329
984 432  3.6806  0.0011  8.4765
 24 456 -0.0086 -0.0158 12.6215
 48 456  1.0774 -0.6027 14.8735
 72 456  0.6287 -0.7953 14.7953
 96 456  0.2117 -0.7352 16.6328
120 456 -0.0839 -0.5900 19.3172
144 456 -0.2875 -0.7818 18.6469
168 456 -0.6694 -1.0432 16.2745
192 456 -1.7899 -0.3483 16.1006
216 456 -0.9589 -0.8708 17.2558
240 456 -4.2706 -0.7957 15.6619
264 456 -4.2347 -0.4270 14.4889
288 456 -4.2899  1.0257 16.1568
312 456 -3.7174  0.9834 11.9445
336 456 -0.1675 -1.1177 10.6145
360 456 -11.1191 -2.1117 20.4010
384 456 -10.9801 -3.5540 16.8512
408 456 -5.9666 -4.1623 15.6591
432 456 -7.1730 -3.4351 18.5811
456 456 -6.4582 -2.5770 17.6630
480 456 -7.3124  2.8276 15.2313
504 456 -8.0104  4.5152 18.1454
528 456 -8.6221  5.8141 18.1869
552 456 -4.9544  5.0717 29.5478
576 456 -4.9418  5.8078 21.2913
600 456 -5.1205  8.1424 15.3885
624 456 -3.1258  7.3426 11.5651
648 456 -6.0827  6.9227 12.7544
672 456 -3.6101  6.5738 13.9157
696 456 -3.3248  6.4873 16.2617
720 456 -0.6380  6.7505 14.8329
744 456  0.1958  5.5398 11.1460
768 456  2.0273  1.8510 13.1415
792 456  3.4365 -0.9671 15.9012
816 456  0.2203 -6.5903 15.1135
840 456  5.4303 -1.0611 12.2153
864 456  5.3345  0.5565 16.9099
888 456  4.6343  1.0895 18.2322
912 456  0.9480  5.7568 19.7925
936 456  0.9346  4.8688 22.3402
960 456 -0.1477  0.1967 12.6849
984 456  3.7166 -0.0243  8.3719
 24 480  0.0096 -0.0306 12.4328
 48 480  2.0288 -0.7266 17.6785
 72 480  1.1821 -0.8792 16.6869
 96 480  0.2700 -0.2720 19.9120
120 480  0.3184  0.0983 20.8948
144 480  0.3836 -0.5930 14.5589
168 480  2.2226 -2.5664 13.3147
192 480  1.8677 -2.2903 14.2260
216 480 -0.0562 -0.7161 16.7177
240 480 -0.2521 -0.9563 17.7877
264 480 -0.8661 -0.8343 14.9508
288 480 -1.2224  1.2167 19.3024
312 480 -1.1382  0.6509 15.3876
336 480 -0.3443 -3.8072 12.7287
360 480 -0.1448 -3.8241 15.2912
384 480  0.3347 -2.8153 17.0447
408 480  3.9940  2.0930 13.1070
432 480 -6.7845 -2.2573 11.7887
456 480 -7.6436 -1.7637 14.4698
480 480 -8.5079  1.1398 15.4203
504 480 -8.1554  4.2594 20.0740
528 480 -8.8715  6.2681 18.4345
552 480 -5.6769  4.7079 13.9699
576 480 -2.6587  6.0780 14.7725
600 480 -2.3336  8.6026 16.5342
624 480 -1.1273  8.0486 13.5816
648 480 -3.6015  6.3668 14.2001
672 480 -2.8353  4.6058 13.1570
696 480 -1.2231  5.5331 12.9526
720 480  0.3626  5.9280 14.7115
744 480  1.7585  3.8192 14.6278
768 480  3.0401  0.7703 14.1458
792 480  3.7255 -0.0998 16.0029
816 480  4.4958 -1.7890 14.5121
840 480  5.6327 -1.1916 17.1294
864 480  6.6462  2.1288 18.0609
888 480  5.9817  3.5760 16.6955
912 480  2.0973  4.0130 14.3923
936 480  0.8276  2.2039 15.3140
960 480 -0.0869 -0.0845 13.6139
984 480  3.6983 -0.0016  8.1387
 24 504  0.0103 -0.0648 12.6402
 48 504  1.3095 -0.9856 16.8337
 72 504  1.6896 -0.0168 18.8230
 96 504  1.1254  0.7011 20.7380
120 504  1.7667  0.1683 16.3370
144 504  2.6699 -1.3707 13.4459
168 504  2.4388 -2.7563 13.2420
192 504  2.3716 -2.8728  9.9063
216 504  2.0092 -0.9256 12.7007
240 504  0.8017 -1.1098 13.8525
264 504  1.6288 -1.3679 14.2371
288 504  1.1610  0.7584 18.3960
312 504 -0.0417  0.4538 15.8659
336 504  0.9648 -2.9494 13.2268
360 504  0.0149 -3.0500 16.1097
384 504 -0.8628 -1.5036 20.2551
408 504  0.6052  0.8909 19.5085
432 504  0.9240  1.0641 17.0777
456 504 -1.8610  0.9408 10.9068
480 504 -4.1357  0.0202 14.4849
504 504 -2.1858 -0.0062 16.3705
528 504 -2.0009 -0.0470 16.5330
552 504 -3.1891  3.1219 22.2420
576 504 -2.0171  2.2294 18.4705
600 504 -0.5616  7.7821 15.6515
624 504  0.4934  6.0007 13.1033
648 504  0.1754  5.0481 17.7880
672 504  0.1769  4.1014 12.9544
696 504  0.3083  3.8410 13.9819
720 504  1.7865  4.1197 16.0567
744 504  2.5309  1.8169 15.7131
768 504  2.7509  0.6647 15.8249
792 504  2.1819 -0.0608 13.2402
816 504  2.7917 -1.3328 11.4825
840 504  5.0947 -0.7359 15.7167
864 504  6.1183  2.7930 14.5407
888 504  5.6142  4.7789 15.6810
912 504  4.6677  4.1589 15.0001
936 504  1.4285  1.6923 15.4807
960 504  1.1144 -0.5449 12.6098
984 504  3.7406 -0.0163  8.5431
 24 528 -0.0020 -0.0978 12.9418
 48 528  1.6308 -2.0470 21.4181
 72 528  1.8294  0.1261 16.0635
 96 528  2.2863  0.6591 15.2733
120 528  4.5571 -0.0986 15.6354
144 528  5.0589 -1.0351 14.3223
168 528  3.9786 -1.4440 11.7752
192 528 -11.5721 -13.6900  6.4374
216 528 16.6787  9.5177 10.7444
240 528  3.0894 -2.3021 10.7051
264 528  1.8082 -1.6481 15.9413
288 528  1.1362  0.0667 17.2069
312 528  0.9368  0.9126 15.4332
336 528  2.8520  1.1277 13.1350
360 528 -0.6928 -1.1411 14.1316
384 528 -1.0892 -1.0471 18.6184
408 528 -0.4249 -0.0619 18.8041
432 528 -0.0615  0.5240 18.6964
456 528 -0.5855  1.5699 15.4183
480 528 -1.5667  0.9217 15.2150
504 528 -0.4721  0.7429 15.8560
528 528 -0.2604  0.5244 20.3891
552 528 -1.7864  3.5971 14.9674
576 528 -2.1097  3.2019 13.6796
600 528 -1.9708  2.9697 11.5360
624 528  0.1092  8.5329 13.0716
648 528  0.9834  5.6454 12.8381
672 528  1.2020  3.8139 12.8463
696 528  0.0086  0.5080 16.5990
720 528  1.6125  1.6214 14.1474
744 528  2.4052  1.1682 15.9094
768 528  2.2942  1.0274 18.8465
792 528  1.1817  0.5913 12.3812
816 528  0.4100 -2.1171 11.5287
840 528  1.8350 -2.0243 11.5272
864 528  5.1256  5.0664 12.1427
888 528  5.4755  4.8640 14.4830
912 528  3.6888  2.5888 13.8024
936 528  2.2651  0.8660 16.8145
960 528  2.3159 -1.6099 14.6310
984 528  3.7368 -0.0903  8.5743
 24 552 -0.0024 -0.0568 12.3265
 48 552  1.5335 -2.2760 16.6824
 72 552  1.3052  0.9569 16.5169
 96 552  2.9960  1.1496 19.0282
120 552  3.6515  1.2762 16.2999
144 552  5.5638 -0.8297 15.7399
168 552  4.7906 -1.2252 14.0480
192 552  3.6591 -1.1234 10.7456
216 552 19.0473  7.1919  9.3513
240 552  3.2040 -0.9644 14.2117
264 552  1.6222 -1.0587 17.3890
288 552  0.5666 -0.1037 18.1674
312 552 -0.1346  1.1002 14.5146
336 552  0.2640  2.2025 16.0535
360 552  0.5171  1.8444 13.8368
384 552 -0.2936  0.6854 17.2040
408 552 -0.8474  0.1116 17.8150
432 552 -0.7779 -0.1471 18.3897
456 552 -0.7755  0.7296 20.8944
480 552  0.0370  1.7272 16.6417
504 552 -0.8257  1.6958 14.7327
528 552 -1.1359  1.3985 15.5867
552 552 -3.9271  4.1446 16.3601
576 552 -4.0278  3.4386 15.5661
600 552 -3.9614  2.6829 12.4043
624 552  0.0006  8.6668 13.5849
648 552  3.8575  6.1939  9.6453
672 552 -1.0784 -0.0030 13.3122
696 552 -0.9094  0.4049 17.6433
720 552  0.4085  1.0943 15.3919
744 552  2.4377  0.6293 18.6124
768 552  2.0629  1.0591 18.0365
792 552  1.1407  1.1170 11.7469
816 552  1.1714 -3.7429 14.8861
840 552  1.8705 -2.2057 15.1409
864 552  2.4051 -0.1547 11.5072
888 552  3.0091  0.9260 13.0267
912 552  3.4461  0.7106 16.1268
936 552  2.7415  0.2673 15.6653
960 552  2.2071 -0.0837 13.1835
984 552  3.7659  0.0004  8.7953
 24 576  0.0269 -0.0443 11.6616
 48 576  5.1324 -3.2018 13.1924
 72 576  5.8144 -0.0974 12.0758
 96 576  5.0788  1.7461 16.8439
120 576  4.1586  2.2469 14.0910
144 576  0.1374 -1.1845 13.5518
168 576  0.5650 -1.3362 14.8032
192 576  1.6428 -0.2469 14.3166
216 576  3.3822 -0.1161 16.3481
240 576  2.9808 -0.9429 21.1339
264 576  1.8711 -0.4659 19.3161
288 576  0.1286  0.4903 16.4742
312 576 -0.2540  2.3618 17.3216
336 576  0.8285  3.0336 18.9453
360 576  0.3254  2.3157 17.7784
384 576 -0.0899  1.5613 20.6702
408 576 -0.2609  0.0996 19.5987
432 576 -0.1861 -1.1067 17.4867
456 576 -0.0191  0.1699 14.4174
480 576  0.2339  2.3745 14.3568
504 576 -0.2697  3.2164 13.4226
528 576 -2.1618  2.0747 12.5547
552 576 -3.7910  2.0228 14.0828
576 576 -4.2184  1.9511 19.5139
600 576 -4.0046  1.7650 17.6725
624 576 -3.6819  3.8487 12.7771
648 576 -1.9011 -1.9237 12.3570
672 576 -1.8482 -0.7043 15.6920
696 576 -0.8944  1.0587 16.5064
720 576 -0.1535  1.6214 16.2961
744 576  2.3081 -0.1161 13.2680
768 576  1.3267  1.3593 14.5998
792 576  1.9264 -1.2568 13.0420
816 576  2.0881 -4.5907 13.5627
840 576  2.9774 -2.3621 15.6970
864 576  2.7029 -2.6644 15.3773
888 576  2.8253 -0.0392 12.3586
912 576  3.2692 -0.0332 16.9240
936 576  3.4944 -0.1563 21.7170
960 576  3.1313  0.0503 17.0938
984 576  3.7187  0.0764  8.8350
 24 600  0.0412 -0.0094 11.6958
 48 600  5.9522 -1.1584 15.4335
 72 600  7.6479  1.0396 12.3220
 96 600  8.0519  4.8350 16.6331
120 600  5.5506  3.0573 11.7426
144 600  2.9204 -0.7105 11.7048
168 600  0.8790 -0.9305 13.3108
192 600  0.9290 -0.2378 15.9925
216 600  1.8278 -0.6643 13.0605
240 600  3.1013 -2.1196 19.6647
264 600  1.9579 -0.1500 13.3578
288 600  3.1775  2.7167 14.4918
312 600  2.2956  2.8401 17.8671
336 600  1.4811  3.7440 19.0386
360 600  0.9327  3.7790 15.8431
384 600 -0.0459  1.6284 16.8279
408 600  0.3753 -0.1362 19.0287
432 600  1.0551 -1.1481 23.0411
456 600  0.2876 -0.1161 14.6101
480 600  0.1227  1.8718 13.4501
504 600 -0.1448  4.0059 15.4604
528 600 -2.5484  2.6006 12.7038
552 600 -2.2343  1.0123 17.1004
576 600 -1.7886  1.8774 19.9014
600 600 -1.4472  2.0865 19.0791
624 600 -3.1673  0.4840 15.7244
648 600 -6.2749  1.8975 16.7589
672 600 -8.0348  2.0730 20.8898
696 600 -8.1261  2.1150 17.7461
720 600 -2.0298 -0.1152 14.5600
744 600  1.9136  0.8179 15.3589
768 600  2.0682  0.8403 15.9717
792 600  5.2644 -4.1982 13.3477
816 600  6.3547 -6.9395 14.3614
840 600  3.8243 -1.3690 16.3134
864 600  3.1340 -0.7392 15.3312
888 600  3.1996  0.2838 15.3368
912 600  1.3530 -0.3620 14.2531
936 600  0.7212 -1.7074 16.9346
960 600  3.2947  0.0951 20.9813
984 600  0.7389  0.0517  8.3405
 24 624  0.0413  0.0331 11.7193
 48 624  6.3647 -0.3771 17.4596
 72 624  8.6163  3.6008 12.8665
 96 624  8.9238  5.9425 19.1734
120 624  7.9639  8.8053 12.2204
144 624  7.9522  9.0451  9.7566
168 624  2.9243 -0.6261 16.3770
192 624  2.8857 -0.1126 15.6313
216 624  2.2856 -0.5851 19.1539
240 624  1.8956 -0.8460 16.0746
264 624  2.2741 -0.3253 14.0048
288 624  0.1414  0.9373 14.9473
312 624  0.0049  1.2396 14.1064
336 624  1.2091  4.6369 18.5892
360 624  1.0904  4.0518 15.9218
384 624 -0.1735  0.6490 17.2969
408 624  0.4028 -2.0657 14.0818
432 624  1.1946 -0.2458 17.0104
456 624  0.4878 -0.0788 15.9081
480 624 -1.8103 -0.2055 16.7826
504 624 -0.8628  3.5072 14.4996
528 624 -2.9332  1.5083 13.8674
552 624 -3.5785  0.1730 13.2399
576 624 -1.4262  1.6879 14.6552
600 624 -1.0788  1.8563 16.2864
624 624 -5.6355  0.9146 17.8218
648 624 -6.1654  1.4789 20.1129
672 624 -7.8060  1.9217 16.1526
696 624 -9.1703  1.5325 14.4680
720 624 -4.2270 -0.8522 15.7916
744 624 -0.0459 -2.6597 13.4294
768 624  3.1585 -0.4247 13.8700
792 624  4.0681 -2.4469 12.9822
816 624  3.9781 -2.7702 15.6391
840 624  3.0809 -1.1706 14.4104
864 624  1.1058 -0.1630 15.6981
888 624  3.5860  1.8118 17.4687
912 624  0.9852 -0.9402 14.1202
936 624  0.7686 -1.1775 15.5507
960 624  3.5827  1.6444 15.9471
984 624  0.4017  0.0865  7.9844
 24 648  0.0414 -0.0135 11.9543
 48 648  5.0310  2.3540 13.8204
 72 648  4.3675  3.7351 14.2348
 96 648  4.9843  7.5736 18.2864
120 648  6.7112  7.8301 13.1692
144 648  6.9910  7.5843 12.0185
168 648  8.1419  1.9513 10.9448
192 648  5.6436  0.1645 19.9968
216 648  4.0708 -0.1138 15.1097
240 648  4.9245  1.3510 14.1382
264 648  4.9023  1.1569 13.5046
288 648  2.6210  3.8935 15.3546
312 648  0.2724  0.7520 14.9824
336 648  1.7418  0.0543 14.2355
360 648  2.3063  5.9291 10.6984
384 648  0.1737 -1.0400 18.5992
408 648  0.2144 -1.8374 19.6669
432 648  0.9744  0.0358 18.3047
456 648  0.1388 -0.0985 17.7398
480 648 -1.3692 -1.8644 14.2312
504 648 -1.2498 -2.3153 14.4561
528 648 -4.0746 -0.0563 14.6344
552 648 -4.9787 -2.7020 17.2953
576 648 -6.9155 -1.6934 12.2784
600 648 -8.0857 -1.8594 15.6758
624 648 -6.5959 -0.2027 13.3349
648 648 -5.9019  1.0025 19.2666
672 648 -6.9559  2.0475 11.5956
696 648 -8.0048  0.6243 13.7756
720 648 -7.9260 -0.0602 14.8887
744 648 -0.7138 -2.1670 17.7332
768 648  0.8918 -1.9090 12.4434
792 648  3.2028 -2.1170 20.6120
816 648  3.6402 -2.7585 23.7969
840 648  2.9835 -1.1630 19.9855
864 648  3.7153  1.8941 16.5552
888 648  2.1340 -0.2039 13.8794
912 648  2.3118 -0.0516 15.2322
936 648  2.7991  0.7529 14.2710
960 648  2.3522  5.0117 14.1753
984 648  0.3880  0.1075  7.9775
 24 672  0.0026 -0.0049 12.3726
 48 672  5.3741  2.6783 16.3677
 72 672  4.5305  4.4151 18.5195
 96 672  3.1930  6.6494 10.5379
120 672  4.1528  6.0440 11.1110
144 672  4.9840  3.9196 12.9224
168 672  7.3845  2.1621 12.2138
192 672 10.0634  1.1129 18.5332
216 672  7.1573  0.2289 13.0693
240 672  5.1970  1.1243 16.2649
264 672  4.0058  2.3266 13.8000
288 672  3.4176  4.1625 18.6610
312 672  3.1502  3.8299 12.6542
336 672  1.8129 -0.2670 13.0448
360 672  5.6501  6.1474 16.1724
384 672  0.0787 -0.1774 17.1214
408 672  0.3923 -1.6169 20.9421
432 672  0.2021 -1.7734 16.0582
456 672  0.2446 -0.2728 14.0918
480 672 -1.2817 -2.2214 19.4208
504 672 -1.6741 -3.1304 22.1638
528 672 -1.9591 -3.8768 17.4972
552 672 -4.1838 -3.1664 19.0521
576 672 -2.7200 -1.1038 11.6563
600 672 -8.2746 -1.6855 10.8009
624 672 -7.6641 -2.4297 12.4948
648 672 -8.1540 -3.0177 14.9062
672 672 -3.6663 -3.2436  7.2585
696 672 -5.8621 -0.8561 12.1794
720 672  1.0245 -2.6790 12.8243
744 672  0.8835 -2.5256 19.6145
768 672  1.6154 -0.5355 12.5976
792 672  2.9173 -1.8502 13.0082
816 672  3.4325 -1.7621 17.9428
840 672  3.6593  0.0444 17.2021
864 672  4.4544  1.4360 13.1884
888 672  7.5853  3.0220 14.4132
912 672  3.5276  0.5747 13.5281
936 672  0.6263  4.5985 17.1964
960 672  0.3830  5.5257 17.1812
984 672  3.6978  0.0263  8.5017
 24 696  0.0046  0.0389 12.2234
 48 696  4.4859  0.9354 14.6746
 72 696  3.7939  4.1625 14.9820
 96 696  1.5358  4.6611 15.8249
120 696  4.1612  4.2845 16.9383
144 696  5.5611  3.8944 16.2110
168 696  5.7678  2.5292 13.9158
192 696  9.2219  0.4226 15.8990
216 696  9.0003  0.7129 13.8105
240 696  4.6538  2.6280 16.7655
264 696  0.1179  2.9237 12.9172
288 696 -2.0858  1.5000 13.8460
312 696  1.5411 -0.4680 13.5240
336 696  1.5550 -0.0428 12.8254
360 696  3.2557  6.7255 12.8250
384 696  0.2939  0.2467 12.2527
408 696  0.4107 -0.1317 20.5736
432 696 -1.4073 -6.0023 14.3502
456 696 -1.4710 -6.2157 16.7012
480 696 -1.4855 -2.2428 16.1998
504 696 -1.9501 -2.0516 17.8150
528 696 -2.4798 -3.6413 13.7772
552 696 -2.8495 -3.3683 14.3121
576 696 -1.9740 -1.7938 16.3817
600 696 -1.3608 -0.3085 13.1905
624 696 -2.3364  1.5197 15.3233
648 696 -1.7238  1.5617 15.2447
672 696 -4.0815 -3.1373 13.5153
696 696 -4.8700 -3.4037 19.4158
720 696  0.0042 -1.6334 15.3963
744 696  0.8682 -1.7753 19.2821
768 696  1.6119 -0.9941 13.8165
792 696  3.5412  0.7901 12.6869
816 696  2.8250 -0.0808 19.2062
840 696  3.9630  0.5072 16.2300
864 696  6.1459  0.9389 14.0485
888 696  7.3254  3.6978 14.3225
912 696  4.9122  3.9532 13.8250
936 696  4.0701  4.2832 16.5721
960 696  1.8194  5.7146 11.8414
984 696  3.6855 -0.0064  8.4108
 24 720  0.0186  0.0169 12.0741
 48 720  9.8066 -3.2602 11.9018
 72 720  8.2873 -0.7574 10.9942
 96 720  7.3051 -4.6019  9.7123
120 720  5.2251  1.4963 12.8174
144 720  5.2909  2.1876 16.4583
168 720  5.9432  0.3355 13.0209
192 720  4.5735 -0.1884 17.1671
216 720 -0.3666 -3.4302 12.7820
240 720 -2.0896  1.3212 11.8338
264 720 -3.1471  2.1539 20.5411
288 720 -2.6768  1.8281 17.4878
312 720 -0.6995  1.0141 18.6931
336 720  0.2410  0.0188 17.5769
360 720 -1.8123 -0.0945 14.7460
384 720  0.2550  5.7512 14.4634
408 720  1.0882 -1.8125 14.3481
432 720 -2.2989 -8.2899 16.2763
456 720 -1.7320 -6.4504 17.3593
480 720 -0.4537 -6.2874 19.2787
504 720 -1.8689 -5.9724 14.9474
528 720 -1.7611 -3.0270 16.0860
552 720 -2.1529 -3.0196 13.2763
576 720 -2.2110 -0.4088 16.6950
600 720 -0.3165  2.1461 12.3781
624 720 -1.0735  3.2744 14.0802
648 720 -0.8196 -0.6943 14.3912
672 720 -3.8762  0.5240  9.4489
696 720 -4.9401 -3.1204 19.5787
720 720 -3.1555 -1.2328 16.2127
744 720  0.3676 -0.8073 20.1591
768 720 -0.0464 -1.6249 14.8458
792 720  4.2082 -8.3841 14.5859
816 720  5.3774 -1.0820 12.2372
840 720  7.5456 -0.2174 21.8667
864 720  7.6405  0.8559 23.0503
888 720  6.1167  3.2656 11.2834
912 720  4.2997  5.4046 18.0817
936 720  4.7141  5.1869 17.7119
960 720  1.0094 12.3402  9.5962
984 720  3.6329 -0.0706  7.9594
 24 744 -0.0305 -0.0014 11.7586
 48 744 10.8086 -2.4881 12.0119
 72 744  9.4176 -3.9575 14.6587
 96 744  8.1858 -5.2277 13.1280
120 744  4.9589  1.0033 15.1734
144 744  4.2736 -0.2661 18.3930
168 744  4.4563 -0.8542 22.4771
192 744  2.6176 -0.8352 18.2703
216 744  0.3509 -6.7542 12.5911
240 744 -0.8871 -8.6935 14.1626
264 744 -3.5194  2.0674 23.3705
288 744 -3.0025  1.6435 18.5198
312 744 -0.8501  0.5798 17.3015
336 744 -1.2803 -0.5137 19.1442
360 744 -2.7760 -1.2771 17.7102
384 744  0.8944  0.7590 11.6192
408 744  3.8309  0.0124 16.5639
432 744 -0.2393 -0.2252 14.9722
456 744 -1.7266 -5.5788 16.9655
480 744  0.0817 -5.4425 19.0119
504 744 -1.0961 -3.8937 14.2680
528 744 -0.3666 -2.1505 16.7128
552 744 -0.4167  0.2573 17.8544
576 744 -1.7588  0.5608 15.6726
600 744 -0.5196  3.9197 11.1791
624 744  0.8033  5.7849 13.0900
648 744  0.9637  0.4116 16.0371
672 744  1.1921  0.2149 13.8964
696 744  1.2120  4.0807 12.6693
720 744  0.2375 -0.3081 15.1711
744 744  0.8306  0.5287 18.6394
768 744  1.8287 -5.1369 12.8137
792 744  3.9342 -6.0480 17.3625
816 744  5.6762 -3.1154 17.2956
840 744  7.3368  0.3053 19.4358
864 744  7.2266  1.7008 19.1992
888 744  4.6870  4.7947 15.2266
912 744  0.4940  7.9503 13.1495
936 744 -0.4637  7.9678 13.9367
960 744  0.2489 13.3629 11.3084
984 744  0.4320  0.0549  7.7670
 24 768 -0.0579  0.0297 11.6824
 48 768 10.8450 -3.3200 12.5399
 72 768  9.9360 -4.4099 17.1594
 96 768  8.3567 -5.4693 11.8772
120 768  7.0444 -2.4527 16.1452
144 768  6.7110 -2.2384 14.5346
168 768  0.9313 -2.8392 19.2071
192 768  1.4532 -2.0205 19.0033
216 768  0.0940 -1.1271 17.0745
240 768 -0.0327 -0.1815 17.7089
264 768 -1.3389  1.0641 12.4823
288 768 -0.5115  0.4131 14.6406
312 768 -1.0895 -0.0294 21.7142
336 768 -1.1713  0.0242 21.0457
360 768 -2.7865 -1.1062 16.7814
384 768 -2.8744 -6.7322 11.1915
408 768  0.1675 -0.2043 18.7968
432 768  0.2628 -0.2378 19.3902
456 768 -0.0930 -2.8463 11.7265
480 768 -2.3040 -2.8043 12.4830
504 768 -2.2767 -3.3195 13.4666
528 768 -1.0354 -4.1985 14.8034
552 768 -0.4803  2.4371 22.6037
576 768 -1.7081  1.0092 19.7101
600 768 -3.0394 -1.2857 12.2928
624 768  2.7953 13.1321 15.3519
648 768  3.0770 11.7181 10.9369
672 768  2.1995  3.0039 13.0214
696 768  2.2599  4.7555 14.7348
720 768  1.0067  0.1749 12.7481
744 768  2.6407  0.2748 18.1289
768 768  2.3353  0.7189 13.6359
792 768  4.0192 -3.9258 11.9004
816 768  5.8239 -0.4352 14.2904
840 768  5.9117 -0.3426 11.9153
864 768  4.3706  6.0596 13.7345
888 768  3.7508  6.2602 19.4320
912 768 -0.7178  8.1576 15.9133
936 768 -0.1363  9.2639 15.7189
960 768  1.0751 10.1171 11.9537
984 768  3.6745  0.0447  8.0925
 24 792 -0.0447  0.0278 11.5785
 48 792 10.0432 -4.4976 14.2791
 72 792 12.4544 -3.3671 14.0012
 96 792  7.1622 -2.8939  8.3080
120 792  7.6932 -3.4960 13.0711
144 792 10.3686 -7.8930  9.5762
168 792  8.8730 -4.0892 11.8077
192 792  1.1870 -1.5434 13.4464
216 792  0.7105 -1.5851 19.9988
240 792  0.6958 -0.2279 16.0375
264 792  0.1032  1.6434 13.3609
288 792 -1.9969 -2.8195 16.3535
312 792 -1.0014  0.1729 20.5012
336 792 -1.9710 -2.0915 14.1456
360 792 -2.1170 -4.6517 15.9791
384 792 -3.3248 -6.1561 15.4324
408 792 -0.0554 -0.2598 16.9340
432 792  0.5908 -0.1012 18.0715
456 792 -3.0781 -0.2448 13.3030
480 792 -3.0595 -1.3138 14.8244
504 792 -2.3715 -1.2886 11.5870
528 792 -4.2195 -0.0485 14.2907
552 792 -4.0751 -0.6434 16.7185
576 792 -1.8431  0.8560 16.2946
600 792 -1.8895 10.0076  9.4196
624 792 -0.1745 12.3924 11.9049
648 792  5.5791  9.0239  9.1207
672 792  8.8156  9.0002 14.8752
696 792  5.0008  4.7546 10.8223
720 792  4.0837  1.8717 14.4345
744 792  2.7949  0.4048 15.1055
768 792  3.6463  2.0451 18.6227
792 792  5.0503  2.9093 16.2178
816 792  6.4294  3.8708 15.1937
840 792  6.8706  6.0952 17.3907
864 792  6.2414  7.6083 14.8651
888 792  8.6976  9.9214 13.8275
912 792 11.3153 20.8692  8.1686
936 792  3.6554  9.9067 15.4963
960 792  3.0230  9.9259 23.5114
984 792  3.7074 -0.0354  8.3155
 24 816 -0.0225  0.0009 11.0224
 48 816  7.5740 -6.3942 13.3359
 72 816 13.0454 -2.1825 10.0770
 96 816 11.5488 -8.0719  8.4368
120 816 12.5111 -12.1058 13.8941
144 816 12.4107 -13.6840 12.4632
168 816  9.4225 -4.3850 11.5155
192 816  3.2837 -0.3551 16.5461
216 816  3.7138 -2.1656 13.7345
240 816  3.6203 -2.0163 11.4413
264 816 -7.2331  2.9965  9.4324
288 816 -2.1426  1.9862 10.6794
312 816 -1.9518 -0.0404 13.5538
336 816 -3.9619 -2.9073 21.1270
360 816 -2.0848 -4.1556 13.7130
384 816 -3.0560 -6.0307  9.4867
408 816 -6.9630 -5.8699 11.5926
432 816 -6.4749 -6.0553 16.9542
456 816 -5.1093 -5.1745 14.5825
480 816 -5.1868 -5.0523  9.7734
504 816 -0.9056  5.6749 14.9775
528 816 -0.3640  5.8479 13.6392
552 816 -3.9463 -0.5561 13.2827
576 816 -0.9456  5.9480 12.8347
600 816 -1.1689  6.3037 16.0859
624 816  0.8693 10.5976 13.4754
648 816  3.4137  9.1353 15.0239
672 816  5.6306  9.3617 14.0603
696 816  7.1945 11.0460 11.8865
720 816  4.1507  1.8970 12.9239
744 816  2.4373  0.1740 11.7989
768 816  4.2319 11.8097 11.6037
792 816  4.2277  2.3029 12.3498
816 816  6.0794  4.3084 16.2137
840 816  6.0587  6.2425 17.6318
864 816  5.7083  7.9196 16.1521
888 816  6.0290  9.0898 12.3241
912 816  5.4719 11.4144 12.3098
936 816  4.5678 11.3928 10.1821
960 816  2.8640  9.4192 15.4154
984 816  3.6805  0.0370  8.2701
 24 840 -0.0154  0.0198 12.1196
 48 840  9.3789 -8.5982 11.7129
 72 840  9.1779 -7.7987 13.6925
 96 840 -18.7104 20.8954 13.3541
120 840 -21.0171 18.2898 11.6158
144 840 13.7963 -10.4545 12.3283
168 840  7.2582 -3.9006 11.4897
192 840  3.1433 -1.0467 10.7140
216 840  4.6358 -2.9220 12.6239
240 840  6.9922  0.3874  9.2572
264 840 -7.2680  7.0287  8.2092
288 840 17.3216 27.1863  6.2655
312 840 -2.5902  0.0729 12.5722
336 840 -3.0405 -1.9657 16.5946
360 840 -7.0524 -5.4030 14.4622
384 840 -6.0750 -7.9039 19.7413
408 840 -4.3973 -7.3291 17.2394
432 840 -6.1812 -6.8802 14.8456
456 840 -6.4749 -5.9416 14.3994
480 840 -6.4786 -6.0438 13.2674
504 840 -1.5672  6.3812  7.7530
528 840 -1.7425  6.2203 13.9395
552 840 -1.0297  0.2853 10.4343
576 840 -2.5716  6.6146 14.2589
600 840 -2.4381  6.2741 18.9497
624 840 -1.1528  6.3132 13.9819
648 840  2.9227  8.9382 13.3561
672 840  3.8420  9.7941 15.4037
696 840  5.0980  9.5802 11.4075
720 840  6.9991  4.0496 11.1853
744 840  3.7919 12.1068  7.2073
768 840  4.8075 12.1072 18.4147
792 840  3.5619 13.0471 11.3525
816 840  6.5671  6.4267 12.8237
840 840  5.9023  6.2307 14.5676
864 840  5.7307  6.1505 12.9875
888 840  2.7851  6.7589 12.0064
912 840  4.0235 12.8997 11.4897
936 840  4.7362 12.8216 14.0104
960 840  5.0518  7.2581 10.1607
984 840  3.7386  0.0553  8.7514
 24 864 -0.0130 -0.0111 12.4922
 48 864  8.6227 -8.6417 11.3343
 72 864  8.2760 -7.3103 13.1170
 96 864  9.6307 -7.7022 21.6923
120 864 -21.9011 19.3417 14.4589
144 864  9.7268 -6.8249 14.4156
168 864  7.8801 -6.2644 13.6372
192 864  7.7480 -6.2161 12.7355
216 864  7.0257 -5.3503 13.7583
240 864 -5.2726 17.7067 15.0764
264 864 -7.0360 15.5670 13.4302
288 864 15.0294 -12.1271  6.8560
312 864  7.7389  1.8288 17.0469
336 864 -5.1570 -7.1646 14.7355
360 864 -5.5502 -7.7607 15.4975
384 864 -6.0365 -8.2490 17.9654
408 864 -4.8179 -8.3375 14.3939
432 864 -6.0923 -9.1269 12.6135
456 864 -5.6606 -4.3590 12.8809
480 864 -7.6069 -4.1827 11.2906
504 864 -8.3103 -2.5009  8.8827
528 864 -8.8090  6.3759  8.8903
552 864 -6.4244  7.9288 12.9839
576 864 -4.0024  5.8796 12.7484
600 864 -3.1307  5.9945 14.4926
624 864 -1.7085  5.1145 17.0479
648 864  1.0171  7.1963 15.0868
672 864  3.2954  8.7780 11.1086
696 864  8.6737  6.8199 11.7015
720 864 10.1338  4.1237 12.6656
744 864 12.6390  3.9397 10.3049
768 864 -8.9972 -36.9087  7.0489
792 864  5.6449  9.2239 10.0778
816 864  6.2743  9.1177 14.2170
840 864  6.3151  3.4731 13.6901
864 864  3.4568  3.2283 14.7843
888 864  2.9807  5.2830 14.2955
912 864  2.3292  4.8395 10.8944
936 864  5.1285 11.1129 10.0207
960 864  2.1437  3.0582  9.2323
984 864  0.4320  0.1464  8.5462
 24 888 -0.0007 -0.0074 12.6863
 48 888  5.9367 -9.9231 15.4127
 72 888  5.5083 -9.0894 12.0067
 96 888  7.8258 -7.3029 12.6924
120 888  9.3461 -6.7888 10.2602
144 888  9.7404 -6.7721 12.1512
168 888  7.7287 -8.1815  8.2956
192 888  6.9291 -6.8829 11.0706
216 888  7.5416 -6.1643 12.7278
240 888 -6.6036 13.1084  9.8485
264 888 -9.7370 10.7540 15.7300
288 888 -0.2324 34.3095  6.7262
312 888 -4.1958 -12.7862  9.2225
336 888 -4.5590 -11.1476 16.8206
360 888 -3.5443 -8.3156 14.9215
384 888 -3.5072 -7.1694 10.5264
408 888 -3.4314 -6.7543 11.4619
432 888 -3.8498 -5.1147 14.0668
456 888 -4.1090 -4.9045 10.3680
480 888 -10.7921 -2.7324 10.2721
504 888 -11.0930  3.1139  9.9338
528 888 -12.8661  5.1571  8.6486
552 888 -10.7580 10.2547  9.8817
576 888 -8.1156  5.9554  9.9573
600 888 -6.9100  3.1031 13.2697
624 888 -1.8398  4.8374 15.7375
648 888  1.7146  5.3907 11.6889
672 888  5.3066  6.6565 11.5232
696 888  7.9870  6.0451 12.2264
720 888  9.0064  3.3511 11.3273
744 888 12.6515  0.2422 12.5915
768 888 10.2369  1.0648 10.3249
792 888  5.2702 10.9713 14.2129
816 888  4.6669 11.2036 13.9244
840 888  5.1847  5.8295 12.7429
864 888  3.2760  3.3212 14.0514
888 888  3.1063  2.0139 13.0750
912 888  2.7770  1.8466 12.7822
936 888  3.2327  2.8891 12.8421
960 888  2.1991  7.0042 10.9093
984 888  0.4573  0.0228  8.3942
 24 912  0.0019 -0.0146 12.6199
 48 912  6.0005 -10.6555 16.4992
 72 912  5.3298 -9.3738 22.8595
 96 912  5.4828 -9.0632 15.7202
120 912  8.1606 -11.8526 12.3501
144 912  8.3039 -9.9302 11.0769
168 912  5.0314 -9.1163  9.6727
192 912  4.3078 -7.2411 12.1024
216 912  5.0083 -7.8754 12.7602
240 912 22.6648  9.5188  7.5778
264 912 16.9071 15.1640  9.1442
288 912 10.2915  0.4309 14.9021
312 912 -4.2681 -11.4070 18.0502
336 912 -4.3401 -11.7479 18.7202
360 912 -1.3750 -6.6574 12.6134
384 912  0.0960 -4.9848 17.7780
408 912 -0.0877 -5.0878 15.9139
432 912 -3.0007 -5.7097 14.6471
456 912 -7.8585 -1.1128 12.1382
480 912 -15.9672  1.5484 10.9802
504 912 -14.7908  5.6931 12.2332
528 912 -13.9826  7.6554 15.3078
552 912 -11.0648  9.2816  8.1074
576 912 -8.2069  6.1905 13.0964
600 912 -7.7185  4.1223 12.8029
624 912 -1.7924  3.0188 15.6246
648 912 -0.3187  3.1552 14.6674
672 912  6.7529 11.6287 10.9368
696 912  6.7621  9.8944 10.2647
720 912  7.8868 -3.9480  7.4614
744 912  9.6465 -4.8076 17.5242
768 912 11.4375  4.0536 11.9099
792 912  8.9475  6.0017  8.9317
816 912  3.6328 11.6409 14.1012
840 912  5.1653  5.2563 14.5559
864 912  3.6983 -0.7700 13.7812
888 912  3.9482 -0.8151 17.7518
912 912  2.6173 -0.0110 14.1801
936 912  2.4412 -0.3898 12.6865
960 912  2.5087  0.3258 13.3088
984 912  3.7167 -0.1262  8.7535
 24 936 -0.0018 -0.0091 12.5119
 48 936  2.8754 -11.0562 12.4585
 72 936  2.7187 -11.3580 12.3007
 96 936  2.1031 -12.8253 10.2135
120 936  4.7829 -9.9634  8.8979
144 936  4.4379 -8.9273 11.9142
168 936  4.0100 -8.7912 12.1016
192 936  3.7623 -7.5124 11.7493
216 936  3.6411 -7.7963 10.4733
240 936  5.0448 -7.1627  8.4304
264 936  5.1665 -2.1709 11.7919
288 936  6.9838  1.1757  9.2071
312 936 -5.8778 -12.0849 13.3746
336 936 -3.3761 -10.6725 12.8430
360 936 -8.1689 -5.2533 14.9570
384 936  0.1261 -4.9760 17.5619
408 936 -0.0416 -6.9658 16.7163
432 936 -0.3484 -5.3778 10.8472
456 936 -7.1865 -1.4640 20.7168
480 936 -6.4184 -0.9964 10.1623
504 936 -16.0222  3.9715 11.6578
528 936 -14.0991  7.9811 14.2650
552 936 -11.4078  7.1889 11.9626
576 936 -9.6125  6.9395 11.4042
600 936 -5.1194  7.0877 15.8270
624 936 -4.0911  5.5803 14.8794
648 936 -1.7719  4.8241 12.7352
672 936  2.0932  9.0540  7.4263
696 936  8.0197 10.5884  8.0695
720 936 -4.7491 26.5752  5.3863
744 936  8.9802 -5.3356 10.5004
768 936  6.1136  4.8807 11.3347
792 936  4.1420  4.2075 17.8407
816 936  2.7890  2.8291  9.9156
840 936  6.3314  0.2982 17.1261
864 936  4.1830 -0.7508 14.3450
888 936  5.8438 -1.0655 16.0774
912 936  4.1688 -0.9947 13.9407
936 936  2.5970 -0.6961 15.3256
960 936  1.7262  0.2929 17.5234
984 936  3.6432  0.0561  8.4289
 24 960 -0.0077  0.0066 12.4857
 48 960  2.1760 -10.9487 14.6985
 72 960  2.1884 -13.3637 20.4254
 96 960  3.0131 -13.8302 17.2511
120 960  3.7712 -12.9451 11.4275
144 960  3.4143 -8.3913 17.3562
168 960  3.1748 -8.6479 14.9176
192 960  3.2862 -9.4030 13.9153
216 960  2.9613 -9.5416 13.5436
240 960  1.3750 -10.9678 10.4937
264 960  3.8694 -5.3055 10.5403
288 960 -5.8643 -15.6438  9.7915
312 960 -4.3124 -9.7175  8.7647
336 960 -6.3168 -8.0646  7.5556
360 960 -10.0661 -4.1537 13.4244
384 960  2.5332 -5.0191 13.6375
408 960  0.3686 -4.8807 15.4547
432 960 -6.5072 -2.4746 11.0611
456 960 -8.1624 -1.3269 19.0382
480 960 -7.9893 -0.8752 11.4180
504 960 -15.8177 -2.0428  7.5993
528 960 -14.1710  8.2643 13.3435
552 960 -12.1860  7.3258 10.4418
576 960 -13.7301  7.4569 10.6704
600 960 -7.8090  7.1231  8.3069
624 960 -4.9684  7.1193 10.2913
648 960 -0.7939  8.1638 11.2828
672 960 -0.6785  8.3910 11.7441
696 960  1.3699 11.5472 10.8528
720 960  3.1928  9.8275 10.0594
744 960  5.2725  6.5960 12.7616
768 960  5.2329  4.1686 14.6166
792 960  4.6445  4.0527 14.8910
816 960  8.0077  3.7515 14.8516
840 960  6.2695  0.3756 14.4408
864 960  5.7135 -0.3172 17.4248
888 960  5.3972 -1.3524 16.7437
912 960  2.1687  1.3866 12.9424
936 960  2.6830  0.2720 10.5806
960 960  1.1709  0.3210 16.0860
984 960  3.6797  0.1599  8.2568
 24 984  0.0026 -0.0052 14.3853
 48 984  0.0292  0.0018 12.4780
 72 984 -0.0218  0.0186 12.5449
 96 984 -0.0030  0.0277 12.6943
120 984  0.0158  0.0083 12.5214
144 984 -0.0226  0.0004 11.9534
168 984  0.0377 -0.0112 12.2979
192 984  0.0078 -0.0144 12.4261
216 984  0.0007  0.0075 11.5444
240 984  0.0123  0.0052 12.3087
264 984  0.0003  0.0090 12.7057
288 984 -0.0253 -0.0074 12.4180
312 984  0.0059 -0.0094 12.5351
336 984 -0.0032 -0.0002 12.5449
360 984 -0.0670 -0.0122 12.5213
384 984 -0.1159 -0.0545 12.4171
408 984 -0.1071 -0.0767 11.3669
432 984 -0.0134 -0.0347 11.7993
456 984  0.0115 -0.0028 12.3090
480 984 -0.0636 -0.0001 12.3080
504 984 -0.0152 -0.0155 12.1863
528 984 -0.0373 -0.0245 11.7158
552 984 -0.0856  0.0037 11.7262
576 984  0.0024 -0.0169 11.8414
600 984  0.0088 -0.0233 11.6388
624 984  0.0137  0.0178 12.1938
648 984  0.0136  0.0075 11.8949
672 984  0.0054 -0.0055 12.0029
696 984 -0.0528  0.0066 12.0069
720 984  0.0374  0.0079 11.7566
744 984  0.1220 -0.0103 12.3721
768 984  0.0930  0.0102 12.8703
792 984 -0.0160  0.0186 12.6822
816 984 -0.0058 -0.0022 12.2306
840 984  0.0772 -0.0119 12.1664
864 984  0.0429 -0.0161 12.3320
888 984 -0.0046 -0.0261 12.0182
912 984  0.0350 -0.0072 12.0392
936 984  0.1273 -0.0002 12.2600
960 984  0.1004 -0.0022 12.8339
984 984  3.6746 -0.0176 11.8070
