 24  24 -0.0190 -0.4129 13.0668
 48  24 -0.0429 -1.5886  9.7337
 72  24 -0.0281 -1.6580 10.0309
 96  24 -0.0468 -1.6517  9.8140
120  24 -0.0414 -1.6784  9.6389
144  24  0.0385 -1.6910  9.5448
168  24  0.0051 -1.6983  9.6276
192  24 -0.0725 -1.6470  9.3401
216  24 -0.0077 -1.5828  9.6315
240  24  0.0527 -1.6597 10.1697
264  24 -0.0195 -1.6188  9.7500
288  24  0.0240 -1.6678  9.7311
312  24  0.0677 -1.6985  9.6366
336  24  0.0117 -1.6051  9.7684
360  24 -0.1040 -1.5336  9.9318
384  24 -0.0431 -0.4138  9.8744
408  24 -0.0120 -0.4459  9.8607
432  24 -0.0427 -0.4639  9.4080
456  24 -0.0054 -1.6336  9.7931
480  24 -0.0207 -1.6053  9.9736
504  24 -0.0219 -0.4277  9.7316
528  24 -0.0048 -1.6195  9.6114
552  24 -0.0115 -1.6125  9.5707
576  24 -0.0459 -1.5921  9.3840
600  24 -0.0286 -0.4128  9.3851
624  24 -0.0323 -1.6204 10.0327
648  24 -0.0254 -1.7014 10.3733
672  24 -0.0729 -1.6541 10.0023
696  24 -0.0590 -0.4418  9.5951
720  24 -0.0616 -1.6205  9.6674
744  24 -0.0177 -1.6643  9.7600
768  24  0.0296 -1.7033  9.8577
792  24 -0.0118 -1.7965 10.6520
816  24 -0.0126 -1.7913 10.1148
840  24  0.0252 -1.7452  9.1780
864  24  0.0507 -1.7212  9.5370
888  24 -0.0149 -1.6405  9.5610
912  24 -0.0073 -1.6334  9.7596
936  24 -0.0041 -1.6416  9.9445
960  24 -0.0097 -1.6600  9.9357
984  24  0.4551 -1.6430 10.4088
 24  48 -0.0252  0.0193 12.6165
 48  48 -3.3730  0.0043 11.8728
 72  48 -7.1612  1.8352 13.6577
 96  48 -4.0911  4.7458 13.6985
120  48 -3.0081  6.1774 14.4264
144  48 -1.8109  6.5217 14.1961
168  48 -2.1030  5.0275 13.6531
192  48 -1.3756  3.3109 11.3873
216  48 -0.1580  6.3262 12.7872
240  48 -0.2409  6.0635 11.8101
264  48  1.6545  6.8308 14.0190
288  48  0.2892  5.5864 14.0322
312  48  0.8502  4.5182 19.8955
336  48  0.5939  3.3142 16.3288
360  48 -0.2425  1.0190 14.2452
384  48 -0.0075  3.2736 15.9442
408  48  1.8416  4.3740 16.2431
432  48 -1.8800  1.6487 14.3886
456  48 -4.7758  0.8686 18.7297
480  48 -2.9893  0.3172 19.3245
504  48 -2.1805 -0.3418 15.7927
528  48 -0.2750  3.2465 17.4824
552  48 -0.2576  3.3238 14.7546
576  48  0.8709  0.2576 14.6614
600  48 -0.0990  0.0496 15.4025
624  48 -2.8550  0.3686 15.6963
648  48 -2.8619  0.3956 13.7298
672  48 -5.3962  0.0004 14.6542
696  48 -7.8037  1.7363 12.7031
720  48 -4.1234 -0.9527  9.4637
744  48 -4.0423  2.4904  9.9529
768  48 -5.2556  4.5412 10.7817
792  48 -3.8469  1.9862 13.3970
816  48 -0.8576  0.8196 13.7714
840  48  0.1667  0.1283 15.7940
864  48  2.0888 -1.7525 12.5067
888  48 -7.0278  2.9661  8.9054
912  48 -4.0563 -0.7152  8.7192
936  48 -3.4519 -8.7696 16.1722
960  48 -3.1374 -7.1460 13.2122
984  48  5.7790 -0.0225  6.9119
 24  72 -0.0037  0.0607 12.2022
 48  72 -6.6413  2.9180 13.4970
 72  72 -7.9007  2.2128 13.2834
 96  72 -4.4365  4.0025 15.2424
120  72 -1.2986  6.3744 16.5007
144  72 -0.6785  5.1119 17.5788
168  72 -2.0509  3.0366 15.8131
192  72 -2.1159  2.5358 17.0348
216  72 -0.8016  3.6827 18.1396
240  72  0.0384  4.5169 18.3317
264  72  1.7470  7.3422 14.1447
288  72 -1.8302  5.1224 16.4821
312  72 -2.7940  1.3084 17.5321
336  72 -1.9752  1.8211 15.6429
360  72 -1.6878  0.4061 15.4402
384  72 -1.3301  2.0419 19.7475
408  72 -0.4364  2.1097 15.5914
432  72 -1.7179  1.1411 13.7649
456  72 -2.3733  0.3378 20.4257
480  72 -2.3512  0.0405 20.3197
504  72 -1.8293 -0.2063 18.4842
528  72  0.0761 -0.2175 16.5542
552  72  0.8125  0.1924 17.3880
576  72  2.2422 -0.6252 18.5738
600  72  0.3737 -0.1868 16.7058
624  72 -1.9971 -0.0077 13.4958
648  72 -2.1655  1.0951 13.1065
672  72 -5.7153  1.9016 11.0461
696  72 -6.8263  2.8211 13.8635
720  72  5.8149 -21.6471  7.0791
744  72  7.3592 -19.7947  7.9671
768  72 -3.9679  1.2594 11.5369
792  72 -2.3513  1.7681 14.4874
816  72 -0.3004 -0.4650 17.2956
840  72 -0.2278 -0.2661 14.6397
864  72 -1.3655 -0.8878 11.5043
888  72 -2.1103 -0.6762 10.0894
912  72 -1.9678 -3.0397  8.8599
936  72 -3.9688 -9.2843 15.9728
960  72 -4.9247 -8.0368 11.0541
984  72  5.7813  0.0019  6.8433
 24  96 -0.0059  0.0419 12.2269
 48  96 -9.0924  2.0698 12.1291
 72  96 -7.4289  3.8074 15.0413
 96  96 -5.9478  4.3141 14.6309
120  96 -3.0508  2.4923 15.3986
144  96 -3.4018  2.8091 14.2425
168  96 -2.9968  2.4449 12.8895
192  96 -3.7444  0.5585 17.9398
216  96 -2.6559  1.8616 15.4489
240  96 -2.0240  2.6483 15.8810
264  96 -0.0089  6.4707 13.7257
288  96 -2.1524  5.1900 15.0598
312  96 -3.0030  2.6995 13.5180
336  96 -2.0885  0.8089 18.6240
360  96 -1.9148  0.2291 19.3187
384  96 -1.9753  0.7060 19.3162
408  96 -1.7131  0.9666 15.5737
432  96 -1.8232  0.7095 12.1218
456  96 -1.9796  0.2450 18.3618
480  96 -1.6157  0.0014 17.2714
504  96 -0.5766 -0.3251 15.3938
528  96  0.1976 -0.9711 14.4290
552  96  5.9958 -2.7159 10.6591
576  96  5.1779 -0.6522 11.7854
600  96  2.1910  0.0710 17.2828
624  96  1.1293  0.5818 17.9649
648  96 -0.1545  1.2842 17.4785
672  96 -1.7352  2.9197 15.4149
696  96 -2.4151  2.5329 14.8376
720  96 -4.9311 19.2873  7.9928
744  96 -1.2291 19.2919  9.4910
768  96 -2.2524  1.7695 15.4252
792  96 -0.1054 -0.5643 14.5372
816  96  0.1579 -0.5926 16.4951
840  96 -0.4828 -0.4113 15.2095
864  96 -1.9355 -0.7734 16.0850
888  96 -2.1512 -2.9245 11.5863
912  96 -4.2553 -4.7976 13.3205
936  96 -4.0145 -8.1356 14.3539
960  96 -3.0284 -7.9555 12.0224
984  96  5.5854 -0.0146  7.1841
 24 120  0.0040  0.0278 12.2535
 48 120 -9.2228  2.1040 11.6201
 72 120 -2.1244  4.3233 13.3871
 96 120 -2.8727  3.5758 14.9023
120 120 -2.6466  2.9023 16.2180
144 120 -3.3613  2.6523 15.2190
168 120 -3.9906  1.2088 14.3359
192 120 -3.8854  0.1504 19.4345
216 120 -3.5882  1.5809 17.1388
240 120 -3.9849  2.0823 20.0751
264 120 -4.1326  0.8866 15.1576
288 120 -3.8196  3.6546 12.9547
312 120 -3.9316  2.3233 14.3175
336 120 -1.5602 -0.0292 21.7340
360 120 -1.7285 -0.0358 23.1874
384 120 -1.8554 -0.4219 18.0467
408 120 -2.0276 -0.5495 16.0144
432 120 -1.9074  0.0470 16.7334
456 120 -1.5682 -0.0254 16.4950
480 120 -1.0728 -0.1221 18.3000
504 120 -0.3869  0.1087 13.1905
528 120  0.9667 -3.7306 14.4711
552 120  2.5209 -4.0987 10.8950
576 120  6.0021  1.6366 10.5323
600 120  3.9106  1.9929 15.5983
624 120  1.4080  0.7170 22.7942
648 120  0.3775  1.3151 18.9016
672 120 -0.3076  2.3767 14.4813
696 120 -2.3840  0.8707 13.5610
720 120 -3.0864 -0.9811 15.7194
744 120 -2.8747 -0.9169 12.5605
768 120 -1.0210 -0.0706 14.7908
792 120  0.9133 -0.2548 15.0744
816 120  0.1451  0.0628 13.6146
840 120 -1.1754 -1.5347 13.5150
864 120 -0.6010 -1.3488 13.8589
888 120 -2.0004 -3.2782 11.8654
912 120 -4.2588 -4.7624 12.7170
936 120 -4.1537 -7.8108 12.1756
960 120 -5.7497 -8.1139 14.1572
984 120  5.6391  0.0120  7.5620
 24 144  0.0157  0.0158 12.1432
 48 144 -3.9157  2.2474 13.4412
 72 144 -3.3523  3.2958 15.6504
 96 144 -2.2528  4.1468 15.0472
120 144 -1.6213  3.5873 17.0899
144 144 -2.4073  3.1529 19.5797
168 144 -2.8745  0.3095 16.9041
192 144 -3.8415 -0.2914 14.7191
216 144 -4.9003  0.8626 15.4765
240 144 -4.9389  2.0657 17.6757
264 144 -5.3349 -0.0564 15.5096
288 144 -5.8064  0.2905 13.6405
312 144 -6.0973  0.2780 14.7691
336 144 -7.2304 -1.8345 11.6563
360 144 -3.8905 -1.3429 14.7044
384 144 -3.8815 -1.4940 14.2263
408 144 -3.8555 -2.1334 15.0110
432 144 -1.8549 -0.5384 16.6691
456 144 -1.6944 -0.2057 18.5137
480 144 -1.8442 -0.1496 19.5357
504 144 -1.6653 -0.6615 15.9772
528 144  0.2064 -2.9550 16.6021
552 144  0.0423 -2.6174 17.2642
576 144 -0.3836 -0.1574 15.7866
600 144  0.0146  0.1805 15.0788
624 144 -0.2158  1.2137 17.1056
648 144 -0.4775  0.9322 14.3491
672 144 -0.6284  1.0024 14.4016
696 144 -1.1887  0.0938 13.5046
720 144 -1.9172 -0.7947 15.7822
744 144 -1.8466 -0.4415 14.0174
768 144 -0.5720 -0.6599 16.9895
792 144 -0.7331  0.6358 16.6443
816 144 -0.9112  0.4621 17.0856
840 144  0.5782 -1.9904 15.1616
864 144  1.0921 -2.7813 14.7752
888 144  0.5315 -3.3533 14.1290
912 144 -0.0250 -5.8410 13.1204
936 144 -0.0727 -6.1657 12.4289
960 144 -4.0459 -7.8943 11.9239
984 144  5.5903  0.0198  7.5592
 24 168  0.0191  0.0460 12.3709
 48 168 -4.3123  2.1761 16.9647
 72 168 -3.7183  2.6077 17.4606
 96 168 -5.0114  3.1420 16.2811
120 168 -4.7385  2.0958 14.2761
144 168 -4.2638  2.1145 16.8056
168 168 -5.6911 -0.3564 13.4452
192 168 -7.7752 -0.9174 16.0234
216 168 -7.1300 -0.1586 14.0052
240 168 -6.4319  2.5441 17.0584
264 168 -6.8664  0.8220 16.4465
288 168 -7.0608  0.7232 19.9010
312 168 -8.6588  0.1189 13.3723
336 168 -7.9881 -2.5338 15.9468
360 168 -6.7531 -3.1185 17.4405
384 168 -5.9042 -5.0555 10.5384
408 168 -8.9697 -5.6825 11.9866
432 168 -6.0253 -3.2866 13.8203
456 168 -5.9578 -3.4657 13.8176
480 168 -4.2094 -1.5345 15.6779
504 168 -1.5477 -1.2528 16.9737
528 168 -0.0914 -2.5940 15.2652
552 168 -0.6012 -0.4751 13.7640
576 168 -0.9484  0.3702 16.8336
600 168 -1.6276  0.8347 16.1050
624 168 -0.3520  1.2006 17.4447
648 168 -1.5341  0.2802 15.7452
672 168 -1.0077  0.1658 15.4715
696 168  0.7918  0.6190 12.5874
720 168  0.2149 -0.6843 11.7800
744 168 -0.2345 -1.1400 17.1564
768 168 -0.7109 -0.2162 21.3848
792 168 -0.4989  1.2867 14.8269
816 168 -0.1165  1.5781 13.7956
840 168  0.1182 -0.6857 15.8958
864 168  3.0862 -3.9967 15.0397
888 168  1.4746 -3.5113 13.4968
912 168  1.2950 -4.3028 13.0201
936 168  0.8389 -4.9500 14.8259
960 168 -1.0326 -5.0642 14.2899
984 168  5.5631 -0.0233  7.3772
 24 192 -0.0098  0.0077 12.2998
 48 192 -5.3222  2.0746 15.5730
 72 192 -4.8931  2.0021 14.6755
 96 192 -5.2054  1.9638 17.5284
120 192 -4.8139  0.2300 15.7841
144 192 -5.1111  0.2768 17.5024
168 192 -5.9575 -0.9728 14.7966
192 192 -7.8784 -0.8294 15.9815
216 192 -5.8539 -1.2915 12.7082
240 192 -3.6584  0.3672 17.9621
264 192 -6.9286  0.9543 17.2930
288 192 -7.0895  0.3127 20.6713
312 192 -6.7082 -0.4958 14.2224
336 192 -8.0228 -2.8057 16.0208
360 192 -8.0396 -3.1804 15.4056
384 192 -11.2662 -4.8475 10.7609
408 192 -11.3406 -5.5121 10.7057
432 192 -6.4243 -2.8120 13.5351
456 192 -6.2813 -3.8153 16.2588
480 192 -5.6788 -3.5194 13.3322
504 192 -3.7767 -2.4285 14.0968
528 192 -3.6747 -2.3717 14.0377
552 192  0.0432  0.7479 14.6538
576 192 -0.0143  1.0643 16.8469
600 192  0.2913  1.6507 19.6967
624 192  0.3040  1.9993 17.3503
648 192 -0.1473  0.5924 19.6378
672 192 -0.9544 -0.2996 21.9498
696 192  0.1103 -0.4993 14.1892
720 192  1.5757 -0.5303 16.2667
744 192  0.2898 -1.2164 16.8118
768 192 -0.0322 -0.2928 21.0866
792 192  0.3967  1.0771 15.0061
816 192  1.5427  1.8215 13.3142
840 192  0.2325  0.0611 13.2387
864 192  4.5696 -4.8836 13.9520
888 192  4.3874 -2.0802 11.3402
912 192  3.8110 -0.8174 13.1031
936 192  1.0825 -3.4696 13.7941
960 192 -0.2700 -4.5401 17.0703
984 192  5.5870 -0.0112  7.4315
 24 216 -0.0218  0.0111 12.4036
 48 216 -5.6643  2.0397 16.9822
 72 216 -2.0821 -1.2546 16.1741
 96 216 -5.3483 -0.7115 18.0964
120 216 -6.2387 -1.8748 14.4211
144 216 -6.5192 -2.0741 13.6717
168 216 -6.0676 -1.9636 17.0810
192 216 -5.4229 -0.7383 19.1379
216 216 -2.9168 -1.4536 18.4541
240 216 -2.1551 -0.6170 18.2119
264 216 -2.2661  0.0065 15.3676
288 216 -1.4033  0.9669 15.9674
312 216 -1.1166  1.0498 14.3918
336 216 -3.7171 -4.1272  8.8570
360 216 -12.1558 -4.8056  8.5814
384 216 -14.4087 -5.6552 11.7023
408 216 -12.2010 -5.1981 13.6810
432 216 -4.2749 -2.8829  8.0292
456 216 -6.1377 -2.3650 15.8386
480 216 -5.5731 -2.4105 14.3280
504 216 -4.7064 -3.3920 12.3745
528 216 -4.7546 -3.7935 14.2718
552 216 -2.6442 -3.0964 14.1591
576 216  0.1150  0.0437 13.3945
600 216  1.2116  1.2252 16.0541
624 216  0.9537  2.4043 17.0826
648 216  1.4703  2.9440 15.0769
672 216  0.2550  1.9105 13.7711
696 216 -1.3528 -1.0997 15.3901
720 216 -0.5067 -2.0951 12.3850
744 216  1.2000 -1.1590 14.8574
768 216  1.2542 -0.7685 17.7099
792 216  2.1416 -0.3137 16.6918
816 216  3.9896  0.2787 14.1226
840 216  5.7577  0.1687 13.9600
864 216  5.6947 -3.2684 15.1268
888 216  0.3693 -0.7243 12.9648
912 216  0.0462 -1.0604 13.6125
936 216 -2.9350 -5.5259 17.4064
960 216 -1.9283 -4.6579 14.3856
984 216  5.5857 -0.0090  7.4626
 24 240 -0.0064  0.0552 12.6343
 48 240 -3.2810 -0.1422 16.9668
 72 240 -2.9558 -0.3790 17.6767
 96 240 -3.0036 -1.0971 14.8523
120 240 -3.8555 -3.8359 15.2721
144 240 -4.1658 -3.8953 13.5193
168 240 -6.7163 -3.9602 12.6833
192 240 -3.0690 -1.6820 12.3026
216 240 -1.3041 -2.5820 20.5508
240 240 -1.1328 -2.2722 16.7278
264 240 -1.9682 -0.4615 19.7443
288 240 -1.8847 -0.0506 20.5770
312 240 -0.5895  0.5652 13.9087
336 240 -1.9206 -8.2490  9.1371
360 240 -9.4592 -9.8855  9.7773
384 240 -11.0914 -6.2115 10.5599
408 240 -10.4194 -5.2322 17.2400
432 240 -8.6416 -5.1318 10.6881
456 240 -5.8643 -2.1946 16.5285
480 240 -5.3092 -1.7579 15.9936
504 240 -4.0092 -2.4131 14.5926
528 240 -3.0314 -4.2744 17.4464
552 240 -2.7987 -3.8195 14.7082
576 240 -1.4048 -0.3777 11.8210
600 240 -1.8057  0.7895 13.2672
624 240  0.2444  2.6457 15.4247
648 240  1.2370  3.8715 15.5853
672 240  0.7810  3.3034 15.4235
696 240 -0.2040 -0.0623 15.8571
720 240  0.5928 -1.0024 15.6907
744 240  1.1603 -0.8683 13.7234
768 240  0.6845 -0.9379 16.5262
792 240  0.3056 -2.1591 16.1384
816 240  2.1500 -2.3194 12.8246
840 240  5.3456 -0.3772 14.0394
864 240  4.7108 -4.6475 15.2278
888 240  0.1636 -0.7919 17.1288
912 240 -0.2047 -1.2858 14.6124
936 240 -2.5640 -5.1759 16.1570
960 240 -3.0863 -4.7820 21.1498
984 240  5.5417  0.0295  7.5031
 24 264 -0.0074  0.0243 12.8472
 48 264 -3.1019  0.1720 18.6227
 72 264 -3.4647  0.0506 17.6200
 96 264 -1.8118 -3.3349 16.3001
120 264 -2.8834 -4.2185 16.4399
144 264 -2.9715 -3.9450 17.8502
168 264 -2.0828 -5.0753 15.9119
192 264 -1.1269 -2.6950 12.9062
216 264 -1.1278 -1.8099 18.1619
240 264 -1.1723 -1.8786 16.9132
264 264 -1.7283 -0.7395 18.1481
288 264 -3.7977 -0.3434 20.1344
312 264 -3.6619 -0.1705 10.0567
336 264 -11.0565 -5.7043 13.6151
360 264 30.4729 -14.9128  7.7646
384 264 -13.2167 -7.8370 12.6686
408 264 -11.6920 -6.3059 12.5283
432 264 -9.1198 -4.2572 10.3060
456 264 -3.4440 -0.7021 12.0296
480 264 -6.9748 -2.3163 16.1798
504 264 -5.7304 -3.6486 14.0572
528 264 -3.5532 -2.8124 13.5601
552 264 -2.3555 -1.6044 13.2798
576 264 -2.3560 -0.4944 13.4352
600 264 -1.8117  0.8287 16.7213
624 264 -0.9364  1.5456 16.1572
648 264  0.0739  2.6657 17.0826
672 264  0.4451  2.0172 19.6126
696 264  1.0087  0.2758 19.0886
720 264  1.6527 -0.1514 18.9494
744 264  2.4567  0.0776 15.6065
768 264  1.0369  0.0174 15.0203
792 264  0.2244 -1.3857 15.4259
816 264  1.3281 -3.6223 11.6152
840 264  3.8477 -3.7873 15.5076
864 264  3.3076 -4.6901 14.7619
888 264  1.3432 -1.8933 15.6173
912 264  1.4973 -3.7866 16.1755
936 264 -0.2459 -4.4222 14.4244
960 264 -4.3354 -1.8013 14.8313
984 264  0.4671  0.0009  7.3654
 24 288  0.0130  0.0371 12.4861
 48 288 -0.2864  0.8249 13.6915
 72 288 -1.5893  0.0860 15.9277
 96 288 -0.8627 -1.0114 15.7372
120 288 -2.0916 -3.1535 17.0309
144 288 -2.8113 -3.6393 19.3868
168 288 -2.3269 -4.6490 17.1723
192 288 -1.6336 -3.4356 14.3568
216 288 -1.2887 -2.1060 16.3506
240 288 -1.4727 -1.7553 15.4052
264 288 -5.1426 -0.7629 17.8279
288 288 -6.0165 -0.3695 18.6220
312 288 -6.2912 -0.2942 13.9007
336 288 -10.4571 -0.1626 13.0242
360 288 -11.6624 -6.0044  8.6444
384 288 -12.1055 -7.1608 10.7914
408 288 -12.3903 -7.4653  9.9898
432 288 -10.5418 -7.0466 12.5162
456 288 -9.9509 -6.7336 12.7183
480 288 -7.1655 -5.0215 14.8624
504 288 -6.9410 -4.5841 15.6437
528 288 -2.1636 -2.2304 12.6752
552 288 -1.5032 -1.6342 14.1846
576 288 -1.6939 -0.1110 16.3720
600 288 -0.9261  1.8219 17.7929
624 288 -0.8207  2.0096 16.9736
648 288  0.6003  0.6503 17.0483
672 288  1.1129  0.0954 16.6526
696 288  1.0698  0.0658 17.2404
720 288  1.3913  0.1140 16.4312
744 288  2.7169 -0.1034 14.2699
768 288  2.9367  1.0850 12.2969
792 288  3.6218 -2.1316 11.2118
816 288  3.7847 -3.7907 11.9840
840 288  2.4424 -3.9511 13.9197
864 288  1.9871 -0.0215 14.0462
888 288  2.0955 -2.6402 15.1416
912 288  2.5474 -4.3524 16.4215
936 288 -5.6282  2.0751  8.4344
960 288 -11.2829 -1.7770 10.9902
984 288  5.6067 -0.0122  7.3237
 24 312  0.0325  0.0349 11.9935
 48 312  2.0943  0.6744 12.7840
 72 312  0.0375  0.1035 13.8795
 96 312 -0.0354  0.7121 17.0437
120 312 -0.5977 -1.3228 17.4611
144 312 -2.0688 -3.0058 19.3255
168 312 -1.0014 -3.9129 14.5580
192 312 -2.6748 -2.7524 13.9469
216 312 -5.5911 -1.3149 17.8405
240 312 -6.0558 -1.0481 17.3828
264 312 -5.9753 -1.0053 15.3986
288 312 -6.1335 -0.9925 16.5277
312 312 -6.4566 -0.2784 13.5078
336 312 -8.2793  0.7370 13.6123
360 312 -9.9888 -6.1297 11.0286
384 312 -10.1198 -6.3382 15.4870
408 312 -11.8920 -6.4923  8.2526
432 312 -11.7994 -8.2208 18.2982
456 312 -9.5110 -7.3786 12.4578
480 312 -7.0946 -5.9746 12.9004
504 312 -5.3156 -4.6722 14.0035
528 312 -1.8888 -2.3334 17.9916
552 312 -0.7548 -1.0210 18.1188
576 312 -0.6002  0.3773 20.5518
600 312 -0.6899  3.1402 18.8085
624 312 -0.2004  2.0149 18.3546
648 312  0.4711  1.0216 13.8694
672 312  0.8849 -0.0477 15.2119
696 312  1.1863 -0.0596 14.3649
720 312  1.4731 -0.0633 16.5365
744 312  2.8926  0.0257 12.9712
768 312  3.0728  3.7092 13.3209
792 312  3.1615 -1.0129 13.8076
816 312  2.4512 -1.7370 16.8882
840 312  1.0283 -0.3420 14.3256
864 312  1.2993  0.3449 15.5153
888 312  2.2641 -2.2084 12.6597
912 312 -6.0483  0.2145  9.8209
936 312 -8.0106  1.1056 14.2265
960 312 -8.5503  0.2241 14.3090
984 312  5.5907 -0.0270  7.5073
 24 336  0.0231 -0.0492 12.0499
 48 336  6.8745 -2.2868 13.3462
 72 336 -0.1018  2.5871 12.9985
 96 336  0.1467  2.4783 15.5239
120 336  0.8730 -0.4396 17.8055
144 336  0.5317 -2.4168 17.0876
168 336 -0.1244 -3.8583 11.5484
192 336 -6.1479 -1.3461 12.4566
216 336 -6.9102 -1.0695 17.1237
240 336 -6.8547 -1.8000 15.3308
264 336 -6.5266 -1.9170 16.7277
288 336 -6.9971 -3.3879 15.3472
312 336 -7.7887 -3.2754 10.4010
336 336 -5.8765 -3.6126 11.9479
360 336 -5.9757 -5.8862 11.6519
384 336 -7.5682 -6.5207 13.8833
408 336 -8.0485 -5.7832  8.0309
432 336 -7.9748 -5.7853 13.5482
456 336 -7.3274 -5.8146  9.7539
480 336 -7.3216 -5.7463 11.9114
504 336 -5.0547 -4.9444 13.4422
528 336 -1.9967 -0.8942 14.6063
552 336 -1.4835 -0.1459 18.4735
576 336 -0.7580  0.0596 21.3008
600 336  0.2220  2.7581 14.9078
624 336  1.2472  2.1301 17.7421
648 336  2.3691  1.3902 13.9150
672 336  1.8148  0.4551 15.5516
696 336  2.9785  0.2025 19.9364
720 336  2.8130 -0.0850 17.6078
744 336  3.2683  2.3317 16.5797
768 336  4.0888  3.4074 17.0377
792 336  3.9905  1.3081 13.5116
816 336  3.2789 -0.4014 13.5487
840 336  4.7531 -0.7425 13.2315
864 336  2.2009 -1.5387 12.6311
888 336 -3.3235  1.0741 10.1217
912 336 -4.4505  1.6014 11.7692
936 336 -3.5525  0.8835 14.3338
960 336 -2.9564  0.2028 13.1787
984 336  5.6073  0.0052  7.8115
 24 360 -0.0101 -0.0394 12.4375
 48 360  1.4170 -2.9963 16.8694
 72 360  0.0504  2.9197 12.9192
 96 360 -0.0449  2.4906 13.5268
120 360  0.2405 -0.5479 16.9778
144 360 -0.2017 -1.1009 14.7085
168 360 -1.6912 -0.9482 13.4987
192 360 -4.3025  2.3950 10.1343
216 360 -8.6095  0.0016 12.3357
240 360 -7.1812 -1.2382 13.1680
264 360 -6.3992 -2.1024 15.5078
288 360 -6.0996 -3.6550 17.6020
312 360 -5.8411 -4.1816 14.0575
336 360 -5.7407 -4.6138 15.1541
360 360 -4.4113 -5.9486 11.9529
384 360 -6.9227 -7.1232 13.2538
408 360 -5.0486 -5.1307 12.7917
432 360 -7.3326 -5.8877 17.7771
456 360 -5.8354 -5.3199 12.9983
480 360 -7.2562 -4.7224 15.7900
504 360 -6.6635 -4.4015 16.6871
528 360 -2.5753  0.5580 16.7326
552 360 -1.6408  0.6618 21.4110
576 360 -0.6092  0.2138 22.2976
600 360  1.9315  2.7766 13.3047
624 360  4.3134  2.1222 12.9469
648 360  4.4732  1.9185 13.7067
672 360  3.1113  1.7945 17.7556
696 360  3.3420  1.1847 14.9320
720 360  2.4037  0.1212 17.5029
744 360  3.0969  1.0346 15.1164
768 360  4.9544  2.7421 15.8059
792 360  4.4720  1.2064 12.3642
816 360  5.2891 -0.7233 16.6394
840 360  5.4062 -1.1047 15.6182
864 360  4.7131 -1.7337 14.2226
888 360 -1.9265  3.1749 10.9385
912 360 -2.1652  2.6189 13.7544
936 360 -1.3033 -0.0562 21.3438
960 360 -1.1929  0.0335 22.2709
984 360  5.5502  0.0128  7.3362
 24 384 -0.0217 -0.0549 12.2826
 48 384  1.9348 -3.5775  9.3161
 72 384  1.0535 -0.2627  9.4198
 96 384  0.0017  0.2362 12.4975
120 384 -0.2210  0.0573 13.2342
144 384 -1.7073  0.0337 14.2268
168 384 -1.7718 -0.1351 12.3626
192 384  4.0192  5.4897 13.3650
216 384 -3.8100  3.3879  8.3438
240 384 -2.3517 -4.1940 11.1231
264 384 -0.9948 -5.1176 12.1463
288 384 -4.9351 -4.9500 15.2016
312 384 -4.1458 -3.4671 15.4048
336 384 -3.7367 -3.2846 11.6855
360 384 -5.1519 -7.1753 12.1154
384 384 -7.4101 -6.7756 12.9868
408 384 -6.9666 -5.3455 12.8542
432 384 -6.7723 -4.9188 13.0912
456 384 -5.8493 -4.1677 12.6548
480 384 -6.7090 -3.6955 15.0006
504 384 -5.9241 -2.8710 15.2859
528 384 -2.8211  0.2019 20.4352
552 384 -1.1818  1.6442 20.7502
576 384 -0.2999  1.5017 19.3458
600 384  3.1018  2.6830 15.8096
624 384  4.9143  2.8359 14.4879
648 384  4.8297  2.8828 15.4193
672 384  4.8359  1.3873 14.3363
696 384  6.4694  0.8025 13.7165
720 384  2.2400  1.0528 13.5574
744 384  2.5814  0.8965 15.6475
768 384  3.0073  0.6620 15.3234
792 384  8.9093  2.0855 12.0493
816 384  9.9255  0.7354 14.0705
840 384  5.9532 -1.0849 13.3705
864 384  5.7717 -1.4942 17.1992
888 384  4.9949 -0.3026 10.6404
912 384  0.3275  2.6194 13.1152
936 384 -0.4707 -0.0109 19.5294
960 384 -1.6385  0.0445 18.4593
984 384  3.8351  0.0243  7.4498
 24 408 -0.0043 -0.0208 11.7670
 48 408  9.8206 -7.0954 11.3218
 72 408 12.0794 -1.1846 12.6102
 96 408  5.3718 -0.8947 11.2100
120 408  5.2406 -0.8812 13.3180
144 408  2.0165 -0.0967 13.8566
168 408 -0.0477 -7.8380 15.5807
192 408  1.3280 -8.1150 11.9364
216 408  7.9616  4.3323  5.9569
240 408 -2.1817 -3.4580 13.2241
264 408 -1.7282 -6.0720 14.5627
288 408 -4.0563 -5.4647 13.2859
312 408 -4.2064 -4.0386 15.1321
336 408 -1.8749 -3.9414 13.9870
360 408 -5.1355 -3.5147 12.6452
384 408 -7.7283 -6.9275 14.3308
408 408 -7.6353 -5.0829 17.5447
432 408 -8.1394 -3.2626 13.4001
456 408 -6.9892 -1.9214 12.5364
480 408 -6.7358 -1.8822 18.3852
504 408 -5.8648 -1.1673 17.7675
528 408 -3.0671 -0.2831 13.4628
552 408 -1.6519  0.9345 20.6419
576 408 -1.7850  1.0145 15.4716
600 408  0.6370  1.3255 14.2072
624 408  3.7833  2.8128 16.9969
648 408  3.6256  2.1831 14.2879
672 408  5.6486  0.8965 16.5657
696 408  5.5495  0.8786 16.6825
720 408  5.2987  1.0895 13.1192
744 408  3.6560  1.0705 12.1597
768 408  3.6569 -0.0749 13.9849
792 408  7.9694  1.1956 13.7535
816 408  9.2026  0.3719 13.9850
840 408  7.9057  0.9490 12.4383
864 408  5.9149 -0.4233 16.9491
888 408  4.7165  0.4688 14.0356
912 408  2.0236  1.3967 20.7076
936 408 -0.1939  0.8118 18.1570
960 408 -2.1243  0.1472 23.1049
984 408  5.5614  0.0090  7.4626
 24 432 -0.0058  0.0574 12.2347
 48 432  7.2778 -6.2293 11.9769
 72 432  7.1166 -5.4833 10.6474
 96 432  6.4479 -2.6499 12.3180
120 432  3.9957 -1.9159 16.7452
144 432  1.0875 -1.7757 17.4125
168 432  0.1734 -3.8968 15.2181
192 432  0.7448 -5.7315 14.2860
216 432  0.0420 -5.4144 12.3047
240 432 -3.7489 -2.3880 17.1431
264 432 -3.7494 -4.7448 14.5550
288 432 -2.3465 -6.8147 15.5670
312 432 -1.2779 -4.9274 21.3062
336 432 -2.3231 -4.0964 16.6513
360 432 -4.5956 -1.6656 16.5616
384 432 -6.1668 -2.2071 12.0832
408 432 -7.8583 -0.2030 16.3902
432 432 -8.7291 -1.5614 20.6850
456 432 -7.9183 -2.0780 18.4702
480 432 -6.4148 -1.1871 19.7111
504 432 -5.9911 -0.3000 18.4718
528 432 -3.0035 -0.0713 14.0573
552 432 -1.1579  1.1633 19.6120
576 432 -1.8223  1.5866 17.9851
600 432  0.0597  1.8454 16.8135
624 432  2.1803  2.2166 16.0527
648 432  3.3509  1.4290 19.1037
672 432  5.1648  1.0990 17.1560
696 432  5.2499  0.8234 16.0941
720 432  5.9370  1.2235 17.0093
744 432  6.9380  2.1525 14.4845
768 432  4.2295 -0.0705 13.8393
792 432  4.4292 -0.1540 13.5533
816 432  4.0986  1.7858 11.6546
840 432  2.2576  1.4799 16.5040
864 432  2.7678  0.1517 13.9166
888 432  3.6011  0.4586 16.0270
912 432  1.8830  0.0355 18.6772
936 432 -0.9152  0.4244 17.4331
960 432 -3.7637 -0.7037 19.6674
984 432  0.4630  0.0764  7.1445
 24 456  0.0071  0.0095 12.1272
 48 456  4.6016 -6.8488 11.0344
 72 456  4.7535 -6.5279 13.6666
 96 456  5.3768 -6.1977 15.7255
120 456  1.0335 -4.1297 11.5960
144 456  0.1844 -2.2214 14.5130
168 456 -0.4987 -0.4617 16.6460
192 456 -2.0009 -0.3779 14.1936
216 456 -3.0534 -2.8576 15.9321
240 456 -2.4532 -3.0702 19.8552
264 456 -3.1485 -3.7718 14.8840
288 456 -4.0342 -6.7264 19.7844
312 456 -2.2516 -5.9323 18.7115
336 456 -4.3097 -2.2274 17.5096
360 456 -5.1205 -1.6244 14.0224
384 456 -8.1648  0.1512 17.7050
408 456 -8.6794 -1.1006 18.4571
432 456 -8.4605 -1.6105 19.4326
456 456 -8.1621 -1.8901 19.4884
480 456 -6.7038  0.0511 15.6099
504 456 -6.0846  0.2648 16.8925
528 456 -5.8695  1.4019 12.9845
552 456 -1.2043  1.6290 17.4243
576 456 -1.6524  1.4853 24.5459
600 456 -0.1457  1.7381 18.2463
624 456  1.9664  1.2137 18.0139
648 456  2.4635  1.8918 14.9648
672 456  2.0207  0.2845 11.2980
696 456  3.2620  0.5658 13.7972
720 456  5.4334  2.2006 12.5839
744 456  4.5846  4.8166 13.7995
768 456  3.8237  0.1648 14.3707
792 456  1.7355 -1.7627 14.6372
816 456  2.1082  1.2218 14.9984
840 456  2.6347  0.7861 14.9873
864 456  2.0921 -1.0140 18.6114
888 456  0.4377 -0.1073 15.8438
912 456 -0.4833  0.1494 17.9570
936 456 -0.7693  0.0850 16.3061
960 456 -1.7213  0.5672 13.3909
984 456  5.5382  0.0075  7.2751
 24 480  0.0126 -0.0054 12.0908
 48 480  6.2647 -1.8834 11.4459
 72 480  6.2135 -5.9842 11.1158
 96 480  6.7491 -7.4475 13.5185
120 480  1.8461 -5.0750 12.0523
144 480  0.7111 -4.1444 15.3613
168 480  0.0892 -2.2556 13.5152
192 480  4.0119 -3.3407 13.4508
216 480  2.3122 -1.9922 14.9157
240 480 -2.2571 -2.3683 13.7912
264 480 -2.0888 -4.9034 14.6538
288 480 -5.3901 -6.4722 13.3338
312 480 -4.8136 -6.6114 16.0946
336 480 -1.2700 -2.6067 16.5094
360 480 -0.8037 -2.0780 13.0497
384 480 -8.0853 -0.0136 13.3083
408 480 -0.7934 -1.0156 11.1325
432 480 -4.2986 -1.6706 14.8539
456 480 -3.9971 -1.4494 14.3335
480 480 -0.0305  1.7823 13.9075
504 480 -4.0661  1.2736 17.5049
528 480 -4.2295  1.9958 16.2742
552 480 -4.2815  2.1937 14.3661
576 480 -1.8349  7.2860 18.2794
600 480 -1.8444  8.5111 19.7405
624 480 -0.1251  7.9098 14.1777
648 480 -1.9155  2.4345 14.1860
672 480 -0.9019  1.1916 15.2846
696 480  0.0829  0.1724 16.0121
720 480  2.0053  1.3817 14.3989
744 480  4.6247  3.8104 13.7140
768 480  2.5761  1.2161 13.2747
792 480 -0.0244 -3.3747 13.7484
816 480 -0.3361 -3.9189 15.2596
840 480  1.0321 -0.8291 13.9774
864 480  1.7441 -0.8311 14.9951
888 480 -0.9965  2.0708 15.0354
912 480 -0.9303  1.9185 20.3172
936 480 -0.3923  1.4101 20.1763
960 480 -0.7958  1.0833 20.3884
984 480  5.6265  0.0291  7.3882
 24 504  0.0069  0.0351 12.2569
 48 504  6.6859 -0.7823  9.8955
 72 504  7.6696 -8.4289 14.1576
 96 504  7.5244 -9.0938 10.8319
120 504  3.3100 -4.4695  9.9317
144 504  2.2248 -5.1655 14.5879
168 504  2.2414 -5.0312 15.2568
192 504  4.1628 -3.7386  8.2677
216 504 12.1080 -3.0408 12.6420
240 504 12.0682 -1.8697 13.6858
264 504  2.9408 -5.7946 12.3780
288 504  1.4217 -5.2471 16.3852
312 504  1.9505 -5.9420 15.6054
336 504 -0.4297 -3.3383 14.1267
360 504 -0.8338 -2.2737 16.2909
384 504 -0.9805 -1.7444 17.7648
408 504 -0.3917 -1.9157 17.5800
432 504 -0.2062 -1.3638 17.8189
456 504 -0.8416 -0.9308 24.8990
480 504 -0.1615  0.6331 22.3494
504 504 -2.7913  2.2202 15.5131
528 504 -3.3171  1.7294 18.0336
552 504 -2.0590  1.1771 16.9598
576 504 -2.0534  3.6638 12.8282
600 504 -1.2750  9.6359 16.2085
624 504  0.3056  7.9600 13.0206
648 504 -1.5502  3.8855 15.8515
672 504 -1.5089  1.4841 17.2333
696 504 -1.7648  0.9372 15.1194
720 504  0.9566  2.2441 15.6309
744 504  4.5101  4.0766 15.8343
768 504  4.0841  3.8370 15.1545
792 504  0.0499 -4.5213 12.1182
816 504 -0.1833 -5.1136 14.8862
840 504  0.0623 -0.1638 11.2130
864 504 -0.1948  0.7740 15.4475
888 504 -0.2674  1.3152 17.0014
912 504 -0.0930  3.0792 16.0637
936 504 -0.0696  1.9379 17.0681
960 504  0.0216  2.0449 17.2463
984 504  5.6430  0.0070  7.2712
 24 528 -0.0030  0.0499 12.5747
 48 528  8.6127 -3.9444 11.6492
 72 528  8.6390 -7.9621  9.6512
 96 528  9.6314 -10.7124 10.0319
120 528  6.1301 -10.2827 10.9981
144 528  2.1717 -9.9188 10.0429
168 528  4.0842 -9.7472 11.7787
192 528  5.6786 -9.1914 14.1791
216 528  5.8411 -8.8438 16.1275
240 528  5.9115 -8.9108 13.4720
264 528 -1.6649 -6.8534 13.2528
288 528  0.2957 -6.6848 15.2848
312 528  1.1300 -5.9676 15.5930
336 528  1.0314 -5.7123 12.9833
360 528  0.4486 -4.5582 14.6164
384 528  0.4241 -2.4463 17.8429
408 528  0.4027 -2.4871 14.3992
432 528 -0.3485 -2.5924 17.8854
456 528 -0.5758 -0.9984 22.7787
480 528 -0.2309  0.5037 17.7721
504 528 -2.0674  3.0579 18.5089
528 528 -1.7717  1.9943 16.1890
552 528 -1.3350  1.3182 14.9997
576 528 -1.1772  2.1639 12.7992
600 528 -0.5255  2.2989 13.3016
624 528 -0.9464  3.0113 15.3586
648 528 -0.5600  4.1282 16.5885
672 528 -1.3253  1.9401 18.6587
696 528 -1.7423  1.1767 16.7092
720 528  0.4570  1.6593 15.3032
744 528  3.8473  3.3927 20.4645
768 528  4.0227  4.1056 14.3994
792 528  5.1942  1.9082 13.3739
816 528  5.6103  1.8499 14.0492
840 528  1.3899 -0.7520 10.5653
864 528 -0.2378  0.8898 15.0606
888 528 -0.0385  3.9105 18.4620
912 528  0.0936  4.6315 17.0287
936 528  0.1423  1.4186 12.7476
960 528  0.1257  3.2999 10.2951
984 528  5.6015  0.0020  7.0541
 24 552  0.0077  0.0448 12.5944
 48 552  9.6886 -5.5975 16.6809
 72 552  9.6278 -8.4997 14.0383
 96 552  9.6202 -11.1921 15.1136
120 552  8.0355 -15.9595  8.1487
144 552  6.0952 -16.3563  9.5318
168 552  4.7322 -14.3201 10.0653
192 552  5.2524 -11.0385  9.9153
216 552  5.7178 -10.7028 13.3336
240 552  4.7844 -11.1879 10.7716
264 552 -1.3113 -8.1577 19.2778
288 552 -0.8644 -8.0270 16.7898
312 552 -0.1774 -7.2354 16.4990
336 552  1.0204 -6.4860 12.9331
360 552  2.3685 -4.9679 13.0352
384 552  1.9880 -3.7444 11.8856
408 552  2.5766 -2.7001 16.1307
432 552 -0.0017 -2.7839 18.8103
456 552 -0.4955 -1.0577 20.9677
480 552 -0.9272  1.1302 16.1806
504 552 -2.5851  4.1760 15.3928
528 552  0.1801  1.9257 13.7368
552 552  0.9912  1.5770 16.2868
576 552  0.2025  4.0257 15.2133
600 552 -0.5830  2.9129 15.6681
624 552 -1.0263  3.0917 17.0103
648 552 -0.3889  4.3428 15.4579
672 552 -1.1143  2.2658 16.3881
696 552 -1.8620  0.4704 18.6518
720 552 -1.5428  0.5121 16.9748
744 552 -0.2560  0.8146 14.4531
768 552  0.2630  0.3480 11.9031
792 552  5.8902  2.5137 16.1912
816 552  5.6732  1.8417 16.6140
840 552  4.4273  0.6849 12.8727
864 552  5.2302 -1.2108 12.0287
888 552  5.8106  5.4770 10.1374
912 552  4.8751  8.3588  9.4855
936 552  5.0773  3.1866 12.0776
960 552  2.4335  2.1926 12.2135
984 552  0.6777  0.0751  6.8443
 24 576 -0.0071 -0.0193 11.9925
 48 576  9.2583 -4.9556 12.0078
 72 576 10.0410 38.3667  7.5022
 96 576 -16.0421  8.4440 10.1172
120 576 14.6157 -22.2299 13.4808
144 576 -34.1122 -0.3334  6.1212
168 576  4.7439 -14.1769 12.7092
192 576  4.7270 -13.0247 13.4068
216 576  5.8287 -12.3546 18.0868
240 576 -0.5115 -12.9967 10.7214
264 576 -2.5690 -11.0316 14.7374
288 576 -2.1632 -8.8489 14.7943
312 576 -2.5430 -8.2517 17.4799
336 576 -1.6030 -9.4678 15.5636
360 576 -0.2101 -9.8514 17.4594
384 576  1.5080 -4.5405 17.7733
408 576  0.4274 -3.4162 19.1160
432 576 -0.7868 -2.7943 16.7027
456 576 -1.0801 -1.7000 16.6775
480 576 -2.1539  1.4017 15.8641
504 576 -2.6571  2.2877 17.5317
528 576 -0.0060  0.4519 13.6443
552 576  0.2166  4.1652 12.9226
576 576 -0.2789  6.2307 16.6748
600 576 -0.3085  6.0890 13.2404
624 576 -0.0533  4.2015 14.1684
648 576  0.1014  4.0427 17.2157
672 576 -0.8864  2.9473 20.4526
696 576 -2.1133  0.6968 20.2511
720 576 -2.1960  0.3121 21.5862
744 576 -0.9130 -0.5965 15.8806
768 576 -0.0280 -3.0052 15.0345
792 576  4.9767  2.0154 14.5534
816 576  5.0870  1.5591 17.3837
840 576  5.1175 -1.7992 16.3411
864 576  5.2507 -1.2967 13.1755
888 576  7.5313  6.0961 17.2928
912 576  7.0299  7.2605 20.5188
936 576  7.5823  5.1432 13.3331
960 576  3.7566  1.5633 13.3345
984 576  0.4921 -0.0618  7.1070
 24 600 -0.0288 -0.0399 12.3362
 48 600  9.3428 -5.3313 10.7321
 72 600 -5.6388 -5.6706  9.0958
 96 600 -6.3584 -4.0754 10.5683
120 600 -13.6292 11.8362  8.4466
144 600  0.7465 -14.9218  8.6832
168 600  3.7794 -14.5967  9.6156
192 600  6.3218 -11.9383 10.4735
216 600  8.0178 -11.8323  9.9432
240 600 -0.3859 -12.8779 12.2115
264 600 -2.3797 -12.4669 19.0194
288 600 -3.1926 -11.2857 17.9781
312 600 -3.9568 -9.2746 15.7345
336 600 -0.4328 -9.9877 14.8009
360 600 -1.8523 -10.2405 14.2298
384 600 -1.8438 -5.5363 13.8507
408 600 -0.3043 -3.6320 18.7505
432 600 -0.8046 -2.6491 16.7955
456 600 -5.6811 -0.4551 15.2520
480 600 -4.2146 -0.5163 17.4927
504 600 -3.0640  0.9670 16.6631
528 600  0.1349  0.9507 15.3001
552 600 -0.0984  4.0068 15.4313
576 600  1.6229  6.2774 14.2176
600 600  3.0059  5.9308 14.8679
624 600  4.0881  5.7907 17.2631
648 600  0.1917  3.8539 14.1694
672 600 -0.2404  3.6457 24.6896
696 600 -0.8333  2.9128 19.7564
720 600 -2.4163  0.3884 19.4394
744 600 -0.0373 -3.3722 13.5941
768 600  0.1122 -3.0114 14.2751
792 600  3.8790  3.1157 21.0178
816 600  4.0825  2.5589 16.2087
840 600  4.1605 -2.7242 17.1712
864 600  4.9499 -1.1713 16.1471
888 600  6.7807  5.3507 18.9081
912 600  6.4827  5.6173 17.3812
936 600  7.6285  4.9560 10.5899
960 600  7.8065  1.8566 10.3766
984 600  2.3199 -0.0430  7.3855
 24 624 -0.0048  0.0046 12.5278
 48 624 10.2215 -8.5963 11.2445
 72 624 -2.7392 -6.1589 11.2426
 96 624 -4.3803 -1.9915  8.8462
120 624  2.1921 -14.1353  8.0810
144 624  4.5793 -12.8001 13.4131
168 624  7.8154 -11.9844 11.1927
192 624  9.8578 -14.3756  9.9443
216 624 10.3137 -11.9307 11.7551
240 624 -1.9674 -12.2383  7.0131
264 624 -2.1809 -11.5108 10.0467
288 624 -3.1032 -12.7459 15.1775
312 624 -4.0064 -11.2380 13.3544
336 624 -3.8386 -11.0169 16.2654
360 624 -3.0299 -6.9263 12.9595
384 624 -2.0932 -5.4892 15.1738
408 624 -0.0613 -3.7636 17.1882
432 624 -1.5630 -0.5909 12.1565
456 624 -5.8115 -0.4945 16.6429
480 624 -4.8310 -0.1217 19.3575
504 624 -0.0138  2.2663 17.9162
528 624 -0.0925  2.7682 19.5383
552 624  0.0103  4.0925 16.1082
576 624  2.1839  5.7972 17.2346
600 624  3.4371  5.9075 15.6806
624 624  4.8662  6.7261 13.9759
648 624  2.0934  4.2175 11.3708
672 624  1.5757  4.3520 18.8689
696 624  0.2644  3.7809 19.7190
720 624 -4.1386  2.8440 15.5721
744 624 -1.8076  0.1961 12.2145
768 624  1.9863  3.3390 12.7071
792 624  2.3233  3.7255 16.4584
816 624  3.6100  3.0939 12.0541
840 624  5.3561 -2.6579 16.6856
864 624  4.8068 -2.8234 14.8367
888 624  6.4754  4.5963 22.3210
912 624  6.3085  5.0720 18.4014
936 624  8.1143  5.8753 11.1473
960 624  9.5856  3.5151 14.3457
984 624  5.6027  0.0381  7.5652
 24 648  0.0015 -0.0088 12.3161
 48 648 10.2403 -9.0030 12.1874
 72 648 10.1443 -8.8668  7.8197
 96 648  9.9721 -9.6704 11.6858
120 648 11.8790 -10.2815  8.1745
144 648 11.1566 -7.2338  8.2184
168 648 11.5784 -7.9363 10.7760
192 648 12.4493 -11.6971  9.6641
216 648 13.1209 -7.9765 10.8081
240 648  1.9295 -13.6889 10.9915
264 648  2.1625 -12.9552 11.0007
288 648 -2.1469 -11.4319 12.8612
312 648 -3.9184 -11.1880 12.7416
336 648 -2.0841 -9.6698 14.4082
360 648 -1.7034 -9.2970 14.0364
384 648 -0.1711 -5.1593 15.5613
408 648 -0.5734  0.7477 15.6888
432 648 -0.5553  0.5296 18.5383
456 648 -1.8530  0.6145 20.5630
480 648 -1.8558  0.6125 20.3777
504 648 -0.3160  2.2805 19.3934
528 648 -0.5163  3.0581 13.5089
552 648 -0.3113  3.3468 15.4276
576 648  2.0896  6.0125 17.5941
600 648 -3.8032  1.3114 11.3296
624 648 -6.7325  0.6721 13.2642
648 648  3.6663  8.8813 11.3898
672 648  2.1674  5.7298 17.8509
696 648  0.2732  3.7839 16.6413
720 648 -0.1253  2.4489 15.2725
744 648 -0.9790  0.5900 13.8541
768 648  1.1366 -1.2326 13.8721
792 648  3.8005 -0.2192 14.4031
816 648  4.1412 -5.8731 15.2513
840 648  4.3577 -5.5244 13.2489
864 648  5.3031 -2.6844 10.5747
888 648  2.9193  1.9761 13.4004
912 648  1.6581 10.8394  8.5879
936 648  8.0928  5.9505  9.4948
960 648  8.7450  5.0172 15.0626
984 648  0.8013 -0.0088  7.3507
 24 672  0.0059  0.0455 12.2578
 48 672  7.2242 -9.6356 15.8004
 72 672  8.4395 -9.3902 18.5438
 96 672  9.9178 -10.2658 12.9724
120 672 12.3392 -11.3453  9.3661
144 672 14.1475 -7.9771 10.7107
168 672 14.1924 -6.8560 12.3058
192 672 14.3928 -6.1657 10.5083
216 672 13.1546 -7.3198 12.2201
240 672 12.8632 -7.1846  7.0948
264 672 -2.1022 -11.2666  6.8721
288 672 -2.3508 -10.9966 18.4071
312 672 -2.5241 -10.9283 15.0589
336 672 -1.8295 -8.7005 14.4751
360 672  3.9011 -0.4394 11.5763
384 672 -1.2769 -5.4193 10.2824
408 672  0.9556  1.4151 27.2910
432 672  1.5361  1.7043 24.2302
456 672 -1.7280  0.7507 16.8268
480 672 -1.6877  0.5797 15.0306
504 672 -0.6483  2.7768 17.4107
528 672 -0.9674  3.1104 15.3908
552 672  0.1510  6.0315 13.0424
576 672  2.6104  7.0180 15.2920
600 672 -2.9233 -0.7421 15.8245
624 672 -4.5676  0.2086 11.1812
648 672  5.0913 19.7814 11.2026
672 672  2.2315 12.8488 11.9129
696 672  0.0868  4.9443 13.8791
720 672  0.4632  2.3403 13.8863
744 672  0.8702  1.8192 14.3866
768 672  3.8355 -0.5868 16.2976
792 672  4.3370 -2.0904 13.8797
816 672  3.7093 -4.4987 18.8282
840 672  4.0752 -4.1725 10.6388
864 672  8.9417  4.7851 12.1988
888 672 10.9899  3.9379 10.7687
912 672  0.8117 10.2973 15.3548
936 672  0.0740  9.3957 14.0108
960 672  0.3641  7.2278 13.0921
984 672  5.6105  0.0826  7.2578
 24 696  0.0128  0.0100 12.3447
 48 696  8.0262 -9.5154  9.8170
 72 696  8.1719 -9.1202 12.7752
 96 696  8.6616 -11.0831 14.1830
120 696  6.4099 -10.5527 12.0676
144 696  6.1343 -9.6277 16.3360
168 696  5.9729 -8.3407 12.2662
192 696 13.0235 -4.2082  9.8286
216 696 12.8507 -6.7193 15.0456
240 696 12.0673 -9.0013  8.5274
264 696 13.5830 -7.2737 10.5232
288 696  3.9322 -8.8981 10.1428
312 696  0.1607 -8.0666 11.4215
336 696 -0.1669 -5.0633 15.5406
360 696  4.3384 -0.0751 13.5946
384 696  6.0310  3.3903 13.3986
408 696  6.0655  3.6661 13.1615
432 696  2.3138  1.8539 12.4800
456 696  3.7883  9.0481 13.1702
480 696  3.7966  8.7891 15.8502
504 696  2.9981  6.0299 13.2090
528 696  5.7715  8.8669 11.1510
552 696  5.1247  9.8603 12.8406
576 696  7.9976  8.9956 14.1758
600 696 -1.8422 -0.9893 13.6502
624 696 -2.0481 -0.5615 13.2078
648 696  5.4427 16.2041  8.3288
672 696  2.2322 12.3559 13.6441
696 696  2.2224  5.1042 12.7559
720 696  1.8495  5.8910 15.9613
744 696  2.0959  5.8421 14.2597
768 696  4.4227 -0.2489 18.0061
792 696  5.8676 -0.1218 14.3888
816 696  5.1149 -2.9529 14.2390
840 696  5.1304 -5.9122  9.9576
864 696  3.4883  8.3377 21.9177
888 696  3.2784  8.5267 20.7522
912 696  3.5523  9.0000 12.9093
936 696  2.0179 11.1301 11.9826
960 696  3.0295 10.6772 10.2530
984 696  5.6483  0.0317  7.6344
 24 720  0.0184 -0.0499 12.4237
 48 720  2.0905 -5.6801 16.2081
 72 720  2.0017 -5.8589 15.3043
 96 720  3.9340 -7.3435 10.2645
120 720  4.2828 -9.8766 15.1440
144 720  5.9927 -8.4703 17.9046
168 720  6.0372 -7.5414 17.4794
192 720  4.1583 -7.9958 13.1012
216 720 13.8947 -6.4354 10.5703
240 720  1.0000  1.0000  7.1383
264 720 13.0737 -6.7684 14.3400
288 720 11.0750 -5.7267 17.3319
312 720 -0.9435 -5.0144  9.7672
336 720 -0.6901 -5.2845 17.1658
360 720  2.1632  5.0353 15.9061
384 720  4.9250  6.3735 13.4392
408 720  5.6877  8.9747 11.3710
432 720  7.6820 14.5028 16.4244
456 720  4.0053  9.7782 10.9863
480 720  2.0709  5.8279 14.4385
504 720  2.2298  6.0206 14.0392
528 720  5.7397 10.2437 16.4824
552 720  6.8230  9.5934 16.1908
576 720  8.3252  9.2159 20.7490
600 720  7.3865  7.5669 16.1481
624 720  5.2048  5.9720 10.7172
648 720  0.3223  5.9786 12.8648
672 720 -0.0333  4.2771 11.3686
696 720  2.2647  6.6953 12.8657
720 720  3.2065  6.7959 11.7658
744 720  5.0088  5.6921 11.2932
768 720  5.1031  1.9737 16.8976
792 720  5.7761  1.0123 14.8776
816 720  3.3331  2.7442 12.4479
840 720  2.6440  5.3512 13.2054
864 720  3.4532  8.2151 23.3691
888 720  3.2717  8.6304 21.7813
912 720  4.0667 12.0423 11.7967
936 720  5.1412 12.9769 14.9735
960 720  6.7106 11.8659 14.3428
984 720  5.5800 -0.0169  7.4423
 24 744  0.0191 -0.0070 12.3128
 48 744  2.9811 -3.3011 14.5698
 72 744  3.9241 -6.2769 13.3428
 96 744  6.4306 -6.6606  9.9283
120 744  6.9083 -12.0715 14.3794
144 744  5.8746 -7.7428 13.8747
168 744  5.9933 -7.2671 20.0379
192 744  1.4039 -10.1228 12.1552
216 744  0.3340 -9.1178 19.4153
240 744  2.3452 -6.4146 13.7693
264 744  3.1332 -7.1013 13.2757
288 744 11.1346 -5.6245 16.8321
312 744  2.9241 -3.1032 11.7315
336 744  4.0159 -5.8019 10.8185
360 744  2.1434  5.0361 11.5609
384 744  1.4571  4.5987 13.4794
408 744  5.0140  9.5688 12.0816
432 744  7.6880 15.0185 13.0754
456 744  7.3749 13.4095  8.5995
480 744  1.7280  6.0351 10.6101
504 744  5.7002  7.3296  9.0909
528 744 -31.7217 31.6081  9.3511
552 744  7.0023  9.7791 15.5759
576 744  7.2664  9.6553 11.6346
600 744  6.2060  7.4613  9.0067
624 744  6.0279  7.1606 14.0514
648 744  4.0002  7.1087 10.8541
672 744  4.0874  7.8185 10.9499
696 744  4.8315  9.6547 12.7991
720 744  2.9979  7.0630 13.9089
744 744  3.7556  4.7109 13.1197
768 744  4.9010  5.7265 14.6545
792 744  3.0862  4.2227 14.4184
816 744  2.6512  3.9612 12.8684
840 744  2.7635  6.1992 15.6945
864 744  3.5189  8.7464 13.9834
888 744  3.7192 11.2090 10.2856
912 744  7.4383 11.8524 13.4283
936 744  6.3172 12.0050 12.5861
960 744  7.5445 10.7919 13.0235
984 744  1.6973  0.0456  7.1701
 24 768  0.0576 -0.0076 11.8170
 48 768  7.8699  0.6860 18.7820
 72 768  6.2761 -7.8269 12.0784
 96 768  7.0491 -6.4037 16.8436
120 768  6.9662 -11.8261 11.2673
144 768  1.7362 -8.3779 15.0989
168 768  1.1964 -8.2765 14.8528
192 768  0.3438 -10.0915 18.3554
216 768  0.0393 -9.8774 21.3499
240 768  2.1354 -7.2199 13.5032
264 768  2.6792 -6.9691 19.9034
288 768  1.0000  1.0000  7.0973
312 768  5.4274 -6.7500 16.2439
336 768  4.0858 -6.2866 21.7065
360 768  2.8717 -7.7704 16.9092
384 768  2.1257  9.0561  8.8277
408 768  1.6735 12.6178 12.8921
432 768  2.8669 12.7463 10.2188
456 768  1.0000  1.0000  8.8688
480 768 11.8848  6.3773 11.4150
504 768 -4.2883  0.4585 12.6656
528 768 -0.2736  1.8453  9.6888
552 768 -1.1717  2.9584 10.1330
576 768  7.5224 10.3220 16.3951
600 768  4.7142  4.2855 12.9046
624 768  5.8583  3.1914 16.0395
648 768  4.2494  8.0595  9.4278
672 768  4.5709  7.9442 15.6447
696 768  5.0249  7.7203 14.6671
720 768  3.9451  4.0363 13.5725
744 768  3.8383  4.9153 12.0216
768 768  4.4351  5.9751 14.7862
792 768  3.9276  6.0832 18.4019
816 768  2.3109  6.5995 15.7666
840 768  2.2770  7.6927 16.0774
864 768  2.2764  8.8964 14.2423
888 768  4.0616 10.8380 10.7277
912 768  7.4828 10.8641 13.3203
936 768  7.8093 10.0755 13.3929
960 768 10.1527 11.0588 13.8137
984 768  5.5666  0.0356  7.3149
 24 792  0.0441 -0.0149 12.1462
 48 792  6.3132 -0.9907 12.3501
 72 792  1.9530 -0.4287 11.9901
 96 792  8.1945 -7.9789 10.4663
120 792  0.2512 -3.6541 12.1821
144 792  0.1845 -9.1711 15.7087
168 792  0.0885 -9.6766 15.4585
192 792 -0.1453 -10.0119 16.2873
216 792 -0.2886 -10.6014 13.7859
240 792 -6.7032 35.8198  6.5333
264 792  1.9373 -11.0416  7.7908
288 792  2.0618 -10.8034  9.3291
312 792 -4.2689 -10.0718  8.2124
336 792  4.0649 -6.2534 11.9078
360 792  3.2560 -7.7940 11.3276
384 792  1.0000  1.0000  7.8563
408 792  3.0405 12.3494  9.5349
432 792  3.1019 10.0962  8.7485
456 792  1.0000  1.0000  9.6186
480 792 -0.3022  0.6757 17.8216
504 792 -2.2449 -0.4084 12.7504
528 792 -3.6992  3.6570  9.1038
552 792 -2.0622  4.8406 10.9395
576 792  5.4383 10.1463 11.9800
600 792  4.0978  3.2110 14.8384
624 792  5.0796  3.1965 16.9037
648 792  6.3348  9.9515 11.0850
672 792  4.8442  8.0172 13.6123
696 792  4.7711  6.4743 13.0014
720 792  4.4677  3.7610 12.9088
744 792  4.7825  4.2403 11.5286
768 792  8.3389  8.9874 17.2287
792 792  5.5706  5.9718 11.5277
816 792  3.6614  7.6124 12.5413
840 792  2.1451  8.5811 13.3513
864 792  2.3030  8.9123 15.6103
888 792  8.2282  8.1175  9.7405
912 792 10.3067  8.9057 13.1309
936 792 11.4601  8.8191 12.7108
960 792 11.5836 10.9705 10.1369
984 792  5.6147 -0.0178  7.5253
 24 816 -0.0128 -0.0098 12.8267
 48 816  2.0514  2.0130 11.1725
 72 816  1.9662 -0.5141 19.0241
 96 816  1.2260  2.1742 16.4158
120 816  3.3885 -3.7826  8.8990
144 816  3.4757 -12.1158 11.2195
168 816  0.3318 -9.7167 12.9898
192 816  0.2133 -10.3036 11.0680
216 816  2.0804 -12.1910 11.1866
240 816  3.2301 -15.4570 16.4952
264 816  2.6935 -14.9849 12.5295
288 816  1.1477 -12.9541 12.8924
312 816 -8.3658 -15.2727 12.2623
336 816 -7.8289 -16.5648  9.9167
360 816 -16.8579 -4.4263 11.8191
384 816 -13.8340 -2.2082  9.9453
408 816  1.0000  1.0000  7.6435
432 816 -22.1936 -7.8242  9.1713
456 816 -1.3968 -0.9575  9.6083
480 816 -0.7536 -5.8958  8.7126
504 816 -5.0491 -8.9901 14.2996
528 816 -8.0609 -9.1070 11.7229
552 816 -3.7365  0.1994  8.6636
576 816 -0.8956  0.7449 16.4097
600 816  3.9513  3.1027 12.6404
624 816  5.0483  4.5523 18.0072
648 816  5.2371  5.1893 14.1146
672 816  5.8649  8.8862 15.0574
696 816  6.9451  0.9139 12.0117
720 816  7.2880  0.9547 16.5688
744 816  7.6513  2.1765 13.1193
768 816  8.2120 10.1525  9.8878
792 816  8.1036  4.9886  6.8938
816 816  7.8716  5.9274 13.1824
840 816  6.2271  7.1718 13.0629
864 816  5.7359  6.2877 13.4144
888 816  8.1679  7.7881 14.3983
912 816 10.3782  8.6301 14.8954
936 816 11.3337  8.9983 10.1345
960 816 13.8563 11.6771 12.1834
984 816  0.9581  0.0406  7.1526
 24 840 -0.0357  0.1026 12.7052
 48 840  2.1633  7.2871 19.0484
 72 840  1.1563  1.7783 11.6642
 96 840 -0.1060  3.8973 14.2602
120 840  0.0813 -1.2675 10.4349
144 840  5.0460 -11.0232 13.9529
168 840  5.5582 -10.7507 12.7762
192 840  5.9542 -12.1493 12.6410
216 840  4.0935 -11.8274 10.5049
240 840  1.8342 -13.2611  7.4994
264 840 -8.3477 -12.8018  9.8084
288 840 -8.8220 -14.2662 10.0854
312 840 -9.9745 -14.9319 12.7097
336 840 25.4855 -1.1138  6.8147
360 840 -16.7057 -6.8039 11.9940
384 840  8.9440 10.7372  7.7462
408 840 -18.0000 -9.9685 10.1285
432 840 -17.1552 -8.0859 11.6008
456 840 -1.6638  2.9908  9.0957
480 840 -1.1336 -0.9092 11.2608
504 840 -5.7459 -8.7964 13.5941
528 840 -3.5111 -8.9747 14.9795
552 840 -1.9766 -2.8390  9.9609
576 840  4.8505  2.7680 13.6582
600 840  6.9673  7.1007  9.2655
624 840  7.0091  5.3489 14.8635
648 840  5.7327  5.6541 17.2096
672 840  4.9852  7.6682 13.9400
696 840  5.5052  2.7850 11.2060
720 840  6.9464  0.1710 14.8082
744 840  4.6739  1.3469 11.9082
768 840  2.3143  5.0340 18.0698
792 840  7.0616 14.0592 12.2009
816 840  4.1549 13.1124  8.4792
840 840  5.1283  7.8764  9.5658
864 840  6.0120  6.1181 16.1441
888 840  6.8363  6.5650 16.0982
912 840  6.0762  5.1358 13.4377
936 840  8.2317  7.4776  7.4451
960 840 14.6101 10.7552 13.9046
984 840  2.6568 -0.0581  7.3180
 24 864 -0.0304  0.1329 12.3316
 48 864  3.3256  9.1457 15.3578
 72 864  2.2126  9.7309 13.2477
 96 864 -1.5388 -2.2841 13.6461
120 864 -0.6953 -3.0089 13.3803
144 864 -0.2881 -5.8241 11.9168
168 864  5.7700 -9.2932 14.3740
192 864  5.7479 -10.1300  7.6237
216 864 -1.3465 -11.1167  9.8198
240 864 -5.8134 -12.1193 10.6651
264 864 -8.0101 -12.3937 16.7069
288 864  8.3486 28.2253  7.9371
312 864 -16.2868 -13.4453  9.8237
336 864 -14.2324 -16.2400 14.8951
360 864 17.8206 -8.1336  7.6282
384 864  1.0000  1.0000  8.0072
408 864  2.2178  7.0111  8.6969
432 864 -7.9319 -11.0951  7.9145
456 864 -9.7777 -12.4406 11.3777
480 864 -2.3200 -12.3343 10.3453
504 864 -2.0374 -2.7598 13.5889
528 864 -1.8902 -6.4071 13.0149
552 864  0.0995 -3.8006  8.2435
576 864  5.1399  3.3057 14.5814
600 864  8.3657  8.0558  9.2880
624 864  9.3395  9.8689 11.5065
648 864  5.6172  5.7279 13.0818
672 864  3.6816  5.9955 12.7462
696 864  4.0065  3.9008 12.6410
720 864  4.3685  2.0641 16.4063
744 864  2.9272  5.7267 15.2186
768 864  2.6661  5.3918 17.3262
792 864  5.0386 12.7707 11.8928
816 864  7.0237 11.1441 14.3134
840 864  8.7162  9.2113  9.9920
864 864  6.8773  6.0808 17.5386
888 864  6.5313  6.1494 15.3702
912 864  6.3941  3.9000 16.1442
936 864  6.7406  3.8648 18.5246
960 864  6.8093  4.6674 12.1003
984 864  4.0305 -0.0092  7.3596
 24 888 -0.0115  0.0229 11.6963
 48 888 -0.0573  2.3349 13.0010
 72 888 -1.8921  9.0505 11.9509
 96 888 -1.1686 -1.5710 14.3677
120 888  3.0250 -7.2160 13.9549
144 888  3.8257 -7.6830 18.1284
168 888  4.2745 -8.0424 16.3576
192 888  5.9875 -5.5428 11.5353
216 888 -11.6566 -15.0707  6.5595
240 888 -2.1723 15.0169  9.2967
264 888 -1.9411 37.6194  7.3768
288 888 -14.6541 -16.9491 10.3646
312 888 -14.9662 -14.9588 19.6246
336 888 -13.4593 -15.7325 11.7143
360 888 -10.1456 -14.2111  8.3810
384 888  1.0000  1.0000  7.3144
408 888 -0.8850 18.1142  8.0080
432 888 -5.2173 -16.2018 13.3485
456 888 -9.0706 -13.3049 19.6275
480 888 -6.9358 -13.1396 13.3008
504 888  0.6384 -2.0797 10.0556
528 888  0.4186 -5.4309 14.1445
552 888  6.1499  6.1395 11.6344
576 888  6.3053  6.7726 14.4555
600 888  8.1951  9.1882 10.8061
624 888 11.3460 12.6792  9.1779
648 888  4.0208  5.0818 10.3267
672 888  3.0294  5.6526 11.1505
696 888  4.2445  4.1866 10.5178
720 888  3.8004  2.3046 15.4097
744 888  4.0855  5.7874 16.4136
768 888  2.3477  5.4781 13.8842
792 888 -0.2402  9.6976 15.0015
816 888  1.7732 11.1778 12.0235
840 888  5.9435  7.9153 11.3414
864 888  5.7116  7.7959 13.2948
888 888  6.6247  6.0912 15.4531
912 888  6.0245  2.4211 15.4805
936 888  6.1438  2.1291 17.0308
960 888  6.2925  3.6880 18.1687
984 888  0.4908  0.0279  7.1360
 24 912 -0.0075 -0.0060 12.0776
 48 912 -0.2467  2.0807 14.9275
 72 912  0.0253 -1.1967 14.1590
 96 912  0.9269 -1.8060 16.3163
120 912  2.7890 -7.3523 16.8230
144 912  2.2228 -8.2932 15.7112
168 912  8.1001 -10.4175  6.8393
192 912  8.8333 -7.4679 15.7362
216 912 -5.8805 -7.0724  8.7176
240 912 -0.2229  9.0530 10.6070
264 912 -9.2170 -9.5494 12.5384
288 912 -4.7572  0.8589 10.8167
312 912 -5.5183 20.2569  9.0388
336 912 -0.2187 24.7965  7.9990
360 912 -0.1956 23.1610  9.1060
384 912 21.2648  0.3001  7.4188
408 912 -21.2269  4.9122 11.8439
432 912 -4.1715 15.0933  7.1630
456 912 -8.4976 -9.4302 12.0192
480 912 -7.0320 -10.4758  9.0347
504 912 -0.0878  0.0174  7.7832
528 912  0.0931 -5.6452 13.3505
552 912  6.0519  6.0201 15.1754
576 912  7.1244  8.5101 15.0458
600 912  7.8088  8.9704 10.8597
624 912  6.4543  7.1843  8.9809
648 912  4.7314  5.9824 11.0581
672 912  3.6318  5.0625 12.3831
696 912  5.2921  4.9387 15.3994
720 912  4.1773  4.5227 16.3257
744 912  4.4429  3.5982 19.2203
768 912  0.3404  8.4002 12.1342
792 912 -0.7625  8.8099 16.8736
816 912  2.0157  8.1855 11.1111
840 912  5.8508  8.2653 14.2676
864 912  5.7228  8.2002 12.3252
888 912  5.9321  5.4458 13.0891
912 912  5.5674  1.8833 14.5767
936 912  5.5994  1.6024 15.4349
960 912  5.3618  1.5661 16.8928
984 912  1.0916 -0.0405  7.2275
 24 936 -0.0018  0.0085 12.3146
 48 936 -23.4152 -0.2136  8.0384
 72 936  3.2201 -2.3265 13.5847
 96 936  3.8638 -2.4765 17.6368
120 936  1.9541 -7.2491 10.5524
144 936 -0.2246 -18.8372  9.8934
168 936 -0.0235 -18.8578 11.7789
192 936 12.0062 -7.1107  8.3752
216 936 -3.2473 -10.7151 12.9913
240 936 -2.3930 -10.8103 12.4843
264 936 -12.1203 -8.9985 13.5816
288 936 -12.1405 -8.3189 14.5986
312 936 -6.0509 18.1330  8.6199
336 936  0.3040 20.9902  9.3837
360 936 -1.7860 21.2299 10.4028
384 936 36.2040 -13.9331  7.5952
408 936 -17.0307 -21.1403 17.4315
432 936 -16.0333 -20.7843  9.0057
456 936  1.2167 14.9460  7.9910
480 936 -11.6943 -14.3356 10.0747
504 936 -3.1002 -8.3986  9.5849
528 936  1.0011 -9.8090  8.7818
552 936  5.9341  3.2383  8.8865
576 936 -24.8047 -0.5046  8.3162
600 936 11.2375  7.9020 10.3759
624 936  8.3434  6.0747  7.1997
648 936  8.1345  7.0943  8.0492
672 936  6.9902  4.5138  6.2667
696 936  6.4539  4.6096 10.4131
720 936  3.3958  3.1207 11.6023
744 936  5.0595  4.9717 16.5165
768 936  2.2964  6.0417 11.7645
792 936  1.9849  5.0843 13.9841
816 936  1.3231 10.6827 14.9562
840 936  2.9220 10.2079 16.8239
864 936  4.7993  7.8368 10.4022
888 936  4.1167  5.4215 13.5440
912 936  5.0030  3.0119 15.2979
936 936  5.3877  1.5551 14.3038
960 936  3.6275  0.2475 15.3836
984 936  2.2393 -0.0430  7.2197
 24 960  0.0102 -0.0030 12.1881
 48 960 17.0995  6.4095 11.8207
 72 960 14.2811  8.9416 14.8458
 96 960  4.1006 -4.5627 14.6223
120 960 -1.9012 -12.9171 16.4129
144 960 -2.2550 -18.9861  8.7626
168 960 -2.0067 -20.4909  9.2149
192 960 -4.2413 -13.8728 13.1686
216 960 -4.9673 -12.4666 20.0454
240 960 -5.6330 -12.8408 16.4442
264 960 -18.1002 -9.0362  9.4711
288 960 -18.8799 -4.0447  8.3565
312 960 -9.8551 -8.8566  6.6568
336 960  1.2946 14.7206 14.2747
360 960  1.9241 14.2614 10.5667
384 960  9.1886 -30.9411  7.5958
408 960 -14.6059 -21.1406 15.3156
432 960 27.4043 -3.0157  6.8606
456 960 -16.2105 -16.4901  7.9300
480 960 -12.9204 -15.9501  9.0316
504 960 -4.9579 -7.8742 10.1997
528 960 -3.9406 -6.9564 11.8323
552 960  6.1682  2.9890 11.5174
576 960  6.3510  2.1825 11.3117
600 960 11.2917  7.5989 12.0684
624 960 12.3360  2.9013  8.7255
648 960 10.7522  7.1837  8.0047
672 960 10.6516  3.8075  6.8366
696 960 12.6530  1.2987 13.3441
720 960 10.4275  5.2659 14.2276
744 960  9.6609  4.6776 15.4134
768 960  6.9452  4.8867 10.8212
792 960  2.3402  5.2929 10.9328
816 960  4.0623 14.0388  9.9664
840 960  3.8091 11.8668 12.4248
864 960  5.0006 10.9333 12.6050
888 960  5.0917  7.8178 14.1615
912 960  4.8657  4.5958 16.2343
936 960  5.4186  2.5095 13.1008
960 960  3.6488  0.2447 13.6073
984 960  3.9808 -0.0403  7.4893
 24 984 -0.0066  0.0067 15.3805
 48 984 -0.0300 -0.0063 12.3682
 72 984  0.0319  0.0012 12.5592
 96 984  0.0493 -0.0107 12.5738
120 984 -0.0095 -0.0093 12.7544
144 984  0.0323  0.0063 12.6540
168 984  0.0303 -0.0021 12.5149
192 984 -0.0015  0.0108 12.6871
216 984  0.0067  0.0188 12.7144
240 984  0.0101 -0.0093 12.1975
264 984  0.0097 -0.0127 12.2251
288 984  0.0040 -0.0048 12.4027
312 984 -0.0110 -0.0201 12.3683
336 984 -0.0009 -0.0178 12.3249
360 984 -0.0140  0.0012 12.3267
384 984 -0.0018  0.0076 12.3832
408 984  0.0452  0.0105 12.4161
432 984  0.0176  0.0157 12.4869
456 984  0.0086 -0.0006 12.1766
480 984 -0.0133  0.0158 12.5771
504 984 -0.0094  0.0362 12.4379
528 984 -0.0136  0.0198 12.0521
552 984  0.0017  0.0068 12.6577
576 984  0.0433  0.0051 12.5129
600 984  0.0195  0.0092 12.5079
624 984  0.0287 -0.0145 12.2683
648 984  0.0681 -0.0252 11.9963
672 984  0.0718 -0.0026 12.2857
696 984  0.0308  0.0007 12.2487
720 984 -0.1259 -0.0107 11.7977
744 984 -0.0139 -0.0132 11.6989
768 984  0.0725 -0.0080 12.4512
792 984  0.0124  0.0028 12.8226
816 984  0.0035 -0.0042 12.3832
840 984  0.0608 -0.0066 12.3265
864 984 -0.0278 -0.0010 12.3847
888 984  0.0114 -0.0098 12.0543
912 984  0.0190 -0.0099 12.1460
936 984  0.0604  0.0123 12.6021
960 984  0.1798  0.0213 12.8238
984 984  0.4691  0.0024 11.1465
