 24  24 -0.0317 -0.4318 13.1793
 48  24 -0.0865 -0.4427  9.8414
 72  24 -0.0535 -1.4220 10.1524
 96  24 -0.0501 -1.3799  9.6380
120  24 -0.0309 -1.2357  9.9749
144  24 -0.0795 -1.5269 10.7881
168  24 -0.0046 -1.5639 10.7214
192  24  0.0706 -1.5637 10.4115
216  24  0.0366 -1.5184 10.5069
240  24  0.0886 -1.0916 10.4346
264  24  0.0941 -1.3912 10.5135
288  24  0.0441 -1.5149 10.6909
312  24  0.0419 -1.1105 10.2922
336  24  0.0294 -1.5416 10.2191
360  24  0.1174 -1.5741 10.3370
384  24  0.0698 -1.5341 10.5373
408  24  0.0131 -1.5283 10.0355
432  24  0.0263 -1.5779 10.0521
456  24 -0.0493 -1.5130 10.0861
480  24 -0.1110 -1.0878  9.9144
504  24 -0.0387 -0.4461 10.1082
528  24 -0.0852 -0.3943 10.0917
552  24 -0.1201 -1.5308 10.1868
576  24 -0.0395 -1.5312 10.0382
600  24  0.0394 -0.4795  9.6288
624  24 -0.0244 -0.4353  9.6793
648  24 -0.0321 -0.4899 10.2507
672  24 -0.0641 -0.4952  9.8238
696  24 -0.0631 -0.9120 10.1407
720  24 -0.0628 -1.5269 10.3370
744  24 -0.0635 -1.5323 10.6308
768  24  0.0593 -0.8670 10.1857
792  24  0.0988 -0.3885  9.9292
816  24  0.0270 -0.4094 10.0126
840  24 -0.0099 -0.4599  9.8243
864  24 -0.0659 -1.3974  9.4913
888  24 -0.0596 -1.5581  9.7904
912  24  0.0362 -1.5841 10.6437
936  24 -0.0018 -1.5887 10.3685
960  24 -0.0107 -1.5284 10.1226
984  24  0.5131 -0.4140 12.8081
 24  48 -0.0191  0.1625 12.6948
 48  48 -0.3018  3.1151 11.4573
 72  48 -1.7409  1.8732 12.6261
 96  48 -2.5518  2.6187 11.9967
120  48 -1.8387  3.8096 15.6495
144  48  0.5807  0.3278 13.2062
168  48  3.7560 -2.2129 13.0054
192  48  3.8395 -3.1570 15.7428
216  48  3.0344 -1.0769 11.9452
240  48  3.1400 -0.6752 19.5914
264  48  2.5710 -0.3864 22.1698
288  48  1.3082  0.5465 21.5508
312  48  0.6635  0.3772 17.3119
336  48  1.9776 -0.8468 13.2158
360  48  4.0267 -3.3789 12.8938
384  48  4.2815 -3.0724 12.6705
408  48  1.0734 -1.6765 16.1422
432  48  0.4977 -2.0432 16.1280
456  48  0.0297 -0.1585 16.4914
480  48 -0.3996  0.5236 17.0076
504  48 -0.4538  4.5968 14.3681
528  48 -2.5848  3.6477 11.7893
552  48 -3.3276  1.8944 10.6781
576  48 15.7230 -3.9746  8.9113
600  48 -1.9225 -0.5739 12.1636
624  48 -0.6764 -0.2560 22.5457
648  48 -0.2289 -1.3435 16.0780
672  48  0.4258 -1.1037 14.8157
696  48  2.4884 -0.1461 19.7366
720  48  2.0411  2.1732 17.5442
744  48  1.1430  2.6115 15.6671
768  48  1.3287  2.9827 13.7759
792  48  4.0257  3.1749 12.2704
816  48  4.8801  1.6730 15.5968
840  48  0.1641 -1.0015 12.7709
864  48 -2.3092 -0.4033 13.8572
888  48 -6.0360 -3.3793 13.5446
912  48 -6.0279 -3.7342 13.0882
936  48 -5.3472 -1.8551 12.0399
960  48 -3.0581 -2.7018 10.3406
984  48  0.7110 -0.0494  9.9346
 24  72  0.0020  0.1477 12.2249
 48  72  1.0193  2.3966 11.4798
 72  72  1.0172  2.3910 13.1959
 96  72 -0.1180  2.0644 13.1379
120  72 -1.2303  2.8502 12.6832
144  72  2.2472  0.1531 11.8945
168  72  4.0827 -1.0670 14.6579
192  72  5.0799 -1.2808 17.6921
216  72  5.4877 -1.0754 11.4174
240  72  5.2019 -0.7413 12.7653
264  72  2.1775 -0.7679 15.1800
288  72  1.3252  1.0783 19.9182
312  72  0.9872  0.7990 15.5170
336  72  1.5553 -0.8869 16.6611
360  72  2.3081 -0.3923 15.9545
384  72  2.1450  0.1554 15.8602
408  72  0.1782 -0.7590 14.5426
432  72  0.4525 -2.3114 16.6633
456  72  0.2200 -0.0794 17.4691
480  72 -0.2710  0.5952 17.2834
504  72 -0.2453  1.2141 15.1948
528  72 -1.4488  1.9647 12.5330
552  72 -1.0784  0.5333 14.4091
576  72 -1.8011 -1.7019 13.9732
600  72 -1.8324 -1.1526 14.3126
624  72 -1.0208 -1.6935 17.1942
648  72 -1.2503 -2.8850 14.9642
672  72 -0.0651 -2.0733 12.6947
696  72  3.0715  0.7411 13.4542
720  72  3.1243  1.2282 15.3805
744  72  0.7672  1.7353 15.6858
768  72  3.5539  0.9268 11.6879
792  72  4.0704 -0.0566 13.5857
816  72  3.2101 -0.3021 11.9603
840  72 -0.1510 -1.0829 12.0221
864  72 -2.8735 -0.2228 15.9053
888  72 -5.7103 -3.8101 21.8800
912  72 -5.4809 -4.3357 18.2047
936  72 -5.4075 -3.6920 15.5048
960  72 -3.6857 -6.5304 13.5525
984  72  0.7444 -0.0189 10.0776
 24  96 -0.0083  0.0227 12.0878
 48  96  0.3404  0.7386 14.3219
 72  96  1.8728  0.4053 14.0318
 96  96  4.8358  2.2724 11.7678
120  96  4.1697  2.9703 12.2110
144  96  3.6811  1.2726  9.1520
168  96  3.0004 -0.5538 15.7621
192  96  3.8809 -0.9182 18.0408
216  96  5.4426  1.0727 12.6730
240  96  3.3383  6.1484 12.7167
264  96  3.1654  4.5837 13.9909
288  96  1.7656 -0.2561 20.3040
312  96  1.1110 -0.0612 14.4444
336  96  1.5109 -0.8794 16.9459
360  96  2.2549 -0.2161 14.9604
384  96  2.1623  0.4867 13.9132
408  96  2.1924 -0.7973 13.2251
432  96  0.1808 -1.1628 15.7447
456  96 -0.8084  0.2920 17.1292
480  96 -0.9024  1.5818 18.5780
504  96 -0.1123  1.2759 19.8514
528  96  0.7284  1.9241 16.0524
552  96  1.0150  0.9696 14.9664
576  96  0.5429 -0.8432 14.0162
600  96 -0.0070 -0.5747 15.7284
624  96 -0.3739 -0.9586 15.6148
648  96 -1.1267 -2.6882 14.3336
672  96 -1.6832 -1.4294 17.2064
696  96 -1.0411 -0.7309 13.7496
720  96  0.0778  0.5039 12.4206
744  96 -2.1323  3.6579 13.1399
768  96 -0.1565 -1.3083  9.9371
792  96  2.6453 -2.3622 13.1314
816  96  3.5733 -2.9548 13.2279
840  96  6.3260 -3.6711 13.7594
864  96  1.2635  0.1388 12.4762
888  96 -5.5474 -2.6793 15.7374
912  96 -5.0239 -3.7463 15.9635
936  96 -5.0441 -3.9812 11.2230
960  96 -4.2786 -6.3741 10.2333
984  96  0.6681 -0.0373 10.3224
 24 120 -0.0043  0.0035 12.5338
 48 120 -4.9979 -0.2515 12.5162
 72 120  0.1058 -3.1183 13.4471
 96 120  0.2652 -1.9158 10.4464
120 120  3.6793  2.1641 11.0342
144 120  2.8080  2.1626  8.1744
168 120  1.3141 -0.0267 12.5627
192 120  2.5799 -0.5423 19.8669
216 120  2.7863  2.0563 20.1295
240 120  4.2406  4.4418 14.5579
264 120  3.2973  1.0283 13.2065
288 120  1.9848 -0.0292 14.7994
312 120  3.7079  1.8064 13.5784
336 120  4.7486  0.6842 13.3740
360 120  4.0985  0.7410 13.5995
384 120  2.2284  0.3906 15.7634
408 120  2.7328 -0.0381 13.9739
432 120  0.0449  0.2020 15.1237
456 120  0.0129  1.8937 16.7681
480 120  0.2129  2.6453 19.5138
504 120  0.7529  2.1603 15.7813
528 120  1.5415  2.1082 12.5151
552 120  3.8818  1.3219 13.6521
576 120  5.5687  1.3119 13.4196
600 120  1.1872  0.1144 14.2974
624 120  0.6019 -0.1551 17.2967
648 120  0.1579 -0.3822 14.4797
672 120 -0.9317 -0.2573 19.0897
696 120 -1.8264  0.2346 18.7653
720 120 -2.2515  0.8905 14.5061
744 120 -2.4153  0.5916 13.0125
768 120 -3.3654 -0.9645 12.1041
792 120 -1.6057 -2.0212 14.6192
816 120  3.6257 -5.1910 10.3223
840 120 -5.8872  5.9574  9.8534
864 120 -1.9558  1.5247 13.8720
888 120 -2.1873 -0.3908 20.0502
912 120 -0.9509 -0.6078 15.9167
936 120 -1.6363 -4.7746 12.2911
960 120 -1.6877 -4.4387 12.6367
984 120  0.7724 -0.0411 10.2008
 24 144 -0.0149 -0.0169 12.5132
 48 144 -6.2675 -1.9269 11.1938
 72 144 -4.6047 -1.1291 10.0518
 96 144 -4.5486 -2.8697 13.0940
120 144 -0.7456 -1.1877 12.5417
144 144  1.4950  2.5386 13.4030
168 144  1.0236  0.9026 14.6496
192 144  1.1962  0.4064 14.6524
216 144  2.7171  1.4640 15.3455
240 144  4.9745  1.9395 14.6044
264 144  4.0891  1.9236 10.0447
288 144  1.6489 -0.0933 12.7938
312 144  1.6856 -0.1083 13.7075
336 144  4.0241  0.0598 14.9428
360 144  4.9700  1.2179 13.1247
384 144  4.2657  1.8444 14.0465
408 144  4.1436  1.5031 10.3540
432 144 -0.0343  0.4903 13.6428
456 144  0.2441  2.0424 18.4556
480 144  0.4271  2.8277 18.8625
504 144  0.6495  2.4564 13.2980
528 144  1.8928  1.3530 15.0858
552 144  4.0549  1.4270 13.5956
576 144  5.7161  3.3055 11.1609
600 144  5.9551  4.7656 12.0519
624 144  2.5694  0.9989 12.5121
648 144  1.0612  0.1066 14.5761
672 144 -0.1261  1.1497 18.6963
696 144 -2.1943  0.8709 15.5173
720 144 -2.1178 -0.1035 11.8285
744 144 -2.7466  0.0802 13.6811
768 144 -4.5686 -0.2276 16.8196
792 144 -3.9923 -0.5621 14.8544
816 144 -4.3831 -0.2797 12.4286
840 144 -4.9912  1.1886  9.8756
864 144 -3.7281  0.2563 12.3522
888 144 -3.3571 -0.2171 14.2285
912 144 -1.3638 -0.8310 11.9264
936 144 -0.7495 -1.2874  9.8955
960 144 -1.5446 -2.5007 12.5782
984 144  0.8395 -0.0138 11.0583
 24 168 -0.0267 -0.0280 12.6766
 48 168 -0.1624 -0.8939 14.6266
 72 168 -3.3584 -2.3942 12.9350
 96 168 -3.0731 -4.2581 13.2130
120 168 -2.1785 -3.0570 14.2007
144 168  2.7546 -0.5290 10.8686
168 168  7.0587  5.7904 16.0317
192 168  3.6788  2.9828 11.0315
216 168  0.8688  0.2122 16.8682
240 168  0.1305 -0.4500 15.0950
264 168 -0.9340 -1.0931 11.5494
288 168  0.6565 -1.6141 14.0101
312 168  0.9566 -0.3379 17.4936
336 168  3.4003 -0.2814 17.5314
360 168  4.2669  0.9173 14.6135
384 168  4.5038  2.2520 16.7048
408 168  4.6835  1.8502 11.9274
432 168  4.8134  2.0587 16.9103
456 168  2.2895  1.8580 12.9453
480 168  1.6416  3.9055 11.0870
504 168  1.4342  5.8261 10.3869
528 168  0.7652  2.8263 13.4633
552 168  1.3617  1.3648 17.2766
576 168  0.1671  3.7074 13.1482
600 168  2.0839  4.5502 14.2640
624 168  3.6874  3.1457 13.6965
648 168  1.4539  2.2630 16.5290
672 168  0.6581  1.8042 14.7627
696 168 -0.3031  0.5402 12.0202
720 168 -2.6479  0.1082  9.6269
744 168 -3.2611 -0.0643 10.7158
768 168 -2.7883 -0.0424 12.8692
792 168 -2.6071 -0.3651 14.9061
816 168 -3.4904 -0.8260 12.0658
840 168 -5.2886  0.9775 10.8134
864 168 -6.4910  1.5343 13.3677
888 168 -7.8729  0.5206 14.6763
912 168 -7.0108 -1.1050 12.5213
936 168 -3.9610 -1.4767 11.1024
960 168 -2.8408 -0.4701 14.8674
984 168  0.7682 -0.0263 11.1777
 24 192 -0.0265 -0.0074 12.6674
 48 192 -0.2951 -2.7749 13.4844
 72 192 -1.8254 -3.7494 14.3009
 96 192 -0.8816 -4.9710 13.9477
120 192  0.6486 -4.6030 15.9200
144 192  1.8635 -2.2017 16.0272
168 192  6.9701  5.9235 11.6218
192 192  5.9166  6.8004 11.4511
216 192  0.1223  1.6696 19.2657
240 192 -0.1143 -0.5086 19.9361
264 192  0.0483 -1.9207 12.8217
288 192  0.9746 -0.2549 13.7226
312 192  2.1072 -0.8227 17.1403
336 192  3.7234 -1.0091 15.9050
360 192  3.0687 -0.7494 13.8440
384 192  2.6529  0.2075 15.0359
408 192  1.4362  0.1728 15.1353
432 192  0.0859  0.9632 14.1147
456 192 -0.9529  2.1738 12.0064
480 192 -2.4174  4.1315  9.6240
504 192  0.6556  6.5823  9.7932
528 192  0.1502  5.8610 14.6506
552 192 -0.2803  2.8154 14.3145
576 192 -0.3493  3.6918 15.7567
600 192  0.2743  4.5354 12.9826
624 192  0.9131  4.0175 16.4439
648 192  1.8322  2.1540 17.4333
672 192  2.0085  0.4437 15.5838
696 192  2.6850 -0.4303 12.2396
720 192  0.6693 -0.2264 10.9952
744 192 -0.4531  0.4493 12.4257
768 192 -0.8783  0.3034 12.2476
792 192 -1.2796 -0.0990 14.9816
816 192 -4.7541  0.7626 11.9962
840 192 -6.8105  2.7288 10.7180
864 192 -6.3653  1.7249 11.2880
888 192 -6.0162  0.9874 16.3992
912 192 -5.2246 -1.7616 15.6647
936 192 -4.9274 -1.9842 14.8294
960 192 -3.7133 -1.2343 14.4825
984 192  0.8053 -0.0389 10.1985
 24 216 -0.0165 -0.0384 12.4373
 48 216  0.2552 -1.8771 17.3522
 72 216 -0.2523 -2.2673 13.8943
 96 216 -0.4640 -3.6400 17.1351
120 216  1.0557 -2.7210 20.6986
144 216  2.1923 -2.7834 19.5926
168 216  5.7038  7.8493  8.3431
192 216  5.9020  7.3671 14.3303
216 216  1.8416  1.1340 12.2484
240 216  5.7174 -2.0047 19.1608
264 216  4.8094 -4.7443 12.9153
288 216  5.3565 -4.5671 14.5910
312 216  5.5342 -0.8873 19.1245
336 216  5.5705 -0.7389 18.3801
360 216  3.6925 -1.1100 18.5072
384 216  1.8249 -0.6442 22.4632
408 216  1.3385 -0.1279 15.4517
432 216  0.3935  0.7678 12.2232
456 216 -1.4824  2.3482 11.5086
480 216 -3.5320  4.8775 13.4568
504 216 -3.3637  6.7405 12.0335
528 216 -1.2755  5.7179 13.5559
552 216 -1.1543  3.0935 14.5349
576 216 -1.6937  3.8121 13.4060
600 216 -0.7253  4.3090 10.2870
624 216 -0.1489  3.6165 13.6604
648 216  0.4811  1.9913 19.6109
672 216  1.6199  0.4895 18.5726
696 216  3.0632 -0.3275 18.3053
720 216  2.8323 -0.1584 14.8256
744 216  1.2798  0.6463 14.7911
768 216  0.5688  0.3172 16.5331
792 216 -0.2087  0.2339 14.0398
816 216 -4.3330  2.2328 16.3346
840 216 -8.0800  5.5918 10.4038
864 216 -6.4953  3.0922 10.2494
888 216 -6.2434  2.0050 15.2955
912 216 -5.2469 -0.2690 12.7306
936 216 -5.6134 -1.2774 15.7406
960 216 -3.3665 -0.7758 16.3387
984 216  0.8206 -0.0301 10.9565
 24 240 -0.0188 -0.1155 12.3005
 48 240  0.1123 -1.9572 16.7117
 72 240  0.1060 -1.6336 16.2765
 96 240  0.8717 -4.1035 14.2377
120 240  5.2194 -3.9822 15.5229
144 240  3.6257 -3.7691 13.2731
168 240  3.9084  6.2002 12.4398
192 240  5.1443  8.5693 13.0442
216 240  3.4613  8.0249 10.2498
240 240  5.0447 -2.0072 17.6904
264 240  5.5951 -3.4068 11.9705
288 240  5.8298 -3.6348 16.0450
312 240  5.7174 -2.6906 18.9496
336 240  5.6927 -1.2083 18.6313
360 240  3.2862 -1.7017 17.4453
384 240  3.6800 -1.7996 17.8811
408 240  3.3397 -0.1393 14.6593
432 240  2.5781  0.4320 12.0467
456 240  0.0976  4.4167 19.1147
480 240 -0.6395  5.4312 13.4525
504 240 -0.2431  0.7497 11.2470
528 240 -0.9032 -0.6046 14.2656
552 240 -1.1150  0.2697 12.9850
576 240 -1.0319  2.7569 14.4250
600 240 -0.3924  3.1808 15.3713
624 240 -0.0676  3.2630 18.1260
648 240  0.3162  2.1711 18.5255
672 240  1.3859  0.7418 21.0612
696 240  2.1904  0.0826 18.8813
720 240  2.3548  0.0339 19.4723
744 240  2.8612  2.0326 15.5113
768 240  2.1752  0.9750 12.5863
792 240  0.3192  0.3591 12.0231
816 240 -3.9379  2.0268 13.0177
840 240 -3.8375  3.4693 10.5434
864 240 -4.6910  4.2568 14.0774
888 240 -5.7343  4.3235 15.4976
912 240 -4.8161  0.1585 12.6818
936 240 -4.3320 -0.5793 15.6099
960 240 -3.7773 -2.8187 14.3455
984 240  0.7199 -0.0926 11.3098
 24 264 -0.0312 -0.1278 12.0068
 48 264 -0.2636 -2.0967 16.8922
 72 264 -0.9843 -1.7866 18.1134
 96 264  6.0181 -3.8207 19.1868
120 264  6.5331 -2.8953 18.2672
144 264  7.5605 -2.2500 17.6374
168 264  3.7955  5.8145 12.0354
192 264  3.1858  5.9680 15.9701
216 264  3.5886  4.7693 13.1670
240 264  2.9312 -3.0714 16.8562
264 264  2.6113 -4.5028 13.8600
288 264  4.2750 -4.2594 12.3857
312 264  4.5598 -3.0921 12.0699
336 264  2.7574 -1.5981 13.7308
360 264  2.5239 -1.4439 15.7688
384 264  3.5827 -1.8277 15.7185
408 264  3.2631 -0.3834 14.9336
432 264  1.1251  0.4587 14.5984
456 264  0.1576  3.2040 15.2963
480 264 -0.4168  3.1107 12.4021
504 264  0.0950  0.1127 13.8262
528 264 -0.2656 -0.8289 17.7207
552 264 -0.9338  0.0374 14.5734
576 264 -1.4470  1.0002 18.3382
600 264 -0.2732  3.3172 14.0796
624 264 -1.1891  3.9959 15.1109
648 264 -0.3697  2.4355 16.8076
672 264  0.4063  0.8166 18.5900
696 264  0.4303  0.6866 18.5909
720 264  1.2121  1.1667 15.3861
744 264  3.3636  0.7196 12.7368
768 264  5.3147  2.9911 15.3614
792 264  0.9803  0.1631 12.0818
816 264  0.2942  0.7494 11.4881
840 264 -1.9075  3.0117 15.6405
864 264 -3.3774  3.6997 13.6673
888 264 -3.7104  1.4616 12.5772
912 264 -1.6168  1.7239 15.7834
936 264 -2.3590  0.9488 15.2917
960 264 -3.7266 -5.2654 11.8911
984 264  0.5902 -0.0796 10.0677
 24 288 -0.0288 -0.0106 12.4116
 48 288 -1.6957 -1.3259 13.9370
 72 288 -1.6995 -2.6487 14.7607
 96 288 -1.6726 -6.0640 20.1065
120 288  1.9593 -2.1970 12.7059
144 288 -0.4062 -1.7196  9.9349
168 288  1.3843  8.4301 15.0871
192 288  1.4185  7.7987 11.8815
216 288  0.4641 -2.9618 18.0402
240 288  2.2734 -3.1492 14.8736
264 288  2.0558 -4.7095 14.1961
288 288  3.0500 -6.7285 18.2502
312 288  2.1402 -5.8534 12.2540
336 288  2.4178 -2.3123 12.0761
360 288  3.0756 -1.0846 14.6192
384 288  3.0820 -1.7603 14.9863
408 288  4.7553 -0.8301 12.8324
432 288  2.1509 -0.3369 10.0794
456 288  0.3344  1.0338 11.6542
480 288 -0.4349  1.4348 13.8652
504 288 -0.1383 -0.0105 12.5859
528 288 -0.3003 -0.3463 20.6073
552 288 -1.7642  0.7471 14.3605
576 288 -1.9522  1.4828 17.3747
600 288 -1.0007  4.1358 11.7770
624 288 -1.0375  4.3442 14.0453
648 288 -1.8912  3.2304 15.0702
672 288 -1.9079  2.4414 15.0746
696 288 -2.3051  1.6518 15.3718
720 288 -1.0992  1.0538 14.2887
744 288  2.0443  0.2708 16.2600
768 288  4.1528  1.8206 16.4184
792 288  4.1116  0.0972 13.0697
816 288  2.6980  0.4782 13.5398
840 288  1.3119  2.9882 15.0667
864 288 -0.5528  3.0122 15.9557
888 288 -0.4216  1.7770 15.1843
912 288 -0.4914  0.7137 14.9201
936 288  0.4809 -0.5855  9.9498
960 288  7.3972 -5.9572  9.9971
984 288  0.6679 -0.0957 10.0190
 24 312 -0.0175  0.0493 12.4481
 48 312  1.2984  0.8230 13.9413
 72 312 -0.9363 -1.7072 15.3659
 96 312 -1.3853 -6.4620 15.3076
120 312 -7.2296 -3.9705 20.5135
144 312 -8.3541 -3.2107 12.4206
168 312  1.4373  8.9720 15.9402
192 312  1.0273  9.5177 13.6760
216 312  0.5640 -2.9529 21.8805
240 312  2.0488 -2.9853 19.6457
264 312  3.6312 -2.7444 14.4628
288 312  2.6608 -4.9595 12.2456
312 312  2.7724 -4.4902 12.9970
336 312  2.5768 -3.7922 14.6418
360 312  3.0758 -1.8108 17.3412
384 312  2.9419 -2.7116 17.3266
408 312  3.4033 -3.1420 14.6063
432 312  3.6175 -1.2174 11.3785
456 312  0.2876  0.0167 12.6903
480 312 -0.4223 -0.3362 11.2251
504 312 -0.8010 -0.8375 11.6200
528 312 -2.0017  0.5581 15.4846
552 312 -1.8696  1.0898 18.8379
576 312 -3.5704  2.3352 14.5465
600 312 -2.8567  5.0725 11.9300
624 312 -2.2415  5.3587 13.1421
648 312 -1.3950  3.9150 14.3809
672 312 -3.1105  3.5198 12.3559
696 312 -2.7431  2.4122 13.7715
720 312 -1.6424  1.3115 16.2409
744 312 -0.3715  0.6573 14.9548
768 312  0.5312  0.3318 14.3961
792 312  1.2115  0.2884 19.2023
816 312  1.3789  0.4857 15.7588
840 312  2.8478  2.0179 17.5481
864 312  0.7170  2.1828 14.6387
888 312 -1.3664 -0.5487 12.4714
912 312  1.9157 -0.1626 11.6650
936 312 -0.2907 -3.2419 10.7608
960 312 -2.5131 -4.3186 12.8129
984 312  0.5636 -0.0879 10.3909
 24 336  0.0047 -0.0256 12.3257
 48 336  1.6773 -0.5505 20.0553
 72 336  1.2528 -0.5746 17.7823
 96 336  0.0528 -0.0564 12.0058
120 336 -7.9841 -3.0648 17.0622
144 336 -8.9628 -1.9336 15.6169
168 336 -8.9057  0.4827 10.7340
192 336  0.9219 -1.0458  7.8564
216 336  4.2045  2.4086 12.2349
240 336  3.4779  3.0844 14.1670
264 336  5.2118 -0.0166 15.3198
288 336  6.0053 -0.2878 15.1344
312 336  4.4763 -3.3901 14.3443
336 336  2.8092 -3.1751 14.3122
360 336  3.1699 -2.0251 16.2152
384 336  3.4911 -1.3752 16.1368
408 336  2.7665 -1.3959 13.3520
432 336  1.0851 -1.6010 15.6729
456 336 -0.6999  1.2179 15.3348
480 336 -0.8453 -0.0878 13.2845
504 336 -1.8131 -0.8140 12.4892
528 336 -2.1479  0.7871 16.2566
552 336 -0.9865  1.4211 13.8125
576 336 -1.4515  1.8636 15.3031
600 336 -1.2471  2.0966 15.5438
624 336 -1.5869  2.4750 14.2162
648 336 -1.8860  3.6825 12.7355
672 336 -3.4445  8.7838 13.5985
696 336 -0.8451  1.9671 12.4636
720 336 -0.6029  1.6447 17.6703
744 336 -0.3291  1.4459 16.7671
768 336  0.1360  1.9277 14.9091
792 336  0.5836  0.5620 13.6674
816 336  1.5461 -0.0659 19.7345
840 336  2.7206  1.7674 19.2897
864 336  1.8683  3.9704 16.9288
888 336  1.9454  3.3437 13.3288
912 336 -1.3426  0.0719 12.6392
936 336 -3.7717 -4.6072 14.5080
960 336 -3.3287 -4.8272 17.2336
984 336  0.5906 -0.0320 10.5212
 24 360 -0.0063  0.0103 12.6110
 48 360  1.0580 -0.9615 18.5836
 72 360  0.4166 -1.4041 18.1126
 96 360 -2.1436  0.8531 17.7889
120 360 -3.7006  0.8534 19.9783
144 360 -6.2184  0.1489 15.9352
168 360 -3.4441  1.0086 12.7440
192 360 -3.0457  1.9526 20.6868
216 360  1.9380  3.1260 13.9717
240 360  1.7769  2.5358 16.1115
264 360  3.8479  0.2272 14.3723
288 360  6.6755  0.2878 16.5174
312 360  6.1035 -0.3446 11.8763
336 360  2.5955 -1.3553 12.5604
360 360  3.2770 -1.5936 13.3567
384 360  3.8623 -0.4336 14.9537
408 360  2.7213 -1.0011 15.7615
432 360  1.0333 -0.0750 18.6847
456 360 -0.9908  0.4836 16.3516
480 360 -2.1140  0.2507 14.9313
504 360 -2.9838  0.1732 14.6823
528 360 -0.9793  1.0404 14.6170
552 360  0.0950  1.0583 15.3010
576 360 -0.0814  1.5424 14.5012
600 360 -0.0830  2.1712 16.1250
624 360  0.1735  2.4921 14.4690
648 360 -0.7512  3.3525  9.8662
672 360 -3.9714  8.3792 12.0315
696 360  1.2867  3.7319 11.5054
720 360  0.5290  3.1378 16.5748
744 360  0.1563  3.2105 18.7716
768 360 -0.0467  2.4604 12.5602
792 360  1.6651  0.0955 15.1181
816 360  1.8066 -0.1511 18.2644
840 360  0.3281  0.6438 14.4267
864 360  0.4367  5.5237 19.1219
888 360  2.0518  4.7172 14.1675
912 360  2.9169  4.1010 16.1480
936 360 -3.8176 -4.4234 13.7803
960 360 -3.1696 -4.3207 14.0400
984 360  0.7940 -0.1742 10.9730
 24 384  0.0067  0.1258 12.0257
 48 384  0.0652  0.2101 14.1117
 72 384 -0.8445 -1.0900 18.5039
 96 384 -2.1906  0.3740 20.6067
120 384 -3.6358  0.9375 20.9385
144 384 -6.6473  5.8448 17.0052
168 384 -3.0017  1.5685 18.8687
192 384 -3.3146  1.9945 20.1866
216 384  1.5164  1.0199 14.2867
240 384  1.6404  1.3821 15.4656
264 384  2.0154 -0.2745 13.6745
288 384  4.9871  0.1596 14.3572
312 384  4.8279  0.2702 13.2533
336 384  4.7657  0.9609 14.2660
360 384  4.4493  1.5988 14.4053
384 384  3.6330  0.4952 12.3588
408 384  2.7659 -0.2087 13.2122
432 384  0.5378  0.1008 15.5938
456 384 -0.4159  0.2485 19.2826
480 384 -1.8810  0.3533 15.8154
504 384 -2.6405 -0.0213 14.0453
528 384 -0.9141 -0.0854 15.2219
552 384  0.5330  1.6622 15.6962
576 384  1.6382  1.4954 17.4872
600 384  0.9096  1.5516 17.1339
624 384  1.4065  3.0497 14.5954
648 384  1.9069  6.2615 14.7839
672 384  0.4907  7.2771 13.8635
696 384  0.4462  6.8632 14.7894
720 384  1.7466  3.9238 19.4421
744 384  1.9321  3.9060 18.4940
768 384  2.7073  1.1607 15.9701
792 384  2.3145 -0.0505 16.5355
816 384  1.9614 -4.3171 14.2922
840 384 -1.2677 -0.7014  9.9176
864 384 -0.8003  4.4535 15.8691
888 384  0.0702  2.9521 12.8879
912 384  1.3311  2.7385 14.6252
936 384 -1.0137 -4.7970 13.0702
960 384 -1.7961 -3.3177 15.7277
984 384  0.5894 -0.2454 10.2211
 24 408  0.0147  0.0709 11.9641
 48 408  0.0499  3.2652 16.4876
 72 408 -2.3088  2.1889 13.1350
 96 408 -4.7855  0.2154 13.6695
120 408 -3.6084  0.7363 11.5672
144 408 -4.2291  4.3896 13.7556
168 408 -2.1215  1.9293 12.7961
192 408  5.2290 -0.2669 16.2815
216 408  1.5218  0.2383 14.6254
240 408  2.0062  0.0530 14.0839
264 408  2.6952 -0.9424 12.8852
288 408  3.3936 -0.8805 13.8484
312 408  2.4192 -0.5668 15.0287
336 408  1.1292  0.0735 14.6362
360 408  2.6374  1.6636 14.6154
384 408  2.2061  1.0803 16.8228
408 408  0.5725 -0.5310 10.6413
432 408  0.1832 -0.0299 13.6270
456 408 -0.1611  0.8077 19.7335
480 408 -0.2865  1.3568 18.0007
504 408 -0.4908  1.2507 12.4392
528 408 -0.8566  0.4309 14.4012
552 408 -0.4202  0.9509 15.8169
576 408  0.0148  0.2708 12.9540
600 408 -0.3834  2.0070 14.3121
624 408 -0.1254  3.4210 12.3048
648 408 -1.7194  6.6422  8.0971
672 408 -3.7472  7.2549 13.1256
696 408 -0.6498  6.9999 12.7736
720 408 -1.9428  1.5007 14.8505
744 408  1.7735  4.0893 14.4883
768 408  1.7687  0.8054 16.9105
792 408  2.0466 -0.1201 13.5286
816 408 -5.6204 -3.0296 14.7934
840 408 -4.8783 -1.3260 12.1885
864 408 -2.0419  3.9212 18.2344
888 408 -0.3986  2.0552 18.5375
912 408 -0.1491  2.0739 16.4773
936 408 -0.2859 -0.9097 11.4195
960 408 -1.7817 -0.9534 16.8627
984 408  0.5002 -0.1748 10.2102
 24 432 -0.0265  0.0086 12.5665
 48 432 -0.1022  4.9606 15.6721
 72 432  0.0422  2.5186 13.7499
 96 432  1.7867  4.1533 12.5747
120 432  1.7639  4.1789 12.4619
144 432  0.3191 -1.2578 13.3566
168 432  1.8468 -2.0894 18.4280
192 432  3.7899 -0.1268 19.0675
216 432  3.5220  0.8242 17.8381
240 432  3.6322  0.7039 16.2205
264 432  2.9665 -0.2607 11.9175
288 432  1.7762 -2.9844 11.7883
312 432  1.4426 -1.0274 16.1141
336 432  0.8528 -0.0953 14.7407
360 432  0.4593  0.8212 15.7687
384 432  0.1904  0.9402 19.0188
408 432  0.2440 -0.5889 17.2235
432 432 -1.2171  1.1928 14.6841
456 432 -1.4240  0.6896 16.7387
480 432 -1.0934  0.2862 14.1052
504 432 -2.5398  0.1857 12.5313
528 432 -1.2771  0.5670 15.6230
552 432 -1.7721  1.6627 17.1306
576 432 -2.1880  4.1023 14.1465
600 432 -4.2786  3.3341 16.9228
624 432 -5.0339  2.6726  9.8277
648 432 -7.5691  2.6923  9.8864
672 432 -4.1473  6.2093 11.3808
696 432 -0.9966  0.0098 15.8258
720 432 -1.7677  0.7017 13.6199
744 432 -4.6464  1.7739 14.9599
768 432 -1.9744 -0.8641 15.0064
792 432 -2.6683 -1.2585 19.6413
816 432 -4.0533 -2.0301 14.2495
840 432 -6.8609 -0.8082 12.2352
864 432 -5.0556 -0.1105 11.6983
888 432 -2.7199  1.1530 14.8931
912 432 -2.6144  1.7417 13.8405
936 432 -3.3548 -0.2860 18.4376
960 432 -1.7102 -0.1784 14.7693
984 432  0.7614 -0.0021 11.3308
 24 456 -0.0242  0.0279 12.8127
 48 456  3.6056  4.9357 24.9235
 72 456  2.2430  4.1832 18.5997
 96 456  2.1011  4.1636 15.6116
120 456  2.8648  4.4868 17.3380
144 456  0.4695  0.7339 13.8246
168 456  1.6883 -0.1901 19.9040
192 456  2.5330  0.1652 17.2161
216 456  0.9175  1.2219 16.2037
240 456  9.8298 -3.9774 13.1526
264 456  9.0954 -5.9858 10.0887
288 456  3.3954 -5.4128  8.4709
312 456  0.7976 -3.2368 13.6388
336 456  0.3630  0.1372 15.5313
360 456 -1.8237  0.2547 17.9608
384 456 -0.7537 -0.5800 21.5634
408 456 -0.3033 -1.1486 17.2469
432 456 -2.0944  0.8271 13.0324
456 456 -2.0509  1.9508 16.7457
480 456 -1.6095 -0.6172 15.8697
504 456 -3.2044  0.1340 18.6443
528 456 -2.0244  1.8087 14.1946
552 456 -2.8740  3.2236 12.9325
576 456 -7.7797  7.1127 10.8392
600 456 -10.0249  5.9906 12.9079
624 456 -12.2077  5.1921 10.7579
648 456 -0.9616  1.8612 10.9295
672 456 -1.0716 -0.7505 15.1996
696 456 -0.8458 -0.8799 19.4566
720 456 -2.0387 -0.0313 15.6856
744 456 -5.0058  0.9131 18.1140
768 456 -3.9034 -1.0327 13.3960
792 456 -2.8907 -1.3977 16.5635
816 456 -3.1433 -1.1278 15.4601
840 456 -6.7184 -3.0861 11.8348
864 456 -6.8240 -4.8808 12.4884
888 456 -2.9917 -0.5841 12.1313
912 456 -2.7020 -0.1249 14.3085
936 456 -2.2187 -1.1515 15.7134
960 456 -1.0231  0.3655 15.7977
984 456  0.7126  0.0741 11.0772
 24 480 -0.0207 -0.0050 13.0054
 48 480  3.7962  4.9935 23.3891
 72 480  3.3302  4.8636 26.6014
 96 480  3.4021  1.7291 19.0867
120 480  4.6867  1.8965 20.9464
144 480  3.2389  2.0803 15.4373
168 480  3.3710  1.9053 20.2146
192 480  3.6653  0.6468 16.1490
216 480  5.2028 -0.2576 12.4178
240 480  9.8812 -2.9472 11.1704
264 480  8.2094 -4.2983 12.8564
288 480 37.0901  0.2909 10.0768
312 480  0.6905 31.2688 10.2622
336 480 -2.1231  0.6387 10.4162
360 480 -0.6045 -0.9451 18.6069
384 480 -1.0158 -2.8600 22.3075
408 480 -1.3045 -2.5464 16.9183
432 480 20.9198  3.8554 10.3213
456 480 10.2156 27.6108  6.5930
480 480 -2.0556  0.4087 17.6846
504 480 -3.3051  0.7600 19.7080
528 480 -4.1693  2.8842 17.5686
552 480 -5.0399  3.8901 12.3297
576 480 -8.0802  8.6589 13.7545
600 480  1.0369  1.8772 10.8074
624 480  0.9155  0.5550 11.0878
648 480 -2.3919 -0.8610 17.9935
672 480 -0.4202 -0.0317 17.1895
696 480  0.1593 -0.3463 23.9837
720 480  0.8832  1.3022 19.6808
744 480 -0.5094  1.5287 15.2948
768 480 -7.0482 -1.7794 15.6711
792 480 -6.9897 -1.8766 15.6668
816 480 -5.4597 -1.8377 13.1515
840 480 -7.7712 -5.1344 15.7459
864 480 -6.7454 -4.7453 12.3396
888 480 -3.1447 -1.1467 11.9198
912 480 -3.1210 -1.1016 13.0510
936 480 -2.1463 -0.5999 11.7030
960 480 -1.5189  1.2745 16.5803
984 480  0.5725  0.0895 10.4710
 24 504 -0.0277 -0.0250 12.5411
 48 504  2.1031  1.3406 12.8399
 72 504  4.9302  0.9143 15.9432
 96 504  4.5907  1.8024 19.8123
120 504  4.1146  1.6596 22.0773
144 504  3.0771  2.1288 13.9522
168 504  3.3526  2.3362 17.3514
192 504  5.0711 -0.2515 16.5828
216 504  6.6857 -1.0848 17.8317
240 504  2.8397 -3.8008 12.9430
264 504  4.8766 -3.8077 12.9217
288 504  5.4180 -3.9129 10.5937
312 504 -6.9904 -23.2401 24.1939
336 504 -6.2741 -23.3026 11.9310
360 504 -0.0044 -1.8499 26.9873
384 504  1.3073 -1.2147 17.9587
408 504  3.3461 -1.6890 13.4080
432 504 -3.4762 -17.7428 10.1819
456 504 -4.7181 -17.2817  9.9118
480 504 -1.1294  1.4252 12.9139
504 504 -2.3203  2.0562 14.1298
528 504 -4.2864  1.7197 15.2602
552 504  0.0305  0.2933 10.7330
576 504  1.0480  3.1077 12.8496
600 504  1.0085  2.3379 17.7565
624 504  0.7666  0.6094 19.1632
648 504  0.1479  0.1629 16.0960
672 504  0.1016  0.1089 19.5251
696 504  0.0922 -0.1462 17.5832
720 504  4.9789  0.1313  9.8855
744 504  5.4052  0.4167 10.9304
768 504  8.9701 -1.0739 13.1840
792 504  7.3240 -1.8177 12.9366
816 504 -2.4674 -3.6909 14.0498
840 504 -3.2844 -2.7843 12.8615
864 504 -5.5584 -2.9612 12.2973
888 504 -6.3624 -2.3322 14.3354
912 504 -8.3198 -2.1008 14.1800
936 504 -8.4308 -0.0437 17.7553
960 504 -4.1374 -0.2567 13.5511
984 504  0.6680 -0.0078 10.4256
 24 528 -0.0252 -0.0146 12.4047
 48 528  4.7979  1.1873 11.0758
 72 528  3.9890  0.0800 23.0895
 96 528  3.9619 -0.5642 23.3009
120 528 -0.4274  3.1900 17.8596
144 528 -0.5359  3.2913 16.9944
168 528  7.7455  0.7410 15.5110
192 528  8.3517  0.4807 18.7066
216 528  7.9048  0.2157 15.8997
240 528  5.1607  0.0199 14.2005
264 528  4.9444 -0.1206 12.6834
288 528  4.0900 -0.8093  9.8376
312 528 13.3887 13.2420 15.5900
336 528  6.6002 15.0656  9.8468
360 528  0.2240 -2.4267 20.8390
384 528  0.3458 -2.3061 19.8251
408 528  3.5109 -1.1079 16.4307
432 528  1.7982 20.7399 10.3027
456 528 -0.8670  1.2250  9.1691
480 528 -0.5187  0.8967 15.5416
504 528  0.9122  2.8727 12.8216
528 528  0.7167 -0.0829 15.6814
552 528  1.1370 -0.2051 15.5684
576 528  1.7692  3.2123 15.9310
600 528  2.1328  2.0492 15.2367
624 528  0.1055  0.2166 12.6676
648 528 -3.9039 -1.9558 15.2484
672 528  1.6090  1.0126 14.2990
696 528  2.7443 -3.9747 12.6404
720 528  3.0631 -2.4289 11.5101
744 528  8.3421  0.6568 12.8552
768 528  8.3206 -0.2324 17.5331
792 528  7.5368 -0.7798  8.7525
816 528 18.7661 -10.6434  7.5328
840 528 20.2770 -11.1977  8.1735
864 528 -3.0308 -1.9979 12.9773
888 528 -5.5191 -2.0827 15.8198
912 528 -7.9013 -1.9091 15.3126
936 528 -8.6254  0.1423 17.4006
960 528 -5.6017 -0.7331 16.2159
984 528  0.7732 -0.0286 10.6427
 24 552 -0.0337  0.0147 12.7799
 48 552  4.9699  0.9776 10.1842
 72 552  4.4290  0.8318 19.7841
 96 552  4.0415  1.0507 17.9552
120 552  1.3887 -0.2897 15.9892
144 552  1.1339  0.1005 12.5008
168 552  9.7425  1.7857 16.7558
192 552  9.1051  1.5535 18.5822
216 552  8.8460  2.1357 18.4946
240 552  6.6802  2.4045 18.6822
264 552  5.3487  0.8589 19.2610
288 552  5.1345  0.5706 15.3889
312 552  6.6786 -14.3705 12.8875
336 552  2.0529  3.8132  8.5558
360 552  1.6265 -2.3317 14.9675
384 552  1.1978 -2.6503 20.5852
408 552  2.0134 -0.4692 15.9224
432 552  7.4063 -39.9457  8.8822
456 552  3.3169  3.8675  7.7581
480 552  2.0100  1.8125 16.8713
504 552  2.3555  2.5294 17.3382
528 552  1.1650  0.3123 14.9185
552 552  2.0958  0.0689 18.2947
576 552  3.0815  0.4438 16.8482
600 552  3.9912  0.8640 16.4804
624 552  3.7343  9.0603 11.1931
648 552 -3.3256 -1.6083 10.1009
672 552 -3.7704 -1.9122 14.1725
696 552 -0.9745 -4.0294 14.5950
720 552 -1.2977 -5.6203 13.3296
744 552  0.1547 -3.3783 12.1041
768 552  2.3363 -1.3878 14.4613
792 552 -14.6951 13.9747  8.9682
816 552 -17.0436 10.9900 11.9524
840 552 19.5763 -15.6616  8.5663
864 552 -2.6467 -1.9989 14.0102
888 552 -4.7668 -1.9382 16.0464
912 552 -6.8483 -2.7819 18.3567
936 552 -5.2894 -2.4318 11.2312
960 552 -2.4423 -0.9426 13.8928
984 552  0.7557  0.0333 10.7411
 24 576 -0.0148  0.1408 12.6058
 48 576  4.6563  4.1796 15.8433
 72 576  4.6637  3.5889 20.6933
 96 576  4.0298  2.9821 16.8850
120 576  1.4713  0.1797 14.9919
144 576  0.6383  1.8035 14.3587
168 576 -0.5684  0.0360 15.3052
192 576  8.1262  2.3350 12.6907
216 576  7.0153  2.0929 12.7760
240 576  7.3019  2.1476 15.5887
264 576  5.6643  1.1526 18.9905
288 576  5.0935  0.7415 18.3742
312 576  2.3444  4.6401 11.0672
336 576  2.6052  3.5175  9.1041
360 576  3.2893 -0.6468 15.6065
384 576  3.1828 -0.6691 15.7727
408 576  2.9195 -1.0038 15.2287
432 576  4.0738  2.3683 15.9252
456 576  4.0049  3.2511 15.1085
480 576  4.5648  2.7527 16.3064
504 576  3.1871  3.7916 16.7858
528 576  2.0823  2.4979 15.3251
552 576  4.6833 -0.0030 14.8957
576 576  3.9341  0.7789 15.3449
600 576  2.7798  1.5352 15.0632
624 576  1.3903  2.8197 13.9483
648 576  2.1915  7.1647 11.9951
672 576  1.1061  5.6799 11.0059
696 576 -2.8568 -4.5939 13.1993
720 576 -2.6098 -6.3267 13.3152
744 576 -1.4486 -4.3657 14.2328
768 576 -0.0372 -3.2683 16.7263
792 576 -0.3389  1.1750  8.5355
816 576 -1.0591 -0.1225  7.8548
840 576 -3.2642 -2.8463 13.8304
864 576 -4.0259 -2.9773 12.4524
888 576 -5.1207 -2.0221 15.5204
912 576 -6.2984 -2.9625 12.5080
936 576 -5.0371 -4.1774 14.9099
960 576 -2.3596 -0.2646 14.0363
984 576  0.7362  0.0598 10.6776
 24 600  0.0053  0.0887 12.5413
 48 600  3.8028  3.8089 19.6069
 72 600  2.9894  3.3484 19.4852
 96 600  1.4637  3.1904 18.1850
120 600  1.0793  3.5332 18.4547
144 600  0.3978  2.4313 16.6579
168 600  0.6467  0.3057 20.6010
192 600  3.6907  1.3404 13.9048
216 600  4.1618  2.8014 11.0108
240 600 11.0814  1.8589 11.0238
264 600 10.9651  2.7367 13.7845
288 600  6.4788  0.4354 14.2923
312 600  5.7074 -1.4973 20.6638
336 600  6.1333 -1.1356 18.7339
360 600  4.2934  0.9323 14.8447
384 600  3.0041  0.8632 14.5205
408 600  3.1148 -0.7800 15.5383
432 600  2.8302  0.7329 10.8819
456 600  4.0859  2.6645 15.2894
480 600  5.1263  2.6093 15.9152
504 600  4.2073  3.5300 14.3863
528 600  3.1005  0.7982 13.2633
552 600  4.7093  0.6902 12.5294
576 600  3.6495  2.7817 14.8810
600 600  1.4973  3.3633 12.6073
624 600  0.4855  2.4893 12.7875
648 600  0.3536  2.3826 14.4074
672 600 -1.0219 -1.1205 12.7277
696 600 -3.1590 -2.3475 13.4133
720 600 -5.7745 -7.8469 13.2370
744 600 -5.2343 -7.5079 13.7973
768 600 -1.4526 -5.0346 13.4307
792 600 -1.9527 -0.4828 11.6556
816 600 -1.4829 -1.3575 13.7826
840 600 -1.2804 -3.0416 14.4267
864 600 -3.8049 -0.8276 13.1590
888 600 -4.8965 -2.2372 14.2178
912 600 -4.0105 -4.0446 14.1609
936 600 -2.1040 -2.8402 13.1094
960 600 -1.0469  0.7884 16.1826
984 600  0.5989  0.0316 10.2655
 24 624 -0.0053  0.0049 12.4734
 48 624  3.6744  2.4042 20.4302
 72 624  2.0296  3.2721 19.9260
 96 624  0.9438  3.7126 20.2879
120 624  0.9072  3.4200 16.7721
144 624  0.9685  2.6880 14.4020
168 624  9.1242  1.4221 13.9181
192 624  9.1176  0.1768 11.4878
216 624  9.9454  1.2463 12.7854
240 624 10.5841  2.2460 10.4094
264 624 10.7119  2.0853 13.4794
288 624  8.9808  1.7509 16.9765
312 624  5.6047 -0.7530 10.8037
336 624  5.3857  0.1636 13.1496
360 624  4.0031  0.9012 13.5108
384 624  2.3412  0.7255 13.6792
408 624  2.5815  1.0285 14.2806
432 624  2.0228  2.1209 12.5135
456 624  1.9048  2.4052 14.8852
480 624  3.1261  3.3174 13.3120
504 624  4.1286  4.9553 13.7971
528 624  1.0732 -1.3194 13.5924
552 624  1.9334 -0.9667 11.9766
576 624  0.7990  4.0391 15.8728
600 624 -0.0742  3.2830 17.3025
624 624 -0.1539  2.0104 17.1424
648 624 -1.5429  0.8853 11.8250
672 624 -4.7363 -1.2184 14.2387
696 624 -3.7480 -2.4312 15.8206
720 624 -5.9636 -8.5340 14.9576
744 624 -5.1768 -8.2062 14.2384
768 624 -2.2238 -6.7378 14.7403
792 624 -1.0852 -3.0181 13.0694
816 624 -0.7764 -3.3149 15.8603
840 624 -0.7668 -3.5775 12.8677
864 624 -2.9317 -0.4736 12.2293
888 624 -5.4515 -2.0506 13.7477
912 624 -4.8642 -2.4271 13.8406
936 624 -2.0788 -3.0219 15.0782
960 624 -0.9175 -0.2103 13.9112
984 624  0.5646  0.0205 10.7287
 24 648 -0.0050  0.0064 12.3103
 48 648 13.5292  3.0792 15.5970
 72 648  6.7263  2.1022  8.9021
 96 648  6.0167  2.6848 12.8395
120 648  3.2569  3.9102 11.6765
144 648  4.0604  3.3003 12.6821
168 648  9.3183  2.2565 11.6701
192 648  1.9854 -0.3711  9.9812
216 648  3.2328  1.6138 11.5652
240 648  2.9440  1.8468 11.3976
264 648  8.0640  2.0292 12.9178
288 648  8.1588  1.7474 14.6413
312 648  7.9666  2.7875 14.1288
336 648  7.5772  4.9204 16.3695
360 648  6.9661  4.9074 14.1653
384 648  3.2034  2.7122 14.2008
408 648  3.6886  1.9309 15.1235
432 648  2.4409  2.2635 14.7928
456 648  1.6872  2.8566 16.9433
480 648  1.5635  3.3142 14.5201
504 648  1.8108  3.4516 14.6409
528 648  0.3996 -0.3078 12.2106
552 648 -0.3523 -0.2476 17.0904
576 648 -0.6333  0.7723 16.6914
600 648  0.0836  0.0287 17.9004
624 648  0.2568 -0.8075 20.6168
648 648 -1.0653 -1.1893 14.2676
672 648 -6.2753 -1.3345 11.4827
696 648 -6.3705 -2.0818 10.1235
720 648 -2.4309 -2.9230  7.2829
744 648 -3.7863 -10.2125  9.6560
768 648 -3.6392 -10.4478 12.3428
792 648 -3.1955 -5.2308 15.8139
816 648 -2.3402 -3.7472 17.5701
840 648 -2.5098 -2.2974 13.8744
864 648 -3.7889 -0.2433 17.0249
888 648 -6.4263 -1.0334 15.3529
912 648 -6.9781 -0.4873 15.6643
936 648 -7.6636 -5.4969 13.0738
960 648 -7.1668 -6.0370 13.6913
984 648  0.7658  0.0335 10.9811
 24 672 -0.0054 -0.0263 12.3640
 48 672 12.1743  2.2632 13.7261
 72 672  7.6223  2.0825 10.6307
 96 672  6.0019  3.0533 16.0182
120 672  1.4226  6.8374 11.7726
144 672  1.9394  7.0039 11.2933
168 672 -0.6238  8.1133 12.7327
192 672  1.0539  2.0088 10.9281
216 672  2.0443  2.2372 14.2724
240 672  2.7693  2.5825 17.9853
264 672  3.5469  2.0688 18.4097
288 672  3.8852  1.7470 17.8672
312 672  6.7253  3.3571 13.7560
336 672  7.1978  6.4930 12.1897
360 672  4.4244  7.0459 11.9782
384 672  5.0504  2.9222 13.4876
408 672  4.1647  1.5502 17.8635
432 672  2.6651  1.3046 14.6691
456 672  1.0496  1.2120 15.2080
480 672  0.9953  1.3224 14.5134
504 672  2.1814  2.0916 14.9818
528 672  0.9112 -2.1779 12.0830
552 672  0.5374 -2.2455 14.5416
576 672 -0.2584 -0.3000 14.7728
600 672  0.3258 -0.9669 17.5879
624 672  1.3077 -0.2995 15.9454
648 672  0.4633 -0.2103 17.8102
672 672 -4.7484  0.1624 11.9255
696 672 -5.1802  0.7419  8.1754
720 672 -3.5099 -7.8429  9.5706
744 672  0.0166 -4.8646 12.2621
768 672 -0.1909 -4.9754 10.6765
792 672 -3.9031 -5.1002 19.0950
816 672 -3.9815 -3.3871 11.0401
840 672 -2.9963 -0.6559 11.4918
864 672 -4.2235  0.3047 12.8105
888 672 -6.7948  0.3330 12.9105
912 672 -8.1218  1.2462 14.4735
936 672 -6.1764 -4.8672  9.4848
960 672 -6.8918 -6.2340 14.2219
984 672  0.6896  0.0237 10.9158
 24 696 -0.0084 -0.0134 12.3895
 48 696 11.9549  3.1051 11.8888
 72 696 11.0190  2.2003 11.4011
 96 696  0.1677  6.0083 16.1128
120 696  1.3735  8.0041 20.7116
144 696  0.8542  8.6698 14.4116
168 696 -0.4561  9.1829 11.8860
192 696 -0.0602  8.9352  9.6195
216 696  1.6035  2.1060 19.1566
240 696  2.5224  1.9226 20.4358
264 696  3.2575  1.8481 17.3722
288 696  4.0161  1.5950 18.7343
312 696  4.5957  2.0266 14.0478
336 696  6.8456  7.8491 13.4278
360 696  6.0784  8.7098 10.0758
384 696  6.3722  1.9476 15.8652
408 696  4.3133  1.4911 16.2628
432 696  2.7248  1.0615 15.6422
456 696 -0.3855 -0.8168 13.9535
480 696 -0.3723 -0.9184 15.1495
504 696  0.3713  0.0385 17.1853
528 696  0.4635 -0.1143 17.4181
552 696  1.0658 -2.4294 14.5878
576 696  1.3193 -1.5390 13.2104
600 696  2.9232 -0.5075 15.3607
624 696  3.8556 -0.0779 16.3987
648 696  4.1000 -0.4353 16.8091
672 696  0.1392  0.1572 20.1250
696 696 -0.0070 -0.3092 13.5838
720 696  0.1750 -3.4244 16.2449
744 696 -0.0699 -4.0440 14.4443
768 696 -0.4504 -4.0339 12.4071
792 696 -3.3261 -4.7193 14.4490
816 696 -1.7335  0.0741  7.3779
840 696 -8.8290 -1.1059 11.2879
864 696 -4.5047 -0.2835 11.3488
888 696 -8.4583  0.4182 11.2346
912 696 -8.0335  3.5228 13.0785
936 696 -1.7347 -2.3016 14.2087
960 696 -0.1813 -2.2586 15.4888
984 696  0.7975 -0.0929 11.0686
 24 720 -0.0175  0.0166 12.4593
 48 720 -2.3038 -0.0320 13.3812
 72 720  1.2840  4.1692 14.7427
 96 720  0.6374  4.2111 16.5879
120 720  2.5973 10.2905 15.3412
144 720  1.8329 12.7306 14.7181
168 720  1.9224 12.5745 17.1496
192 720  2.7484 10.7905 17.0048
216 720  0.7368  1.7467 13.8711
240 720  1.8366  0.5301 19.4805
264 720  1.7905  0.1810 19.4374
288 720  3.9280  1.9201 21.4497
312 720  4.1042  2.2169 13.5726
336 720  6.5751  6.1022 10.3870
360 720 10.6140  6.8889  9.2793
384 720  7.4242  2.0968 13.4770
408 720  5.0289  1.8619 13.1343
432 720  2.0426  2.7438 11.3958
456 720 -2.5235  0.7859  9.3717
480 720 -3.2113  0.2984 12.6233
504 720 -0.4680 -0.7797 16.0133
528 720 -0.1314 -0.7818 19.6681
552 720  0.4892 -1.9210 17.5797
576 720  1.1821 -1.8276 15.3031
600 720  2.2998 -0.1387 19.9951
624 720  3.6249  0.0716 18.2138
648 720  3.2634 -0.8558 15.0346
672 720  1.0859 -0.3655 18.2575
696 720  1.8101 -1.6585 17.7628
720 720  1.1016 -2.8974 15.0116
744 720 -0.3718 -2.8644 15.4732
768 720 -2.8660 -3.2703 12.0273
792 720 -2.8484 -3.2167 11.6665
816 720 -7.9256  0.2157 10.1723
840 720 -6.7252 -3.3571 10.5465
864 720 -5.2545 -2.9822 11.5225
888 720 -4.5307 -1.0027 13.0971
912 720 -2.1583 -2.3698 14.7512
936 720 -1.1354 -1.9263 21.5673
960 720 -0.2025 -2.3104 18.7778
984 720  0.8656 -0.1233 10.5217
 24 744 -0.0215  0.0421 12.3879
 48 744 -2.3527 -0.0367 18.0103
 72 744  1.2934  5.1443 13.0106
 96 744  1.7678  5.7957 19.0700
120 744 -1.0551  8.3776 20.0936
144 744 -1.9121  9.3987 16.2842
168 744  0.9526 10.3778 11.5173
192 744  3.1886  9.9796 14.6611
216 744  3.4825  9.7752 15.5766
240 744  0.0607 -0.3936 16.3772
264 744  0.2263 -0.2166 17.0265
288 744  0.7674  0.0235 23.2702
312 744  2.6728  2.2384 18.1485
336 744  2.9010  1.2655 13.5234
360 744  4.7806  1.1239 10.6661
384 744  8.5845  3.0069 13.5692
408 744  4.6636  2.5916 10.7562
432 744  1.6751  2.6691  9.6133
456 744  6.1985 15.1753  7.2459
480 744 -4.6842 -0.9126  6.7127
504 744  0.0634 -2.0795 12.5870
528 744  0.8681 -1.5801 19.8980
552 744  0.2942 -1.8710 15.5030
576 744 -1.3681 -0.8661 17.0956
600 744 -2.0342  0.9543 19.1043
624 744 -1.8522  1.0369 15.6034
648 744  1.1626  0.8496 15.1753
672 744  1.4448 -0.0430 20.1795
696 744  2.1976 -0.1954 16.4975
720 744  1.2589 -2.1520 15.9306
744 744 -0.8369 -3.9283 16.8916
768 744 -2.0481 -4.0536 19.7693
792 744 -3.5703 -0.7444 14.6971
816 744 -5.8601  0.4774 11.2959
840 744 -7.9958 -4.3057 12.3772
864 744 -7.2931 -2.7915 13.7179
888 744 -6.5818 -2.1626 13.2931
912 744 -3.1552 -2.1048 11.7660
936 744 -1.7688 -1.6362 15.1686
960 744 -0.1923 -4.7591 16.8140
984 744  0.7742 -0.1408 10.0168
 24 768 -0.0062 -0.0112 11.7424
 48 768 -2.6443 -0.2667 16.3321
 72 768 -3.7551 -0.3107 16.5778
 96 768 -5.2403 -0.1665 15.2773
120 768 -3.9444  5.9438 13.3506
144 768 -2.8141  7.8074 12.3428
168 768 -2.0753  9.0990 11.5706
192 768 -4.0786  5.3348 10.0243
216 768 -2.4495  7.9691 11.0951
240 768 -3.3484 -0.1567 16.6108
264 768 -4.7285  0.6445 13.8856
288 768 -5.0427  0.9950 14.9842
312 768  0.6044  2.9463 11.4010
336 768  2.2992  0.9163 14.2835
360 768  4.1190  0.1166 17.3742
384 768  4.4288  1.5495 15.0421
408 768  3.9900  1.3757 14.5536
432 768  3.1086  0.7519 14.1311
456 768  0.2122 -1.2121  7.1865
480 768 -1.2488 -2.9222  8.1647
504 768 -0.9732 -3.2539 11.9488
528 768 -2.7217 -4.9518 13.6704
552 768 -2.3437 -1.5525 13.5509
576 768 -2.0722 -0.6314 19.0168
600 768 -2.4018  0.4324 17.8973
624 768 -0.7071 -1.1791 17.0469
648 768 -0.1490 -1.0732 16.3754
672 768  0.8132  0.7628 22.5601
696 768  1.2486  0.1265 19.5291
720 768  0.6682 -0.8273 19.5527
744 768 -0.4186 -3.8567 16.0420
768 768 -1.0980 -4.1154 19.3488
792 768  0.1527  0.5284 13.7818
816 768 -0.8501  1.3929 11.2113
840 768 -7.6155 -2.1171 12.1192
864 768 -7.2371 -1.9070 14.0025
888 768 -5.8105 -3.1954 12.7414
912 768 -3.1698 -3.1670 13.4629
936 768 -2.3186 -1.6893 17.3812
960 768 -1.3682 -3.6314 15.0172
984 768  0.7271 -0.0907 10.3933
 24 792  0.0158 -0.0103 11.6926
 48 792 -0.4706  0.0764 13.0502
 72 792 -3.2522  0.0548 19.9207
 96 792 -5.1257 -0.8788 13.9857
120 792 -6.6367  5.2109 18.8818
144 792 -6.3223  5.9111 18.8495
168 792 -5.1674  6.2718 11.9123
192 792 -4.3667  3.6706 11.7057
216 792 -1.0041  3.3313 14.5622
240 792 -5.3913 -1.6188 17.5662
264 792 -5.3202  0.2841 19.0118
288 792 -5.3209  0.7961 17.1935
312 792 -2.8898 -2.9870 11.9940
336 792  0.1272  0.0944 12.7033
360 792  4.8221 -0.7925 14.8537
384 792  4.3956  0.2711 20.4048
408 792  3.7019  0.1791 18.1091
432 792  3.0470  0.3204 19.9065
456 792  0.2184 -1.1232 16.6622
480 792 -1.6344 -3.7930 14.1384
504 792 -1.1535 -5.0198 13.5174
528 792 -1.4179 -6.1641 12.7840
552 792 -1.5885 -2.4924 10.9826
576 792 -1.3917 -1.0068 19.0259
600 792 -0.7456  1.0675 13.4537
624 792 -1.0754 -3.5222 16.4219
648 792 -0.1738 -0.3209 15.6693
672 792  0.0774  0.8007 16.4534
696 792 -0.0046  0.3870 14.9282
720 792  0.2720  0.3286 20.8661
744 792  0.2987  0.0415 18.6089
768 792  0.0995 -0.1650 18.3434
792 792  0.0867  1.9904 20.4960
816 792 -0.1914  1.7880 18.0923
840 792 -0.2890 -0.2817 15.8409
864 792 -0.7737 -0.8454 14.6157
888 792 -0.3443 -2.2970 14.8809
912 792 -1.4292 -3.0864 16.8348
936 792 -2.1806 -2.1527 15.5973
960 792 -2.1835 -3.8507 13.9215
984 792  0.6305  0.0161 10.5214
 24 816  0.0228  0.0097 11.8486
 48 816  0.5920  0.7414 22.2655
 72 816 -2.1877 -0.1414 15.4992
 96 816 -3.2807  0.0918 14.2236
120 816 -7.1792  2.4823 12.6099
144 816 -6.8729  4.8651 19.0435
168 816 -6.1131  6.1409 14.1070
192 816  0.7067  7.4207 14.3411
216 816  1.9917  6.9359 18.7366
240 816  0.0217  3.3312 11.5098
264 816  3.0314 -0.6152 17.7547
288 816  3.1492 -1.5499 14.6486
312 816  2.1277 -5.0137 11.5248
336 816  1.7904 -5.4342 14.7269
360 816  2.7379 -3.7905 12.9540
384 816  4.2223 -0.1712 15.5126
408 816  3.6898  0.5260 17.5494
432 816  2.4581  0.7706 15.3708
456 816  0.2946 -0.5757 13.1798
480 816 -0.3748 -6.1013  9.6107
504 816  0.3138 -5.4516  8.7022
528 816  0.4354 -4.6800 16.2134
552 816 -0.4872 -3.3871 13.0682
576 816 -0.6614 -2.7914 13.8657
600 816 -0.1734 -5.0764 14.7120
624 816 -0.6846  0.1353 14.3644
648 816 -0.5850  0.0240 13.2949
672 816 -0.2038  0.2355 14.4081
696 816 -0.3804  0.2398 17.2921
720 816 -0.4299  0.3520 21.7844
744 816 -0.2424  0.2616 20.9136
768 816 -0.1219  0.4240 13.9677
792 816 -0.2609  3.2415 14.1917
816 816 -0.3594  2.6853 14.7773
840 816 -0.0868  0.1933 17.6224
864 816 -0.5101 -0.1488 16.5173
888 816 -0.3403 -1.4422 20.1263
912 816 -0.3965 -1.6888 18.6550
936 816 -1.9688 -4.3613 14.5608
960 816 -1.8236 -5.5400 12.6275
984 816  0.5826 -0.0794 10.0030
 24 840 -0.0173  0.0196 12.5013
 48 840  1.9802  1.6578 17.7335
 72 840 -0.8447  0.7167 14.6871
 96 840 -3.9531 -1.9555 13.5568
120 840 -4.1297  2.0717 17.1147
144 840 -7.1143  4.0301 13.6004
168 840 -8.2606  7.3029 18.1384
192 840 -8.0433  7.4579 15.6665
216 840  3.0726  7.1652  8.5477
240 840  3.2479  7.0596  8.3532
264 840  3.6799 -0.9870 19.7776
288 840  4.5307 -3.0479 16.8009
312 840  4.8460 -3.8813 15.5917
336 840  2.0921 -5.8951 17.8219
360 840  1.8997 -5.6044 14.7708
384 840  1.0355 -3.2568 16.5853
408 840  0.2475  0.0284 16.2002
432 840  0.7777  0.9564 16.9263
456 840  0.0670  5.0660 13.0184
480 840 -3.2427  7.2377  9.9658
504 840 -4.2805  7.9162  7.8224
528 840  0.0753 -3.5879 15.5305
552 840 -0.4985 -2.9482 18.9753
576 840 -0.2867 -5.2725 14.6427
600 840 -0.5585 -6.1628 14.9013
624 840 -0.7995  0.0652 13.5908
648 840 -0.5629  0.1885 12.1027
672 840 -0.0196  0.1115 10.0739
696 840 -0.2296  0.1971 19.2184
720 840 -0.0312  0.2041 21.0755
744 840  0.2479  0.0933 18.0539
768 840 -0.0823  0.7164 10.8363
792 840 -0.1517  3.8913 13.9997
816 840 -0.0999  1.8083 13.8392
840 840 -0.3798  0.5289 14.7336
864 840 -0.5227  0.1570 17.3921
888 840 -0.2031  0.1512 17.8399
912 840 -0.5876 -0.2895 17.2787
936 840 -1.7333 -3.4999 14.8956
960 840 -2.0121 -5.3625 13.0680
984 840  0.5534 -0.0811 10.2582
 24 864 -0.0252  0.0361 12.7904
 48 864  3.0103  3.9580 12.4420
 72 864  2.5592  1.9372 15.4076
 96 864 -2.7768 -0.0006 16.5489
120 864 -3.3676  1.1949 14.0433
144 864 -6.2368  0.2779 11.5198
168 864 -7.6533  8.8208 10.3658
192 864 -0.5939  5.8495 12.5467
216 864 -0.2348  5.7655 18.3632
240 864 -0.0196  6.1817 18.8284
264 864  4.8588 -0.0782 14.4076
288 864  3.8715 -1.3398 17.1071
312 864  5.7227 -2.1722 15.7439
336 864  5.0627 -1.2359 15.3533
360 864  5.4381 -1.2783  9.7683
384 864  0.7523 -3.5336 20.8070
408 864  0.9122 -1.4379 17.7223
432 864  0.7862  0.9585 12.9231
456 864  0.2660  4.2684 10.0545
480 864 -2.7197  6.7986 12.0201
504 864 -3.7918  6.0523  8.6875
528 864 -0.8970 -2.3383 16.8881
552 864 -0.2065 -2.9413 15.6005
576 864 -0.2592 -5.1945 15.6644
600 864 -0.6288 -5.4058 16.3364
624 864 -0.2643 -0.3867 14.4694
648 864  0.1267  0.3371 16.4508
672 864 -0.6866  0.8968 13.0243
696 864 -0.2700 -0.2272 16.8815
720 864  0.1707 -0.1654 19.7225
744 864  0.4890 -0.1472 19.1715
768 864  0.9883 -0.6219 11.6594
792 864 -0.7710  4.0756 12.6204
816 864 -0.6753  0.6895 12.7686
840 864 -0.0350 -0.6891 10.8870
864 864 -0.1944 -0.0795 13.2109
888 864  0.2716  2.5762 15.6980
912 864 -0.9048 -0.2676 14.0922
936 864 -1.4733 -1.9731 18.3435
960 864 -2.3052 -3.3179 18.0828
984 864  0.6096 -0.0227 10.7220
 24 888 -0.0117  0.0342 12.3813
 48 888 -2.8214  4.2066  8.4741
 72 888 -4.1121  9.0412 13.4900
 96 888 -1.5785  4.4921 17.8278
120 888 -2.2364  3.1735 19.6255
144 888 -2.7943  2.5393 13.0686
168 888 -6.9711  0.9166 18.9133
192 888 -0.9892  4.3266 20.3256
216 888 -0.2566  4.9212 16.5317
240 888  0.4276  5.1341 16.2508
264 888  3.6969  5.2932 18.0295
288 888  2.1694  7.8390 11.1944
312 888  5.6376 -1.7686 16.9354
336 888  4.7720 -0.6285 15.1162
360 888  5.3139 -0.0743 13.2017
384 888  3.8591  2.0304 15.8677
408 888  1.0169 -1.1055 15.9411
432 888  0.2690  0.0348 12.9229
456 888  0.1730 -0.2236  8.9132
480 888  2.0087 -1.0521 10.6963
504 888  0.0726 -2.4402 12.8580
528 888 -0.8204 -2.3885 18.7435
552 888  0.6941 -4.8044 19.2312
576 888  0.1533 -5.0115 16.5320
600 888 -1.1044 -5.5740 12.2407
624 888  0.2651 -0.0667 13.3036
648 888 -0.0998  0.1140 15.1233
672 888 -1.2485 -0.1562 13.9099
696 888 -1.2655 -0.2511 17.0198
720 888 -1.6436 -0.7142 18.9353
744 888 -0.8184 -0.3492 19.6779
768 888 -1.1838  0.7132 14.0140
792 888 -1.1181  0.8831 11.5026
816 888 -0.6606 -0.6581 10.4661
840 888  0.4595  1.7394 11.6581
864 888  0.0049  0.1660 16.2460
888 888  4.3825  4.6739 12.5254
912 888  0.0512 -0.3853 11.8795
936 888 -0.2331 -0.8015 16.9172
960 888 -2.5083 -1.3762 14.5835
984 888  0.7722 -0.0822 10.5861
 24 912 -0.0057  0.0304 12.2642
 48 912 -2.2307  8.4932 11.5557
 72 912 -2.3979  7.9525 15.6954
 96 912 -2.8823  6.1040 14.1173
120 912 -2.7644  5.0801 14.7780
144 912 -2.5495  2.5255 15.0286
168 912 -1.1686  0.7414 15.5082
192 912 -0.0273  2.0699 19.6834
216 912  0.8864  2.3580 14.9024
240 912  1.0424  2.9940 14.2228
264 912  1.9010  5.0579 16.4982
288 912  1.9466  7.5712 18.4757
312 912  6.1129  0.6050 16.7706
336 912  4.9947 -0.1858 19.1151
360 912  4.8165 -0.0937 15.6474
384 912  4.1733  2.3288 10.9994
408 912 -1.4709  2.0392 13.4297
432 912  0.6103 -5.0443 15.2882
456 912  0.6356 -5.1787 13.1638
480 912  0.3083 -6.5481 11.1807
504 912  2.7331 -2.6319 11.6422
528 912  4.0069 -4.5855 16.1157
552 912  4.0516 -5.1547 19.5466
576 912 -1.1562 -4.5329 13.2527
600 912  4.7621  0.9473  7.7286
624 912 -20.1530 -10.0362  7.5551
648 912 -1.1985 -4.2354  9.1164
672 912 -2.5722 -4.7875 12.2707
696 912 -5.8210 -1.8781 16.4514
720 912 -4.3194 -0.9737 16.3926
744 912 -1.9568 -1.0706 15.1890
768 912  1.3362  2.5759 14.8937
792 912  3.0178  1.0853 12.7232
816 912  1.3799 -1.2165 15.5220
840 912  0.8549 -1.3794 14.8530
864 912  0.0195 -0.0344 17.1585
888 912  0.1946 -0.0073 16.4055
912 912  0.3413 -0.1324 13.0360
936 912  0.2754 -0.1240 14.3160
960 912 -0.8576  5.8912 11.3398
984 912  0.7741 -0.0286 10.5764
 24 936 -0.0121  0.0253 12.1260
 48 936 -4.1118  6.2104 11.3565
 72 936 -3.0837  8.7843 11.8569
 96 936 -3.2853  6.3772 19.4452
120 936 -3.2600  6.2191 23.1611
144 936 -1.6870  3.0844 13.7903
168 936 -0.1811 -0.6806 20.4827
192 936  0.2497 -0.1013 23.3858
216 936  0.8577  1.6914 15.8447
240 936  1.6274  4.2542 15.1097
264 936  1.6738  6.0469 18.7043
288 936  2.0136  6.8250 15.4002
312 936  5.9301  0.9188 15.9426
336 936  4.7399 -0.0965 10.4925
360 936  0.0065  3.0499 15.7853
384 936  0.3643  9.3440 15.1546
408 936  0.8057  7.7121 11.7798
432 936  0.3077  0.1665 13.3229
456 936  0.6905 -3.9421  9.5561
480 936  3.0354 -11.9444  8.6093
504 936  2.0635 -5.4015 11.1218
528 936  3.0403 -4.5387 18.4056
552 936  3.3966 -3.7650 14.0511
576 936  2.0807 -0.7026 16.3261
600 936  3.6811 -0.2039 10.4575
624 936 13.3177  9.7224  7.7142
648 936 -3.2657 -0.7099  7.4954
672 936 -5.5601 -0.2788 13.9888
696 936 -6.2853 -0.1557 16.8601
720 936 -6.1898  0.3716 18.1391
744 936 -4.9201  0.7795 15.0717
768 936 -0.7740  0.7005 13.0805
792 936  0.0566  0.2345 12.7139
816 936  0.6758 -0.9634 21.2674
840 936  0.2171 -1.6198 18.3940
864 936 -0.5560 -0.9273 13.9695
888 936 -0.0280 -0.2569 18.3876
912 936 -0.2321  0.0624 16.6435
936 936 -0.7781  0.4231 13.8646
960 936 -2.7237  6.6702 14.1100
984 936  0.6263  0.0363 10.4303
 24 960 -0.0207  0.0122 12.1432
 48 960 -7.8959  9.0407  9.9607
 72 960 -2.3088  4.2494 10.3310
 96 960 -3.6045  6.6974 15.5092
120 960 -3.3466  5.9737 15.8719
144 960 -1.7122  3.4566 15.9375
168 960 -0.7057  0.5360 16.8269
192 960 -1.5056  0.0887 20.1116
216 960 -0.9978  1.8540 20.1716
240 960  0.1652  4.3873 15.7783
264 960  1.1257  5.4662 17.7961
288 960  2.0956  5.7777 18.0092
312 960  0.4109  4.2652 11.6243
336 960  1.2022  7.2873 13.2284
360 960  2.2644  6.1406 13.2204
384 960  1.0782  6.9547 14.7962
408 960  1.8100  6.8429 15.0247
432 960  2.7324  0.6898 14.1227
456 960  0.1323 -9.4491  9.7187
480 960  2.2177 -10.2168 10.4205
504 960  1.7725 -5.2249 15.1199
528 960  1.8908 -4.2207 20.5025
552 960  1.2239 -3.1513 16.5098
576 960  2.6229 -1.0832 13.3821
600 960  3.6845 -2.9327  8.8213
624 960  1.2161  1.9957  7.5587
648 960 -4.1784  1.1351 12.6149
672 960 -4.3028  2.7498 15.0978
696 960 -5.8308  0.6931 11.9445
720 960 -5.9345 -0.1071 14.2970
744 960 -0.0677  2.6284 10.8215
768 960  2.4300 -0.5905 14.7202
792 960  1.4592 -0.2613 12.7403
816 960  0.1222 -0.9531 17.2949
840 960 -0.1193 -1.4180 15.7364
864 960 -0.8952 -1.6217 16.0943
888 960 -0.3000 -0.3988 12.9350
912 960 -0.4394  0.0887 12.6657
936 960 -3.6494  5.4595 14.4360
960 960 -3.9128  4.8823 13.1317
984 960  0.7475  0.0269 10.4875
 24 984 -0.0064 -0.0175 14.9729
 48 984 -0.0253 -0.0245 12.1819
 72 984 -0.0016 -0.0319 12.0654
 96 984 -0.0625  0.0035 12.2648
120 984 -0.1924  0.0257 12.4656
144 984 -0.0924  0.0277 12.2747
168 984 -0.0209  0.0620 12.8691
192 984 -0.0488  0.0560 12.6636
216 984 -0.0729  0.0022 12.5340
240 984 -0.0042 -0.0031 11.4064
264 984  0.0433 -0.0056 11.1139
288 984  0.0297 -0.0181 11.8251
312 984  0.0664 -0.0081 12.3356
336 984  0.1719  0.0163 12.1499
360 984  0.2047  0.0482 12.0186
384 984  0.0522  0.0378 12.1415
408 984  0.1378  0.0150 13.0182
432 984  0.0852  0.0055 12.7534
456 984  0.0238  0.0082 12.4413
480 984 -0.0258 -0.0067 11.8454
504 984 -0.0572 -0.0104 12.2220
528 984 -0.0357  0.0089 13.0339
552 984  0.0327 -0.0131 12.7861
576 984  0.0474 -0.0341 12.4122
600 984 -0.0255 -0.0116 12.0454
624 984 -0.0362  0.0079 12.4941
648 984 -0.0562 -0.0003 12.2799
672 984 -0.0644  0.0040 11.6520
696 984 -0.0395  0.0119 12.2528
720 984 -0.0203 -0.0043 12.9121
744 984  0.0495 -0.0484 12.1472
768 984  0.0888 -0.0314 11.6431
792 984  0.0242  0.0119 12.6084
816 984 -0.0076 -0.0004 12.6714
840 984  0.0117  0.0041 12.9304
864 984 -0.0379  0.0044 12.8560
888 984 -0.0356  0.0238 12.7324
912 984  0.0353  0.0252 12.3744
936 984 -0.0073  0.0059 12.6007
960 984 -0.0794 -0.0087 12.5522
984 984  0.7858 -0.0308 13.5132
