 24  24 -0.0002 -1.5346 12.9309
 48  24  0.0139 -1.5414  9.8005
 72  24 -0.0701 -1.5529  9.9261
 96  24 -0.0575 -1.6249  9.9859
120  24 -0.0243 -1.6077 10.0075
144  24 -0.0216 -1.5526  9.7612
168  24 -0.0124 -1.6504  9.9007
192  24 -0.0138 -1.6621  9.9008
216  24 -0.0960 -1.6039 10.3956
240  24 -0.0832 -1.5977 10.6044
264  24 -0.0474 -1.5688 10.0071
288  24 -0.0674 -1.6187 10.0904
312  24 -0.0373 -1.6522 10.3373
336  24 -0.0391 -1.5665  9.6850
360  24  0.0160 -1.5593  9.6828
384  24 -0.0316 -1.5867  9.9941
408  24 -0.0233 -1.5981 10.1748
432  24  0.0023 -1.6022  9.8605
456  24  0.0173 -1.5899  9.7474
480  24  0.1400 -0.3985  9.7167
504  24  0.2923 -0.4126  9.3686
528  24  0.1191 -0.3995  9.5813
552  24  0.0673 -0.4494 10.0839
576  24  0.1546 -1.5967 10.5105
600  24  0.0704 -1.6239 10.6014
624  24  0.0611 -1.6168 10.2116
648  24  0.0188 -1.5659  9.5757
672  24  0.0059 -1.6304 10.4392
696  24 -0.0033 -1.5836 10.5492
720  24 -0.0061 -0.4513  9.8168
744  24 -0.0783 -0.4157  9.3324
768  24 -0.0013 -1.6693  9.7385
792  24  0.0820 -1.7140 10.0419
816  24  0.0936 -1.6524 10.0745
840  24 -0.0316 -1.6061  9.5416
864  24  0.0079 -1.6069  9.9228
888  24 -0.0043 -1.6045 10.4190
912  24 -0.2316 -1.6370  9.9582
936  24 -0.1622 -0.4030  9.4038
960  24 -0.0377 -0.4240  9.7371
984  24  0.4013 -0.4476 10.4686
 24  48 -0.0027 -0.0088 12.5304
 48  48 -3.1688 -1.0026 11.0839
 72  48 -8.1771  0.0313  9.8712
 96  48 -7.7174 -3.9661 11.8894
120  48 -5.6833 -4.9772 11.1778
144  48 -7.5850 -8.0297 10.4668
168  48 -7.9330 -7.3992 12.8041
192  48 -7.9099 -6.9929 11.3437
216  48 -4.1660 -0.1790 14.1313
240  48 -5.2129  0.4443 14.5383
264  48 -4.6702  1.2112 14.9367
288  48 -2.8095 -1.9602 15.4749
312  48 -2.3366 -3.5633 19.2495
336  48 -2.0760 -3.9253 19.6724
360  48 -2.0003 -3.7205 15.6981
384  48 -0.9611 -4.7291 15.4967
408  48  0.8415 -3.7591 15.3359
432  48  1.0555 -2.0126 18.0759
456  48  2.2008  0.1764 13.5458
480  48  3.1927  1.5426 15.3867
504  48  3.6866  1.3919 18.8311
528  48  3.2122  0.3204 18.4764
552  48  1.5524 -0.2650 15.0859
576  48  1.5748 -2.0782 16.7558
600  48  1.1627 -2.3646 14.6609
624  48  1.0103 -2.8960 14.6823
648  48  1.7219 -1.1283 14.4133
672  48  0.8631 -0.4337 14.8095
696  48  0.1457 -1.7555 16.8901
720  48 -0.1640 -2.2823 17.6319
744  48 -0.3145 -2.0345 16.3307
768  48  0.0323 -1.5899 13.6330
792  48  0.2673 -0.9400 14.3611
816  48  0.4723 -0.7287 14.4669
840  48 -0.4234  0.9055 13.5763
864  48 -0.0444  2.6216 14.4304
888  48  0.0543  0.2034 15.8930
912  48 -2.8069 -1.9064 16.9789
936  48 -2.4337 -2.7861 19.3103
960  48 -2.7247 -3.1965 14.5442
984  48  4.7110 -0.0594  7.3750
 24  72 -0.0158 -0.0285 12.3357
 48  72 -5.5438  0.1272 20.1670
 72  72 -6.3973  0.1855 16.1693
 96  72 -8.3312 -3.8578 15.3644
120  72 -8.2807 -3.9904 12.7736
144  72 -9.4631 -8.9408 10.3794
168  72 -8.2655 -8.0483 12.1953
192  72 -6.7587 -5.8574 15.4486
216  72 -6.0872 -1.7655 13.8871
240  72 -6.3261 -0.9352 16.7378
264  72 -4.8162  0.9384 12.4917
288  72 -1.9408 -2.2465 12.1905
312  72 -2.0033 -3.0820 17.1162
336  72 -1.5278 -3.5508 18.3054
360  72 -1.0480 -2.1633 12.6918
384  72 -0.5796 -4.3905 16.0702
408  72 -0.1748 -3.2989 15.7141
432  72 -0.6994 -1.0551 17.2061
456  72  0.0286 -0.4203 11.7828
480  72  1.3941  1.9406  8.7223
504  72  2.3414  0.4293 14.1923
528  72  2.0832 -0.1879 12.7361
552  72  1.1508 -0.8365 17.8064
576  72  1.7280 -1.8798 16.1611
600  72  1.0273 -4.1193 15.1370
624  72  1.6814 -3.2621 11.5086
648  72  1.3632 -0.7747 15.7210
672  72  0.5915  0.2456 16.2320
696  72 -0.4173 -1.7016 16.4603
720  72 -0.2558 -2.8964 12.6468
744  72 -0.0961 -3.9199 12.6773
768  72  0.0991 -2.1810 14.0127
792  72  0.3579 -1.1277 14.1401
816  72 -0.1971 -0.7142 14.7285
840  72 -1.7900 -0.1245 15.4473
864  72 -1.6189  0.2093 13.1062
888  72  0.5930  0.9139 14.1213
912  72 -1.0393  0.3060 16.0091
936  72 -0.0420 -1.1303 17.2892
960  72  1.5708 -2.7089 17.4918
984  72  4.7237  0.0092  7.6231
 24  96 -0.0347 -0.0105 12.6457
 48  96 -5.2014  0.6008 17.0417
 72  96 -5.6383  0.2078 16.2922
 96  96 -6.2973 -1.9871 14.0343
120  96 -7.6247 -3.6602 14.2880
144  96 -9.4197 -5.2439 10.6207
168  96 -8.5571 -8.2072 12.1110
192  96 -7.1624 -6.1233 13.6054
216  96 -5.9302 -1.8639 14.5765
240  96 -4.8974 -1.7288 16.0763
264  96 -3.1283 -2.0789 13.9837
288  96 -0.7681 -1.8673 15.3801
312  96 -0.2077 -1.3404 18.4862
336  96 -0.3417 -1.2467 18.6350
360  96 -1.0749 -2.2843 17.0737
384  96 -0.1070 -2.8166 18.2945
408  96 -0.2606 -2.8153 17.0575
432  96 -2.1754 -0.4738 13.5718
456  96 -3.6932  2.0334 16.1675
480  96 -3.6999  1.1468 12.2785
504  96 -0.0297 -1.5585 16.3331
528  96  0.1607 -1.7940 18.7794
552  96  0.1730 -0.8157 15.5661
576  96 -0.3237 -1.2937 15.3727
600  96 -0.0062 -4.1046 16.2058
624  96 -0.2208 -3.6813 13.2097
648  96  0.1066 -0.3976 13.7735
672  96  0.0056  0.4934 14.4560
696  96  0.1971  0.0338 16.7794
720  96 -0.3199 -7.8303 13.8348
744  96  0.0395 -7.7087 14.6972
768  96  1.7372 -2.8668 14.1485
792  96  1.8255 -2.6812 14.6492
816  96 -1.6677 -0.2651 12.3671
840  96 -3.0509  0.1308 14.6328
864  96 -1.8546 -0.1055 13.7515
888  96  0.0201  1.8177 13.1704
912  96 -0.2690  1.4873 14.3919
936  96  0.5786 -0.3017 16.5411
960  96  2.1953 -0.4093 17.0772
984  96  2.5917  0.0340  7.5851
 24 120 -0.0312 -0.0322 13.2206
 48 120 -2.2225  1.2932 17.1698
 72 120 -3.5337  0.8772 15.4859
 96 120 -3.9417  0.1204 15.0839
120 120 -4.9801 -2.7200 15.9760
144 120 -5.2342 -3.7114 10.2539
168 120 -7.0651 -7.3406  9.7650
192 120 -6.8780 -7.2105 13.8488
216 120 -3.8250 -2.7830 20.0181
240 120 -3.3655 -2.0323 18.0064
264 120 -2.0301 -1.8961 15.3820
288 120 -1.4388 -1.7892 18.1757
312 120 -1.2175 -1.7277 16.9424
336 120 -1.0786 -0.8053 17.4209
360 120 -1.2256 -0.1823 21.2701
384 120 -0.7393 -0.2206 17.2409
408 120 -0.4389 -0.3840 13.6952
432 120 -2.5370  0.3178 14.8925
456 120 -2.4891 -0.0136 18.0496
480 120 -1.1276 -0.8960 16.6666
504 120 -1.3840 -2.6333 16.2287
528 120 -0.4017 -1.9156 16.9802
552 120 -0.6604  0.1851 12.8848
576 120 -0.3915 -0.9729 12.5126
600 120 -0.7774 -3.1227 16.8733
624 120 -1.1282 -3.3283 15.1362
648 120 -1.6220 -2.0336 16.2185
672 120 -0.1860 -0.3147 15.3827
696 120  0.2513  0.3452 17.3542
720 120 -0.8883 -7.2860 10.8214
744 120 -0.8889 -7.0211 14.6980
768 120 -0.5898 -4.9681 14.2530
792 120 -2.6565 -2.0087 12.4107
816 120 -0.4171 -1.3649  9.9631
840 120  0.1996 -0.3481 11.9163
864 120 -1.7952  3.0835 10.3527
888 120 -4.4046  6.6981 10.1297
912 120  0.5789  3.8396 11.6017
936 120  1.1869 -0.1489 14.8502
960 120  2.1867  0.1157 15.2709
984 120  0.4605  0.0196  7.6052
 24 144 -0.0245 -0.0543 13.3293
 48 144 -1.5556  0.1948 17.8095
 72 144 -1.7654  0.3054 16.9293
 96 144 -2.1909  0.0353 14.4493
120 144 -2.3494 -1.4551 17.5756
144 144 -0.7263 -3.2036 17.9064
168 144 -0.2149 -3.3041 12.1559
192 144 -0.9816 -5.6372 12.8600
216 144 -2.2058 -4.1696 13.8844
240 144 -3.3938 -3.3593 15.0402
264 144 -1.9461 -2.1017 15.9059
288 144 -2.0443 -1.5022 17.7696
312 144 -2.5350 -0.4279 15.3013
336 144 -1.2612 -0.7753 16.8400
360 144 -0.3608  0.0165 15.6229
384 144  0.0793 -0.2185 16.9038
408 144  0.1361  2.1531 13.8651
432 144 -1.3807  1.2836 17.7054
456 144 -1.5863 -1.2635 19.4126
480 144 -1.6635 -1.7615 19.4077
504 144 -2.1773 -2.5950 15.6332
528 144 -2.5352 -3.9546 13.1919
552 144 -0.2753  0.3415 13.3906
576 144  0.3875  0.3186 12.6432
600 144  0.4868 -1.2907 13.0114
624 144 -0.3409 -2.8503 13.1747
648 144 -2.5471 -2.9626 15.8656
672 144 -0.4524 -1.6138 16.2374
696 144 -0.2659  0.0548 21.3591
720 144  0.2485 -0.3231 16.6549
744 144  0.0291 -4.6124 16.6070
768 144 -0.1828 -4.7803 15.7840
792 144  0.8653 -4.9867 13.6984
816 144  1.4345 -5.0889 12.5905
840 144 -0.1879  2.0128  8.9339
864 144 -1.7735  4.9621 13.0644
888 144 -0.6286  4.8034 11.8706
912 144  4.3439  3.2453 13.1276
936 144  4.9154 -1.2756 13.4236
960 144  3.4915 -1.0714 11.2119
984 144  4.7298 -0.0300  7.9714
 24 168 -0.0352 -0.0751 13.0739
 48 168 -1.9736 -1.0742 18.0861
 72 168 -1.9805 -0.0665 17.0547
 96 168 -1.8144  0.2684 17.4472
120 168 -1.5709 -1.5808 16.8404
144 168 -0.6922 -3.1948 22.5055
168 168 -0.2356 -3.2390 19.8741
192 168 -0.6889 -3.5945 14.6186
216 168 -1.6785 -5.8592 16.7063
240 168 -2.6620 -4.6178 16.7555
264 168 -1.9079 -1.8132 15.4032
288 168 -2.0562  0.0808 20.4485
312 168 -2.0593  0.2580 21.9027
336 168 -1.2128 -0.7521 14.3946
360 168  0.3934 -0.0189 15.3030
384 168  1.5981  0.1371 17.8177
408 168  0.8307  1.6466 15.2052
432 168  0.5957  0.8869 16.2586
456 168  0.7735 -0.5863 17.1299
480 168 -1.6646 -1.7052 15.9232
504 168 -0.2397 -1.6793 12.7252
528 168 -1.4934 -4.1259 15.2225
552 168 -1.6354 -0.8371 15.1984
576 168 -0.9272 -0.5445 15.4975
600 168  0.3261 -1.3169 14.5476
624 168  0.5521 -1.8792 12.9183
648 168 -0.4004 -1.5248 14.4073
672 168 -0.6236 -1.0797 14.5810
696 168 -0.0447 -1.7775 19.9167
720 168  0.4678 -2.6674 18.2407
744 168  1.5362 -2.8372 16.0383
768 168  2.5700 -3.7465 15.0107
792 168  3.0606 -6.0741 16.3947
816 168  1.9585 -6.0306 12.2540
840 168 -0.8426  0.1507 11.6595
864 168 -0.2905  3.7031 12.7549
888 168  0.4428  3.8291 13.5593
912 168  4.6984  0.2043 12.1952
936 168  4.6664 -1.1716 13.1451
960 168  3.4642 -1.7666 15.6869
984 168  4.7929 -0.0771  7.9995
 24 192  0.0056 -0.1047 12.6058
 48 192 -2.8031 -1.7484 15.4557
 72 192 -3.7576 -0.2012 14.4402
 96 192 -2.3928  0.2892 14.6621
120 192 -2.6587 -1.5396 14.9636
144 192 -2.8069 -2.6293 14.4491
168 192 -0.9335 -2.9027 19.6902
192 192 -0.9523 -3.8666 15.7251
216 192 -2.6067 -2.9893 12.3982
240 192 -3.8044 -4.4482 13.8050
264 192 -4.3392 -1.8661 14.0809
288 192 -2.5358  0.3606 19.1066
312 192 -2.8308  0.6992 22.1292
336 192 -0.4618 -0.1437 17.7539
360 192  1.3498 -0.4981 17.7834
384 192  1.2883  0.3059 15.9102
408 192  1.1091  0.9681 20.2193
432 192  1.4943  0.3792 22.9225
456 192  0.3880 -0.1415 17.1398
480 192 -3.3080 -4.8444 13.7099
504 192 -3.8067 -6.2523 11.7614
528 192 -0.0211 -1.9490 14.2489
552 192 -1.5410 -1.0090 15.6444
576 192 -1.6819 -0.7169 18.3552
600 192 -0.9005 -1.7322 16.6040
624 192  1.2623 -2.2185 15.0509
648 192  2.9226 -0.0780 16.7293
672 192  2.7546  0.0863 14.1552
696 192  0.6501 -1.7996 17.0036
720 192  0.4216 -3.8536 18.2046
744 192  2.0181 -3.3656 16.3341
768 192  3.1140 -3.3101 16.6689
792 192  2.9666 -5.2576 12.4634
816 192 -0.9096 -3.8856 12.8672
840 192 -0.8500 -0.7055 13.7469
864 192  0.5693  1.8786  9.2713
888 192  1.0340  2.2688 10.7812
912 192  2.8996  0.6947 12.5935
936 192  4.7346 -0.6213 12.8899
960 192  4.0353 -0.4297 15.2637
984 192  4.7844 -0.0021  7.9293
 24 216  0.0046 -0.1472 12.3482
 48 216 -3.2177 -1.2090 19.6895
 72 216 -5.1415 -0.1063 15.2247
 96 216 -4.9238 -0.2686 15.8692
120 216 -4.5178 -2.2230 13.7787
144 216 -3.7819 -2.5469 20.9513
168 216 -4.5016 -1.9800 16.8332
192 216 -5.2042 -1.5698 17.2754
216 216 -4.3753 -0.1035 14.5463
240 216 -4.7049  0.3878 12.7253
264 216 -5.2355 -0.2955 15.2161
288 216 -4.9572 -0.7405 14.4985
312 216 -2.9926  0.2188 15.9035
336 216 -1.9414 -0.4329 13.3486
360 216 -1.0383 -0.9412 16.7423
384 216 -0.7375 -1.1562 15.4234
408 216  0.1979 -0.7855 17.8603
432 216  0.9502  0.0183 18.1238
456 216 -0.0063 -0.3599 15.9525
480 216 -3.5280 -4.6784 16.9073
504 216 -4.2223 -4.8223 14.6747
528 216 -0.3244 -0.7345 12.4779
552 216 -0.6580 -0.3665 13.4744
576 216 -1.3823 -0.6310 16.5428
600 216 -1.4403 -1.9463 16.9927
624 216  0.8145 -1.8662 15.3105
648 216  1.3696 -0.2673 16.0341
672 216  2.6485  0.1535 18.1141
696 216  3.0952 -0.0772 16.2294
720 216  2.5838 -0.9044 12.1938
744 216  2.8263 -1.7345 13.6976
768 216  2.8123 -2.1011 14.3352
792 216  0.0942 -2.7978 13.8032
816 216 -0.9949 -2.9004 17.9713
840 216 -1.8222 -2.8205 15.5180
864 216  1.0509 -2.8426  6.8160
888 216 -14.9740  3.1179  5.6683
912 216 11.2523  2.6779  8.6891
936 216  8.1899  1.0349 15.5285
960 216  5.4838 -0.0477 15.8423
984 216  4.8171 -0.0042  8.0113
 24 240 -0.0359 -0.1036 12.2702
 48 240 -3.2071 -1.8654 15.9083
 72 240 -3.1395 -0.9151 14.6448
 96 240 -3.5105 -0.5096 15.3610
120 240 -4.7272 -3.4673 14.5506
144 240 -4.1033 -3.8173 16.3313
168 240 -2.8139 -0.2106 16.4857
192 240 -3.6814  0.1587 16.2519
216 240 -4.7522  0.3847 15.3721
240 240 -4.3222  0.7357 12.0844
264 240 -4.9003 -0.1297 14.2184
288 240 -4.4115 -0.7393 15.5274
312 240 -3.5617 -1.9949 14.8616
336 240 -0.1864 -2.3345 10.5201
360 240  1.2812 -1.7348 15.2746
384 240  0.2039 -1.1732 17.5365
408 240 -0.1753 -1.0223 16.3830
432 240  0.3186 -0.6570 19.0023
456 240  0.3095 -0.9320 17.1142
480 240 -0.6271 -3.0232 13.1002
504 240 -1.8537 -3.2318 11.4402
528 240 -4.2768 -1.7858 10.3886
552 240 -0.4128  0.1595 11.8948
576 240 -1.7071 -0.9349 14.8820
600 240 -2.1585 -2.6800 15.7109
624 240 -3.1192  0.2428 14.9021
648 240 -2.4757 -0.2834 16.3953
672 240 -0.2141 -0.1085 14.0588
696 240 -0.0427  0.0893 15.1954
720 240  0.4981  0.2787 16.2171
744 240  2.5027  1.2615 14.4102
768 240  0.7422  0.1797 14.2394
792 240 -0.2771 -0.0305 13.9319
816 240 -0.4707 -0.7326 19.2369
840 240 -0.2041 -2.1954 15.9602
864 240  1.8047 -4.4390 14.0409
888 240  4.0631 -5.7187 14.0003
912 240  3.2228 -4.6969  6.8269
936 240  6.1919  0.4722 11.0116
960 240  5.9321  0.1923 15.0104
984 240  4.7920 -0.0269  7.8558
 24 264 -0.0358 -0.0971 12.4672
 48 264 -2.9007 -2.4094 15.4925
 72 264 -1.7097 -0.4273 17.7153
 96 264 -1.6247  0.2187 21.2539
120 264 -2.9854 -1.0377 13.8170
144 264 -4.2130 -5.0850 13.4906
168 264 -1.9069  0.0289 15.5228
192 264 -2.7761  0.6189 18.1602
216 264 -1.3970  0.1920 17.6070
240 264 -1.7750  1.0255 15.5563
264 264 -0.7207  1.5405 15.3085
288 264 -1.6049 -0.0577 12.4151
312 264 -0.5767 -3.9600 14.1486
336 264 -0.8299 -3.8427 15.1113
360 264  1.2212 -2.1025 18.7793
384 264  0.1407 -0.1700 17.0106
408 264 -0.0964 -0.1828 16.7542
432 264 -0.5340 -1.0940 15.6733
456 264 -0.1489 -1.6058 12.1959
480 264 -1.1624 -3.0814 12.0069
504 264 -1.8398 -2.7746 11.0165
528 264 -6.5709 -1.3181 13.1559
552 264 -9.6949 -2.0172  9.6891
576 264 -7.8795  0.8810 10.9037
600 264 -7.1900  0.3221 14.0465
624 264 -6.8957  0.3319 14.1572
648 264 -3.0041  0.1113 14.9254
672 264 -0.2696 -0.0636 16.0236
696 264  0.0925  0.0251 17.5696
720 264  0.9226  0.7992 16.7171
744 264  2.0409  1.6739 17.7127
768 264  1.0192  2.0334 15.4966
792 264 -0.2437  1.0440 14.9544
816 264 -0.1809  0.4674 15.8023
840 264  1.2443 -1.5538 14.7257
864 264  2.3482 -3.9944 18.1814
888 264  2.7489 -5.1101 13.0401
912 264  0.7519 -2.2742 11.8476
936 264  0.4802 -0.6160 16.6368
960 264  2.8859  0.0033 15.2482
984 264  4.7797 -0.0938  8.0098
 24 288 -0.0052 -0.1006 11.8271
 48 288 -1.7990 -2.2017 13.8592
 72 288 -2.2268  0.1671 13.6362
 96 288 -0.2965  1.4296 18.1294
120 288  0.3515  0.5651 20.7842
144 288 -2.3744 -7.7068 14.6642
168 288 -2.9290 -8.2338 12.5352
192 288 -1.0034  0.0361 18.4670
216 288 -0.8902 -0.0300 17.1814
240 288 -1.7736  2.8090 13.5345
264 288 -0.6962  4.7502 16.2597
288 288  0.8182  2.7215 12.8800
312 288  1.7954 -0.8075 14.8568
336 288 -1.1283 -2.8622 12.3537
360 288  0.0115 -2.5195 18.7139
384 288 -1.4994  0.2012 19.2426
408 288 -1.4094  0.2338 17.6956
432 288 -1.3220 -0.6790 17.4968
456 288 -1.8868 -2.5522 14.4115
480 288 -3.7853 -5.0473 19.1364
504 288 -4.0759 -3.0315 10.9468
528 288 -8.0223  0.1538 14.4150
552 288 -8.7544  0.0719 11.4095
576 288 -9.1093  1.6651 14.8957
600 288 -7.4076  2.2659 15.3611
624 288 -6.8968  0.8588 14.0320
648 288 -5.6692 -1.0608 14.7054
672 288 -2.8562 -0.0852 15.8804
696 288  0.1521  0.2902 14.1692
720 288 -0.1186  0.6979 16.4774
744 288  1.1213  1.9594 19.0194
768 288  1.1722  1.9339 17.5590
792 288  0.3992  0.2106 17.1015
816 288  1.5242 -0.1969 17.2775
840 288  2.5336 -1.4202 18.5404
864 288  2.8664 -2.0780 14.1205
888 288  3.2425 -3.9153 13.0267
912 288  1.5127 -2.7461 13.3014
936 288  0.7248 -1.1266 16.1663
960 288 -0.2302 -0.7889 16.3586
984 288  0.4871 -0.1139  7.5439
 24 312  0.0070 -0.0139 12.1636
 48 312 -5.2579  0.1711 15.7567
 72 312 -3.3779  2.1938 16.0922
 96 312 -0.3152  1.3653 14.0541
120 312  0.7404  0.7679 15.4516
144 312  2.1270 -1.1728 13.1446
168 312  2.2189 -1.2989 13.1736
192 312  0.4897 -0.2402 15.5943
216 312 -1.3321 -0.0265 15.9166
240 312 -2.9791  2.4052 14.5082
264 312 -0.6476  3.8703 12.7840
288 312  0.8070  2.6314 13.7692
312 312  1.9406  0.3983 15.0922
336 312  2.6143 -0.2037 16.7627
360 312  0.4234 -0.3176 19.4680
384 312 -0.6387  0.3133 13.5791
408 312 -0.9541  0.2166 16.2457
432 312 -1.3136 -0.2976 17.7033
456 312 -2.1991 -1.9202 19.7122
480 312 -4.0306 -4.7624 14.6951
504 312 -12.0501  5.2138 10.7405
528 312 -8.1186  0.5606 14.6568
552 312 -7.4020  0.3856 15.0898
576 312 -9.8707  0.1454 11.6670
600 312 -8.7692  4.0703 10.2801
624 312 -6.0606  3.9851 13.0822
648 312 -4.5447 -0.9017 15.5108
672 312 -3.3239 -0.2954 17.0410
696 312 -1.8695  0.8338 13.4984
720 312 -2.6214 -0.2592 14.4371
744 312 -2.1086 -0.6107 19.2329
768 312 -0.0077  0.4470 16.2412
792 312  0.9450 -0.0053 13.3585
816 312  2.3452 -0.7164 19.1593
840 312  3.0945 -1.4643 16.5600
864 312  4.9566 -2.1876 14.6815
888 312  4.9857 -3.0570 12.9534
912 312  1.7247 -1.3094 12.6961
936 312  0.2878 -0.8614 16.0733
960 312 -0.6610 -0.8222 22.8147
984 312  0.4233 -0.1487  7.4488
 24 336  0.0063 -0.0060 12.6741
 48 336 -4.3508 -1.0300 13.3396
 72 336 -3.0769  1.4696 12.5912
 96 336 -1.8812  1.7198 13.9314
120 336  0.8417  0.5123 13.1527
144 336  4.1838 -4.2092 14.0896
168 336  2.2823 -1.6858 13.8734
192 336  0.6232 -0.3634 16.6214
216 336 -3.1638  2.2339 16.3408
240 336 -3.2164  2.6015 18.4347
264 336 -1.1262  2.1285 13.7211
288 336  0.0928  2.0097 14.5966
312 336  0.4624  0.7121 14.6444
336 336 -0.0822  0.1387 20.7389
360 336  0.0590  0.0279 18.2830
384 336 -0.4060 -0.0647 15.7977
408 336 -0.5791 -0.0630 18.2392
432 336 -1.0778 -0.6295 15.7987
456 336 -2.4027 -1.8887 20.9755
480 336 -1.6348 -1.9876 19.3521
504 336 -2.1751  2.9354  9.1358
528 336 -3.9995  1.3061 16.0576
552 336 -4.4274  0.8073 16.3883
576 336 -4.5782 -1.0504 16.2568
600 336 -2.9003  0.3719 12.0338
624 336  0.1239  2.4440 15.3373
648 336  2.5341  0.9727 18.0477
672 336  2.0640  2.1357 20.9247
696 336 -0.5819  3.5801 13.1986
720 336 -2.8084 -0.2758 17.6421
744 336 -2.2768 -1.0047 23.2323
768 336 -0.4756 -1.5319 17.9621
792 336  1.0944 -0.3723 13.9170
816 336  1.8594 -0.4679 15.5839
840 336  3.8973 -1.2551 18.2175
864 336  5.3995 -1.3628 14.3262
888 336  5.2597 -0.1415 10.1345
912 336  2.8341  1.2598 11.6922
936 336  1.2212 -0.2036 16.2324
960 336  1.2199 -0.1227 15.9643
984 336  2.7474  0.1391  7.8221
 24 360  0.0352 -0.0575 10.8738
 48 360 -1.7237 -3.5883 13.0389
 72 360 -2.5529  0.1351 13.6484
 96 360 -1.7690  1.6289 15.5774
120 360  0.1149  0.2295 13.7697
144 360  0.0071 -1.0957 12.5729
168 360 -0.3539  0.0232 16.4373
192 360 -0.0990  1.0194 13.5165
216 360  0.2521  2.7937 14.0036
240 360 -0.4201  2.2021 11.7964
264 360 -1.4878  1.0325 15.0441
288 360 -0.5363  0.7669 15.0710
312 360  0.1414  0.8228 18.6350
336 360 -0.3246  0.4985 21.9896
360 360 -0.4055  0.3425 19.9015
384 360 -0.8702 -0.0673 19.6528
408 360 -0.7762 -0.1756 20.2109
432 360 -1.6803 -0.3075 15.3196
456 360 -4.8314 -1.1004 17.6603
480 360 -5.0811 -0.9642 18.5642
504 360 -2.0522  3.8119 13.8449
528 360 -2.0479  1.8790 20.0444
552 360 -2.5611  1.7254 19.8611
576 360 -2.2347 -0.4602 18.5012
600 360 -2.9966  0.1078 13.0909
624 360 -0.0822  1.4483 15.3518
648 360  2.6667  2.1053 18.6462
672 360  2.3445  3.0854 15.7781
696 360  1.4425  4.2067 12.8335
720 360 -2.2083  1.1920 15.1040
744 360 -2.9668 -0.6987 17.4595
768 360 -0.6228 -1.8649 18.4026
792 360  0.0743 -1.5936 15.2931
816 360  0.9099 -0.3213 13.7475
840 360  3.1472  0.4305 16.1289
864 360  1.4821 -0.5709 12.7002
888 360  1.0739  1.8639 14.8459
912 360  2.4696  3.0109 12.1484
936 360  2.9485  2.8477 13.0069
960 360  2.1778  2.8367 13.2445
984 360  2.2615  0.1669  7.8040
 24 384  0.0049 -0.0715 11.7907
 48 384 -1.1298 -4.6695 14.1486
 72 384 -2.7565 -3.5690 12.6468
 96 384 -0.2588 -0.2139 14.5079
120 384  0.0241 -0.6481 16.6652
144 384 -1.1294 -1.6006 12.0592
168 384 -0.3751  0.2752 13.4348
192 384  0.3109  2.1888 16.7143
216 384  2.1437  2.3841 16.7396
240 384  2.6372  0.4326 14.9795
264 384 -0.8818  1.2788 14.7010
288 384 -1.0256  0.9889 17.5671
312 384 -0.8300  0.3167 18.1579
336 384  0.3557  0.5484 19.7476
360 384  0.0901  1.2140 18.5838
384 384 -0.1346  0.7751 21.7616
408 384 -0.7690 -2.0670 21.5001
432 384 -3.9328  0.9282 18.3545
456 384 -4.2132  1.3542 17.2812
480 384 -4.3000  1.4247 17.7258
504 384 -1.2586  3.1695 18.9477
528 384 -1.6914  2.5426 17.8089
552 384 -1.8605  1.4512 19.3791
576 384 -1.3066  0.3306 16.9878
600 384 -1.2491  0.1691 17.9818
624 384 -0.8165  1.7956 15.1804
648 384  2.7385  3.8075 21.2314
672 384  2.9094  4.8667 16.4075
696 384  2.2565  7.5363 14.2162
720 384  1.8538  5.9105 14.2581
744 384 -2.1780 -0.8859 13.4086
768 384 -1.0433 -1.1681 15.6594
792 384  0.0128 -0.2145 19.2454
816 384 -0.1771  1.3792 19.2766
840 384  0.7313  2.9883 16.7715
864 384  0.7633 -0.0346 16.2161
888 384  0.7100  0.1207 13.9400
912 384  1.0445  1.8698 10.6778
936 384  1.6964  3.6300 12.3225
960 384  0.9224  4.6613 17.4048
984 384  4.6337  0.0487  7.4530
 24 408 -0.0028 -0.1195 12.8508
 48 408 -1.9239 -3.6795 18.5287
 72 408 -2.1389 -3.0103 16.9183
 96 408 -1.8647 -2.5510 21.1869
120 408  0.0094 -0.1952 18.5347
144 408  0.0723  1.4849 15.5310
168 408 -0.0056  0.6564 16.6220
192 408  0.3491  1.7146 15.7611
216 408  1.6023  1.1192 16.3464
240 408  0.4115  0.1786 18.1380
264 408 -0.0501  1.7694 16.6662
288 408 -0.5802  1.8020 16.2136
312 408 -0.1295  0.0271 18.8225
336 408  0.2705 -0.6793 22.3784
360 408 -0.1635 -0.2703 19.1492
384 408  0.1229  0.8016 20.1687
408 408 -6.0041 -2.0761 12.0766
432 408 -6.8342  0.1461 16.4817
456 408 -3.4963  3.2069 16.8402
480 408 -3.4629  3.1405 18.6990
504 408 -2.8225  2.1471 19.4753
528 408 -2.3778  2.7540 16.0974
552 408 -2.0834  1.8447 21.9294
576 408 -2.0342  1.5309 20.3186
600 408 -2.1473  1.3166 16.8495
624 408 -1.1994  2.1513 16.4422
648 408 -0.6454  3.8815 14.1620
672 408  2.1189  5.8846 11.5009
696 408  3.8326  9.4519 14.1300
720 408  2.4466  7.7973 13.0255
744 408 -0.5490  0.1791 15.2391
768 408 -1.6269 -0.2224 15.0793
792 408 -2.6913  0.2105 15.0448
816 408 -2.8685  2.0139 18.8793
840 408  0.0018  3.0977 15.0322
864 408  0.4635 -1.1932 20.9151
888 408  0.1454 -0.9787 15.7542
912 408  0.3140  0.2234 10.4272
936 408  2.8796  4.5299 11.8476
960 408  2.7884  5.0816 13.3654
984 408  4.7434  0.0996  7.4681
 24 432  0.0112 -0.0773 12.0457
 48 432 -0.2309 -1.0823 17.3439
 72 432 -1.6076 -2.0403 18.0269
 96 432 -1.6395 -1.9028 20.4602
120 432  0.0796 -0.0776 15.4462
144 432  0.9455  1.1861 17.7181
168 432  1.3282  1.0625 20.0170
192 432  1.9698  0.9497 12.0077
216 432  0.4565 -0.1564 16.3608
240 432  0.2460 -0.2175 20.6227
264 432  0.0366  0.3156 16.5806
288 432  0.9349  1.4001 18.5562
312 432  0.7990  0.0885 19.7432
336 432 -0.0779 -0.5506 15.3774
360 432 -4.8002  0.4432 19.1432
384 432 -4.5245  0.8943 18.2609
408 432 -6.8653  0.1543 15.7788
432 432 -6.9392  0.1068 17.1741
456 432 -4.7718  1.9077 14.4603
480 432 -3.2266  2.3689 17.1251
504 432 -2.8709  0.7176 19.4129
528 432 -4.0641  1.9034 12.3223
552 432 -4.1385  2.0322 17.2165
576 432 -3.3389  1.9029 18.0769
600 432 -3.0195  2.0472 18.3105
624 432 -1.8169  1.6079 17.0846
648 432 -0.5840  1.8555 14.0290
672 432 -0.1750  2.0897 13.4014
696 432  9.5384  7.9229 14.9671
720 432 10.3953  7.8462 12.0831
744 432 -0.1473  1.2810  7.7585
768 432  1.2037  1.0658 12.3031
792 432  0.5577  2.0955  9.3018
816 432 -6.1528  2.7537 11.7535
840 432 -5.7871  0.1900 15.2763
864 432  0.3559 -1.0689 23.7980
888 432  0.1923 -0.9274 19.2627
912 432  2.1618  1.9935 12.8571
936 432  2.9825  3.9600 11.4617
960 432  5.9695  5.0160 13.0963
984 432  4.6689  0.1443  7.6086
 24 456 -0.0022 -0.1286 10.5805
 48 456 -0.0883 -1.6699 16.3790
 72 456  0.1421 -0.5686 19.0927
 96 456  0.2767  0.0076 19.9970
120 456  0.5678  0.4134 15.8149
144 456  0.4969  1.1315 14.8583
168 456  0.5966  1.1084 17.7013
192 456  1.6179  2.8203 14.5310
216 456  0.0390 -0.0031 14.4013
240 456  0.8185  0.2072 19.6657
264 456  2.7864  0.1258 16.2742
288 456  2.6621  0.5145 21.0023
312 456  1.8043 -0.2328 19.1149
336 456  0.7915 -1.7784 17.8716
360 456 -5.3687  0.3319 17.8036
384 456 -4.3163  0.9847 14.1176
408 456 -6.0844  0.9241 12.1538
432 456  2.2292 -0.2094 10.4671
456 456  4.6839  2.1838 17.8646
480 456  5.3060  2.0128 16.1738
504 456  2.9501 -2.5419 12.0456
528 456 -3.9813  1.8958 14.8839
552 456 -4.6603  3.2445 15.7833
576 456 -4.3279  2.9166 13.1351
600 456 -2.9551  1.6779 14.1913
624 456 -2.8678  0.4140 19.3071
648 456 -2.0347  1.0199 14.7188
672 456  0.2988  1.0400 14.3122
696 456  2.1178  0.6968 16.1725
720 456  1.9801  0.4438 14.5229
744 456  2.0813  0.1374  6.4622
768 456  1.6867  2.2638 10.7955
792 456  2.5820  8.2820  8.9902
816 456 -3.3482  7.3284 12.5784
840 456 -1.9393 -0.0752 16.6012
864 456  0.1495 -0.5458 17.9635
888 456  0.6363 -1.2503 14.2925
912 456  2.2540  0.9293 14.9950
936 456  1.9513  2.8654 16.2359
960 456  3.9501  4.2643 11.4628
984 456  0.4502  0.0360  7.3167
 24 480 -0.0158 -0.0720 11.9064
 48 480  0.8991 -0.4232 14.7853
 72 480  0.5867  0.4760 16.7920
 96 480  0.0916  1.7065 18.7662
120 480  0.1512  2.5865 15.2838
144 480 -0.2862  2.5138 17.8238
168 480 -0.1700  1.2450 21.6876
192 480 -0.4777  0.8413 19.0103
216 480 -0.2115  2.0258 17.9168
240 480  0.5415  1.8274 13.9477
264 480  3.1876  0.2944 18.3326
288 480  3.7903  0.3668 15.9548
312 480  6.0513  0.6985 16.3187
336 480  6.1720  0.3648 16.5380
360 480  6.9032  1.2638 11.9824
384 480 -1.0203  2.3307 13.3385
408 480 -1.1101  2.1704 15.8577
432 480  0.9466 -0.6868 14.7534
456 480  4.5404  2.0223 16.3959
480 480  5.5470  2.1947 19.4380
504 480  2.7713  0.1481 12.3689
528 480 -2.3536 -0.9063 12.6337
552 480 -2.0325  1.0926 11.4237
576 480 -6.5296  5.2986 11.4050
600 480 -4.2313  4.3789 13.1740
624 480 -5.1119 -0.0014 14.3522
648 480 -4.8691  0.0601 18.2495
672 480  0.1807  0.5904 13.9433
696 480  1.9426  0.2235 17.1531
720 480  1.1454  1.6573 15.3901
744 480  1.0574  0.9380 12.8107
768 480 -1.9257 12.1277  9.1750
792 480 -5.9290 11.7807  6.5147
816 480  2.8510  4.3954  9.3318
840 480 -0.2317 -0.2877 17.6328
864 480 -0.3095 -0.2235 19.3359
888 480 -0.4144 -0.2293 17.5497
912 480  1.9413  0.2995 12.4347
936 480  2.2570  1.1661 11.8193
960 480  4.9843  4.2656 11.8122
984 480  4.7430  0.0805  7.7519
 24 504 -0.0271  0.0298 12.4739
 48 504  0.2764  1.7649 15.9366
 72 504  0.3288  1.6197 18.8241
 96 504  0.1214  2.6818 18.8310
120 504  0.1643  3.6978 14.4113
144 504 -0.6539  3.0466 12.9057
168 504 -1.1565  1.4131 17.1453
192 504 -0.7930  1.3659 20.1569
216 504 -0.6338  2.4864 18.2246
240 504  0.1653  1.7955 16.6002
264 504  4.7186  0.4657 17.0753
288 504  5.4027  0.1425 16.6957
312 504  6.1829  0.6763 17.2152
336 504  6.2228  1.1877 20.1821
360 504  4.9410  1.3840 18.0190
384 504  1.6075  0.9461 18.1773
408 504  1.1718  1.0053 17.0874
432 504  0.7080 -0.7605 11.8743
456 504  3.0672  0.0706 17.8322
480 504  3.3858  0.2548 19.7453
504 504  1.4497 -0.2894 13.8362
528 504 -1.3220 -1.9696 13.1743
552 504  0.1422 -0.3196 11.1349
576 504 -0.9189  4.4136 15.1348
600 504 -1.0428  4.3181 13.3687
624 504 -5.5301 -0.2233  9.2568
648 504 -5.6000 -0.4145 13.5853
672 504 -0.5199 -2.2761 11.5250
696 504 -2.0500 -5.6449 17.7338
720 504  0.1768 -0.7740 13.9909
744 504  1.0776  0.7266 15.4947
768 504  0.8971  4.9497 11.1645
792 504  3.1104  5.1061 11.4888
816 504  1.4876  2.5159 13.1113
840 504 -0.2598  1.0584 14.0589
864 504 -2.1226  0.2563 18.3933
888 504 -1.7091 -0.2025 16.9488
912 504  3.2896  1.0116 14.1887
936 504  4.1701  2.5240 12.0980
960 504  4.3224  7.2908 13.1220
984 504  4.7272  0.0133  7.9527
 24 528 -0.0232 -0.0007 12.4226
 48 528 -0.1927  1.5725 14.4466
 72 528 -0.1926  1.3103 20.0149
 96 528  0.0873  2.5274 14.5335
120 528 -2.2323  5.8691 15.3000
144 528 -2.0318  5.1173 12.4139
168 528 -2.2147  2.1062 12.3378
192 528 -0.1669  1.8293 13.1047
216 528  0.1147  2.1288 15.4741
240 528  1.5697  0.8532 15.8540
264 528  3.7373  0.8604 11.9248
288 528  5.2806  3.7970 12.3589
312 528  0.7132  0.8125 12.4163
336 528  2.5362  1.3319 14.2094
360 528  0.1272  1.6315 19.0136
384 528 -0.3679  0.4367 22.5225
408 528 -0.3606  0.2254 19.5214
432 528 -0.2414  6.2844 12.3171
456 528  2.5930  1.2944 17.6813
480 528  3.3565  1.3319 19.5331
504 528  2.0397  0.0852 13.6155
528 528  1.9356 -1.3395 12.6307
552 528  0.6800 -0.0287 16.3448
576 528  2.4038  3.9066 17.3512
600 528  1.9508  3.1949 14.6373
624 528  1.2061  1.9588 13.7337
648 528 -0.0809  0.3873 13.4109
672 528  0.5229 -1.5386 10.7871
696 528  0.2637 -4.9906 11.7744
720 528  2.4009 -4.0421 13.0141
744 528  1.9014  3.7901 11.7494
768 528  2.1850  3.1321 12.2186
792 528  4.5410  3.2895 13.2181
816 528  2.5217  3.9234 12.8141
840 528 -1.7599  1.9470 14.2203
864 528 -2.8743  1.6578 17.5670
888 528 -3.8403  0.3063 12.5681
912 528  5.0114  2.6243 13.4044
936 528  3.2321  4.6927 11.8111
960 528  1.8366  4.2079  6.9961
984 528  4.7777  0.0040  8.2907
 24 552 -0.0384 -0.0773 13.4497
 48 552 -1.6531  1.4263 18.8961
 72 552 -2.5566  1.9634 17.1204
 96 552 -2.4019  4.8599 13.4535
120 552 -1.9616  4.6455 16.0797
144 552 -0.8513  5.4114 13.6048
168 552  0.0188  4.6368 11.4297
192 552  0.2621  3.1216 14.3704
216 552  1.7073  1.3498 15.8352
240 552  1.8541  1.3930 15.0306
264 552  4.0377  4.8662 14.4352
288 552  4.3911  5.2670 17.2349
312 552  3.6978  5.0720 12.4544
336 552  1.5248  2.0798 19.1319
360 552  1.1675  1.5468 21.2107
384 552 -0.1097  1.4662 20.0934
408 552 -1.3194  3.4018 13.3776
432 552 -1.4666  6.5271 15.2614
456 552  1.6030  1.9905 13.5574
480 552  2.3816  2.2425 15.0787
504 552  1.3841  3.3669 12.8948
528 552  1.4920  1.2358 14.7033
552 552  3.5996  1.2863 18.0543
576 552  4.2026  2.0293 18.6044
600 552  1.7545  0.9072 15.2774
624 552  0.8672 -0.0288 18.3237
648 552  0.3177  0.1942 17.2135
672 552 -0.0998 -0.4588 13.8782
696 552  0.9832 -4.1188  9.7421
720 552  1.4928 -4.3318  7.8877
744 552  0.5880  1.1267  9.1985
768 552  2.1316  2.0702 13.6447
792 552  3.0664  1.3024 11.0925
816 552  1.5668  4.8218  8.9062
840 552  0.7965  4.7300 12.4440
864 552 -2.0398  1.7877 12.3380
888 552 -3.2653  0.1085 14.7947
912 552  3.8766  0.9989  7.5124
936 552  1.6140 11.4924  9.6608
960 552  3.1064 11.9376 11.2115
984 552  4.8749  0.0709  7.9174
 24 576 -0.0344 -0.0866 13.0083
 48 576 -2.8756  2.1238 20.7984
 72 576 -3.1052  2.5902 18.4408
 96 576 -2.2920  5.9884 16.8650
120 576 -1.8048  5.8085 14.4974
144 576 -0.2530  4.5475 12.5232
168 576  2.8239  3.0232 14.2009
192 576  3.6701  2.0387 14.6431
216 576  5.9645  3.9611 12.9958
240 576  8.3775  3.4787 16.2171
264 576  9.2814  5.6320 11.9271
288 576  5.4776  4.7759 15.2346
312 576  4.6150  4.8256 11.5301
336 576  2.2617  2.0847 14.4375
360 576  1.0542  2.3030 20.5525
384 576 -0.1923  4.0146 17.9784
408 576 -0.5537  4.8662 15.9842
432 576 -1.7907  4.3766 15.9661
456 576 -0.3756  3.4469 17.9175
480 576  1.1778  2.6903 17.1922
504 576  2.1762  2.3287 14.4065
528 576  2.4540  1.7788 15.7332
552 576  4.3326  1.8030 19.4569
576 576  4.2609  2.0631 13.7824
600 576  1.5894  0.9631 22.0839
624 576  1.1063 -0.0999 20.4762
648 576  0.7969 -0.6107 11.6251
672 576  3.1531 -4.7573 11.2549
696 576  2.2243 -4.3428 10.9678
720 576 -2.9006 -3.1978  8.9731
744 576 -1.8867 -0.1293 13.8878
768 576  1.0320  0.1365 13.4847
792 576  0.8655  0.8250 10.1319
816 576  1.3287  4.9246  9.3567
840 576  1.8284  6.0834 14.3624
864 576 -0.1350  5.5896 11.4863
888 576 -4.9271  2.6109  9.7463
912 576 -4.6846  0.8424 13.3528
936 576 -5.0371  1.2725 14.8384
960 576  4.0586 12.0824  9.3199
984 576  4.7765  0.0034  7.2621
 24 600 -0.0186 -0.0338 12.6778
 48 600 -1.3876  1.8764 17.6784
 72 600 -1.2675  2.2655 16.8936
 96 600 -0.1285  8.6885 15.0868
120 600 -0.3560  5.2574 11.6869
144 600 -0.2065  3.9828 13.5285
168 600  0.3349  1.4260 15.6325
192 600  3.2934  1.6405 15.7425
216 600  6.3649  3.7207 12.7232
240 600  8.9097  4.2633 21.1355
264 600 10.1659  6.9097 17.9423
288 600  7.5464  3.9083 16.2103
312 600  4.9527  4.0787 13.7489
336 600  1.5573  5.3245 13.3097
360 600  0.3419  4.6679 18.5313
384 600 -0.2934  4.3737 15.6362
408 600  0.0014  3.7444 16.9065
432 600 -0.4648  2.9298 17.4897
456 600 -0.0043  1.1909 15.1961
480 600  0.9365  1.7877 16.4718
504 600  1.6966  2.0327 15.2833
528 600  1.9537  1.1493 14.6470
552 600  2.9143  1.8449 13.5810
576 600  3.8259  2.9028 11.2236
600 600  1.5870  0.7815 13.6611
624 600  1.1896 -0.0631 12.4935
648 600  0.9550 -4.8364  6.5410
672 600  4.0314 -4.5390  8.3136
696 600  5.2441 -2.3065 10.9155
720 600  4.8231 -2.0875  8.0126
744 600 -2.1336  0.0271 10.7675
768 600 -0.2296  0.8647 10.2604
792 600  0.3198  3.2278 12.9399
816 600  1.9488  7.1769 10.5451
840 600  3.3285  9.3446 14.6999
864 600  0.1356  6.9661 14.2826
888 600  0.2488  7.6139 11.7620
912 600 -5.6986  1.9685 15.6177
936 600 -5.0327  2.0666 20.6961
960 600  0.5771  6.1144 13.1541
984 600  4.6972  0.0129  7.4595
 24 624 -0.0050 -0.0152 12.4005
 48 624 -1.1877  1.2205 14.4216
 72 624 -1.1725  1.7289 13.5537
 96 624 -0.0540  8.6518 12.2524
120 624  0.6103  5.0968 11.1681
144 624  0.5647  4.2571 13.3691
168 624 -0.1605  1.6889 20.4817
192 624 -0.0583  2.5713 18.0031
216 624  1.3429  2.0985 13.0566
240 624  8.7098  3.9940 13.3408
264 624  9.3817  6.2089 11.0307
288 624  7.5685  3.8165 13.1119
312 624  2.6081  2.6980 11.3144
336 624  3.4157  1.2578 11.0809
360 624  2.9189  3.8284 14.9480
384 624  2.9646  2.3453 16.8723
408 624  2.2338  2.7847 17.1873
432 624  1.0659  1.0556 17.3795
456 624  0.5244  0.0624 20.3043
480 624 -0.5191  5.7990 12.7495
504 624  2.8927  1.8239 13.5392
528 624  2.8601  2.1068 12.3898
552 624  2.3938  0.3928 11.6398
576 624  2.8824 -0.0426 17.1224
600 624  2.2215 -0.3103 15.1452
624 624  1.1391 -1.9072 11.7943
648 624 -3.0413 12.0087 10.0267
672 624 -8.3256 12.9197  8.0446
696 624  3.6087  0.9544 11.1802
720 624  3.8206  5.4613 10.9498
744 624  4.2190  9.6196 12.1243
768 624  3.5615  9.8702 10.1945
792 624  0.6987  6.0804 18.2455
816 624 -0.0341  6.1132 14.4341
840 624 -5.2915 12.1736 10.7134
864 624 -4.5875 12.5256 17.3322
888 624 -5.1050 13.3201 13.5919
912 624 -0.4408  4.3223 12.6395
936 624  5.8049  0.0148  8.9955
960 624  1.9344  5.5963  8.7693
984 624  4.6697  0.0831  7.5374
 24 648 -0.0034  0.0392 12.3154
 48 648 -4.1787  1.7525 18.6348
 72 648 -4.1869  0.3410 18.4087
 96 648 -3.9142  0.6570 12.3187
120 648  1.6845  4.9885 10.9733
144 648  1.3025  4.5075 15.9013
168 648  0.3637  3.0725 17.9861
192 648  0.0763  2.7220 16.7556
216 648  2.5781  1.0453 13.1570
240 648  7.2567  3.6394 13.0614
264 648  9.3615  8.6551 13.7679
288 648  7.0049  7.8507 12.2200
312 648  3.2987 -0.9490 12.1704
336 648  2.7477 -1.3919 16.0426
360 648  2.3425 -0.0304 12.1189
384 648  2.3409 -0.1561 12.4196
408 648  2.2269 -0.2414 16.1453
432 648  1.9687  0.1455 20.5526
456 648  1.2341 -0.0726 17.1742
480 648  0.8680  6.1528 11.9282
504 648  3.9938  1.3119 14.8649
528 648  4.1606  4.7087 13.0952
552 648  3.1748 -0.0141 14.1986
576 648  2.5882 -0.5856 23.4213
600 648  2.5956 -1.0752 19.4182
624 648  3.2961 -1.8029 14.9645
648 648  0.1280 -0.9258 10.5909
672 648 -0.8306 -5.0423 12.6530
696 648 -1.8084  0.1892 17.1728
720 648 -1.4339  0.7731 12.7581
744 648  6.4125  6.0885 11.2982
768 648  3.5712  6.1361 13.7650
792 648  2.3884  5.7051 18.2043
816 648  0.5721  5.8507 15.0920
840 648 -3.8360 13.0465 10.7736
864 648  1.1922  8.1911  9.0572
888 648  0.3050  5.5833 12.0026
912 648 -0.2363  4.1864 15.7944
936 648  3.1514 -4.9740 12.7087
960 648  3.0195 -4.1827 12.0185
984 648  4.7475 -0.0012  7.8150
 24 672 -0.0192  0.0706 12.6171
 48 672 -2.6990  2.2334 15.7083
 72 672 -3.4127  1.8208 16.1667
 96 672 -3.3412  3.1471 15.9458
120 672 -3.6123  4.6902 15.6842
144 672 -1.5292  1.1260 17.2001
168 672 -0.0413  0.9216 16.2378
192 672  0.1837 -0.0546 17.9509
216 672  0.1774 -0.1596 14.4471
240 672  1.5727  6.2400 10.8375
264 672  9.9031  8.7572  8.5715
288 672 10.3758  6.1393 12.8553
312 672  2.0369 -2.0573 11.4971
336 672  2.5716 -2.1185 17.3572
360 672  2.7742 -1.4976 16.0117
384 672  3.0459 -1.9060 19.9258
408 672  2.0825 -2.0404 16.3310
432 672  1.7148 -0.5582 16.4692
456 672  0.8279  2.2975 14.9393
480 672  1.6836  5.7143 15.0532
504 672  3.0061  1.0347 10.4868
528 672  3.9567  5.1869 12.1453
552 672  4.7303  7.1526 10.6835
576 672  3.0730 -0.6718 15.8953
600 672  3.2085 -1.8242 20.5580
624 672  1.2959 -2.8527 13.8467
648 672 -1.6367 -2.1249 15.2933
672 672 -1.6171 -2.0562 16.6934
696 672 -2.2201 -0.0551 22.5468
720 672 -1.4084  0.0360 15.2144
744 672  2.4322  4.3464 13.0800
768 672  1.6487  4.3503 15.3752
792 672 -0.6118  2.9900 17.4899
816 672 -1.5620  2.7538 16.1983
840 672 -3.0440  2.1019 16.7795
864 672  0.3655  9.1669 12.1270
888 672  0.6613  7.2354 10.5469
912 672  0.2618  0.2752 11.7653
936 672  0.1968 -2.3648 14.3169
960 672  2.0270 -2.2472 12.7947
984 672  4.9498 -0.0138  8.2660
 24 696 -0.0224  0.1083 12.4479
 48 696  2.5243  4.2608 17.4391
 72 696  0.1152  3.0105 12.3911
 96 696  5.7095  2.4435 11.1332
120 696  4.6336  3.8517 10.3527
144 696  8.2976 -0.7622 13.1427
168 696  9.5639 -0.8197 12.2050
192 696  0.2345  0.0673 14.6668
216 696  0.3227 -0.3247 11.8636
240 696  3.9312  7.6689  9.8257
264 696  6.9594 10.8046 16.3473
288 696  6.2549  6.6463 14.0400
312 696  5.2031  5.8964 13.2931
336 696  0.3501 -1.7238 11.1708
360 696  2.7942 -1.6239 16.7842
384 696  2.9737 -1.9781 18.6499
408 696  1.9234 -2.7574 18.2169
432 696  0.7869 -3.5173 16.7585
456 696  0.0005  2.6706 18.6756
480 696  0.0455  3.0496 22.1628
504 696  3.7854  8.5689 12.5492
528 696  4.7037  8.7563 15.4078
552 696  5.0067  7.8841 15.1320
576 696  4.7085  6.9520 14.0849
600 696  5.6947  0.9955 18.8467
624 696 -1.4240 -2.0964 11.7625
648 696 -1.6077 -2.2167 21.4403
672 696 -1.7514 -2.4395 19.3170
696 696 -4.0523 -1.3486 16.8307
720 696 -3.9153 -0.4787 18.1047
744 696 -0.7189  3.8528 12.0080
768 696  0.3139  2.2689 14.3287
792 696 -0.1163  1.9897 18.9564
816 696 -1.8676  2.2476 23.0407
840 696 -2.4680  2.4305 22.3793
864 696 -4.8451  7.7236 10.9112
888 696 -0.5756  7.8046 11.5805
912 696  3.0461  0.6819 11.1884
936 696  3.8555 -0.1243 17.6855
960 696  1.9963 -0.5122 16.6646
984 696  4.8536  0.0218  7.9918
 24 720 -0.0294  0.0702 12.4464
 48 720  2.4070  3.5549 16.8864
 72 720  3.1915  2.2938 17.4665
 96 720  3.8299  1.8791 18.1791
120 720  5.9834 -0.0484 14.3989
144 720  6.3692 -0.9497 11.4239
168 720  8.9325 -1.0334 13.4203
192 720  8.6333 -0.3014 11.5917
216 720  5.0461  3.7627 12.1490
240 720  4.4283  2.3028 12.6598
264 720  7.0547 10.6273 11.4226
288 720  8.9792  8.2078 10.3798
312 720  5.1682  7.8958 10.5038
336 720  1.9315  0.0651 14.3125
360 720  2.1384  0.0765 18.4161
384 720  1.4324 -4.1039  9.9407
408 720 -0.6635 -3.8989 20.5688
432 720 -1.2677 -3.5481 18.4701
456 720 -0.7401  1.8045 16.6395
480 720 -0.4026  2.9036 20.2807
504 720 -0.7695  4.8333 15.1525
528 720  1.8158  6.9547 12.5216
552 720  4.0516  7.0641 13.2407
576 720  5.0397  2.0994 20.1137
600 720  5.2571  1.8228 23.7335
624 720  4.7412  1.3903 16.8740
648 720  1.6666 -2.0050 10.3869
672 720  2.9398 -5.2366 13.9003
696 720 -5.0651 -1.5655 11.2545
720 720 -4.5284 -1.8140 16.8161
744 720 -1.2609  0.2496 12.3531
768 720 -0.0385 -0.5161 15.5875
792 720  0.0254  1.1413 18.6363
816 720  0.1089  1.6657 22.8093
840 720  1.2232  1.6540 19.3613
864 720  2.0867  2.6504 12.0013
888 720  0.3825  0.0744 10.8077
912 720  5.8597 -0.1594 11.2777
936 720  5.4250 -0.9267 13.4226
960 720  6.0806 -0.2697 11.0319
984 720  4.7255  0.0029  7.7461
 24 744 -0.0252  0.0586 12.7390
 48 744 -0.7352  1.2012 12.2919
 72 744  2.9260  1.4227 12.5442
 96 744  4.8100 -0.4402 14.3507
120 744  6.8952 -3.1361 14.6093
144 744  4.9763 -0.9767 16.5164
168 744  4.8694 -0.0879 16.2243
192 744  3.5973  1.0701 14.4552
216 744  0.7501  1.9302 17.7312
240 744  4.0319  2.4059 14.1345
264 744  8.4765  8.6886 12.6381
288 744  8.3864  8.6196 17.8767
312 744  7.8587  8.8278 13.0794
336 744  4.1520 -1.9775  9.6586
360 744  1.9982  0.9881 13.1004
384 744 -0.1479  0.0802 20.0548
408 744 -0.5562 -0.4578 17.1915
432 744 -1.0423 -3.1370 14.7319
456 744 -3.6891  0.5356 15.9917
480 744 -2.8130  1.9066 15.0790
504 744 -2.3237  4.5572 19.0412
528 744 -0.5699  5.0962 15.6783
552 744  1.3082  2.9713 23.4620
576 744  3.0550  0.5904 11.6327
600 744  4.7815  0.3485 15.8831
624 744  3.9096  0.9996 16.4997
648 744  3.2764  1.8609 14.6579
672 744  0.9837 -6.2945 13.3828
696 744  1.1536 -7.6305 11.5597
720 744  3.7227 -7.1096 11.1974
744 744  3.2368 -5.2084 10.8056
768 744  1.7374 -0.2202 19.7395
792 744  1.5064 -0.0100 20.0611
816 744  1.5365  1.1811 23.1731
840 744  1.1615  1.8239 20.5942
864 744 10.4678  1.4577 23.3411
888 744  9.1681  1.5215 22.4694
912 744  9.4897 -3.4520 13.6391
936 744  9.6467 -4.7432 17.8040
960 744 10.8415  2.9608 12.1700
984 744  4.7041 -0.0036  7.4721
 24 768 -0.0207  0.0711 12.4700
 48 768  0.0303 -1.1948 11.2671
 72 768  0.9020 -2.8665 14.7842
 96 768  2.0000 -2.9474 15.0035
120 768  3.9113 -3.9452 13.0412
144 768  7.1538  0.9876 15.8223
168 768  5.9821  1.0760 15.8337
192 768  3.7742  2.4707 13.2553
216 768  2.5246 -0.6862 11.8323
240 768  1.9648 -3.7067 14.4053
264 768  5.7899  1.4630 10.8351
288 768  8.3073  3.7763 11.6727
312 768  9.0184  4.7099 10.4551
336 768  8.5594  7.6289 14.0701
360 768  2.8943  2.4190 10.4074
384 768  0.2632  0.1831 21.2042
408 768 -0.3067  0.1151 23.5615
432 768 -5.8646 -0.1489 14.6177
456 768 -4.6803  3.1373 13.0184
480 768 -4.7599  4.1710 15.6481
504 768 -1.9013  8.4172 17.2382
528 768 -0.8148  9.3362 13.2860
552 768  1.3968  3.4761 17.3446
576 768  2.3026  3.1761 13.8522
600 768  3.3199 -0.2540 19.6329
624 768  3.8738  0.9891 15.2626
648 768  3.9589  1.1045 12.7671
672 768  0.8943 -7.7865 16.1495
696 768  1.5346 -8.9984 12.6771
720 768  3.1544 -11.3180 12.6584
744 768  5.2913 -5.4797 12.1726
768 768  4.0763 -0.0618 18.9254
792 768  1.5346  0.3695 17.9875
816 768  1.4089  0.6496 23.2393
840 768  0.8201  1.7040 19.2832
864 768 10.8027  0.4134 23.7907
888 768  9.2042  0.6027 17.1664
912 768 10.1081 -1.8038 11.6170
936 768  6.7304 -2.2092 10.9446
960 768  8.9179  1.7862  8.5508
984 768  0.4302  0.0225  7.1141
 24 792 -0.0043 -0.0462 12.4718
 48 792  0.3705 -2.5451 11.6471
 72 792  0.3629 -2.9308 16.0684
 96 792  3.1726 -7.1789 11.8270
120 792  3.3854 -6.9850 14.3253
144 792  6.2089  0.2009 12.0403
168 792  6.7213  1.2704 15.1781
192 792  5.4438  1.7556 10.9345
216 792  3.7596 -4.0271  8.9713
240 792  7.9648 -4.4216 12.0178
264 792 -3.9625 15.8973  8.0497
288 792 10.1870  2.6664 15.4662
312 792  9.5399  3.7963 10.4883
336 792 -26.0580 -23.8969  7.9524
360 792  9.6662  7.0730 12.1103
384 792  0.1543  0.6766 13.7062
408 792 -3.9364  1.7998 12.9614
432 792 -5.4596  2.0570 14.3021
456 792 -5.6928  2.0356 13.1919
480 792 -4.8677  4.0298 13.5439
504 792 -2.7009  8.8908 17.2954
528 792  1.6312  9.2386 13.8271
552 792  2.9132  8.4636 13.3589
576 792  2.8471  2.8029 18.6929
600 792  2.2760  0.4599 14.8217
624 792  6.0729  2.4076 18.3647
648 792  4.4187  1.0621 14.0831
672 792  5.8436 -3.2975 11.5119
696 792  2.1505 -9.6192  7.9858
720 792  4.9357 -12.3512 12.2792
744 792  4.2079 -12.0489 10.9361
768 792  4.0139 -0.0324 18.3471
792 792  2.0833 -0.8159 21.4587
816 792  0.9811 -0.3265 19.8509
840 792  0.3447  1.1339 21.2491
864 792  5.4744  0.6716  8.2601
888 792  6.5683  0.3720 19.8163
912 792  6.8360  0.6221 14.2166
936 792  4.2802 -2.9343 19.0714
960 792  3.9487 -2.8483  8.8182
984 792  4.8069  0.0507  7.1458
 24 816  0.0069 -0.0653 12.7696
 48 816 -0.1059 -3.0309 12.6272
 72 816  1.5523 -3.2195 11.5654
 96 816  2.9648 -7.3190 14.9378
120 816  3.2726 -7.5880 14.0338
144 816  3.5667 -2.8627 12.0543
168 816  4.6868 -1.7061 14.2507
192 816  8.3747  2.7569 12.3078
216 816 11.8704 -0.8092 11.3482
240 816  8.6191 -3.5020 12.4262
264 816  6.7985 -5.7026 11.7593
288 816  9.8610 -1.0203 11.3865
312 816 13.8236  1.1823  9.4940
336 816  2.1694  0.1720  8.0702
360 816  2.3223 -0.0035  9.7792
384 816  1.1512  5.7362 12.1647
408 816 -0.1049  4.9383 17.9817
432 816 -2.7941  3.2071 12.9159
456 816 -7.3097  3.1959 11.5767
480 816 27.9731 -0.3966  8.4083
504 816 -8.6723  4.0560 11.7614
528 816  1.6383  9.1542 13.8133
552 816  2.7463  9.8384 19.3050
576 816  3.6860  5.1081 14.9742
600 816  3.8135  1.1606 17.7343
624 816  4.6250  3.6191 21.8113
648 816  5.0040  4.0552 17.4275
672 816  7.1994 -2.4776 16.0864
696 816  4.9705 -10.7585 11.3029
720 816  4.4441 -11.8521 16.5173
744 816  5.8159 -10.6601  8.9863
768 816  2.3454 -1.2294 17.3718
792 816  1.4854 -1.6995 26.2441
816 816  1.0216 -0.9476 20.7189
840 816  0.3518  1.2825 16.7597
864 816  2.4692  1.5717 13.9029
888 816  7.7340  2.5441 16.0449
912 816  6.8782  1.2435 12.0027
936 816  4.3322 -2.5573 17.5681
960 816  3.9452 -2.5830  8.9367
984 816  4.7596 -0.0070  7.5323
 24 840  0.0012  0.0328 12.5532
 48 840  9.7141 -3.2024  7.1717
 72 840  7.1551 -6.4723 10.1484
 96 840  5.8956 -6.0155 12.4071
120 840  5.8886 -7.5597 16.4035
144 840  1.7139 -2.7537 14.2577
168 840  1.7787 -1.3095 16.4083
192 840  2.0810  1.3559 12.7112
216 840  2.2600  1.5300 10.6546
240 840  8.1852 -1.0112  8.9609
264 840  7.8962 -3.1706 14.9580
288 840  8.4277 -3.1433 12.6704
312 840 11.9557  0.0565  9.7365
336 840  2.6743  1.6971  8.8221
360 840  3.6561  0.8995 10.6916
384 840 -17.3672 -0.2591  9.9670
408 840 -0.7287  4.1442  8.4261
432 840 -0.1540  3.9482  9.5021
456 840 -11.5900  7.2113  9.4561
480 840 -9.1029  5.0705  8.1786
504 840 -12.2056  0.0327 14.6539
528 840 -14.1264  0.8172 10.7457
552 840  4.2474 -35.2001  9.2145
576 840 -2.8691  0.0849  9.4458
600 840  0.6319 -0.1997 14.5190
624 840  3.8053  0.6423 13.7254
648 840  6.3703  1.0168 12.7624
672 840  6.5578 -2.1946 13.4361
696 840  6.3459 -1.9839  8.3567
720 840  7.6791 -9.6147 11.0429
744 840  4.6598  0.8876  8.3179
768 840  5.2537  0.7674 18.4678
792 840  1.6095 -1.9397 19.8948
816 840  1.6393  0.0099 17.1115
840 840  0.6398  2.1190 18.7002
864 840  2.3354  1.4962 15.2322
888 840  3.6121  0.3257 13.9918
912 840 -1.2115 -7.9222  9.8613
936 840  3.5208 -4.6964 14.4329
960 840 11.7758 -1.0419 15.9956
984 840  1.8980 -0.0238  7.4410
 24 864 -0.0001 -0.0053 12.4505
 48 864  9.5793 -8.0887 10.4900
 72 864  8.3751 -6.8290 18.2274
 96 864  5.3964 -6.6998 14.9293
120 864  1.6243 -1.9035 12.5050
144 864  0.6608 -1.5359 20.3081
168 864  0.2691 -0.1291 19.4286
192 864  0.6898  1.8971 17.6745
216 864  1.4882  2.4174 17.9244
240 864  3.7874  0.9289 11.5168
264 864  8.3404 -4.5305 14.2341
288 864  9.4214 -3.5582 12.8797
312 864  9.9542  0.4519 11.5015
336 864  2.9484  1.6518  9.9100
360 864  3.8992  0.8237 11.2532
384 864 -3.7775 -23.1628  7.4684
408 864 -1.2159  2.0424  7.1477
432 864 -0.3705  4.0121  8.8094
456 864 10.1792 -6.0665  6.1270
480 864 -11.4709  4.8364 12.0301
504 864 -15.5689 -0.1721 13.6557
528 864 -15.2375  1.6690 15.4496
552 864 -15.4378  2.9409 15.9303
576 864 -0.0649 -2.3372  7.7301
600 864 -9.0385  4.8023 12.1876
624 864 -7.3576  4.9894 15.3967
648 864 -7.3912  5.7221 18.7053
672 864 -5.7284 -2.8701 12.7685
696 864 -4.9662 -3.5880 18.6966
720 864 -3.1040 -2.9998 12.8776
744 864  5.7604 -1.4975  9.8047
768 864  7.0815  0.2595 21.7895
792 864  5.0057  0.8361 19.2454
816 864  2.6471  0.0631 16.4060
840 864  2.1936 -0.1240 16.1439
864 864  1.8882  0.3450 14.4682
888 864  3.2644  2.0278 13.2158
912 864 -2.5837 -10.2189  9.9741
936 864  3.5479 -4.8633 11.8963
960 864  7.2572 -4.2400 13.5059
984 864  2.5992 -0.0025  7.6035
 24 888 -0.0041 -0.0013 12.3144
 48 888  8.8458 -7.0544 12.9148
 72 888  8.7227 -6.6340 17.4452
 96 888  7.1053 -6.1309 13.5484
120 888  2.1000 -1.7757 12.3232
144 888  0.0713 -0.7112 17.9963
168 888 -0.2326  0.4936 14.7425
192 888  0.5821  3.4372 14.4780
216 888  2.8705  4.1025 15.0604
240 888  5.3073  2.1348  9.8685
264 888  8.0108 -3.3103 15.5664
288 888  8.7471 -2.9664 10.8713
312 888  6.6343  1.0023  9.3277
336 888  3.0112  1.9376  9.9536
360 888  1.7587  1.7248 15.5798
384 888  0.9482  4.5434 15.0072
408 888 -1.1749  5.8597 15.0356
432 888 -1.8713  6.0861 10.9086
456 888 -6.7560 14.1424  9.1914
480 888 -8.2146 11.8436  8.6842
504 888 -9.1529 11.2433  8.0349
528 888 -14.8732  1.1523 12.2735
552 888 -9.9798  6.1536 10.0913
576 888 -9.3552  8.7698 12.0046
600 888 -9.9319  9.6373 11.2106
624 888 -8.1710  5.9734 15.6477
648 888 -8.0481  6.4182 19.6394
672 888 -5.7394  7.0469 11.3695
696 888 -4.2034 -2.3919 11.8249
720 888  0.2236  0.6988 10.6307
744 888 -0.0539  0.4692 12.7567
768 888  7.0417  0.1856 19.4790
792 888  5.5309  0.5254 15.4847
816 888  2.8171 -2.1344 17.2864
840 888  2.8825 -4.1153 14.6964
864 888  1.8530 -2.7474 11.5454
888 888  3.7532  0.3797 12.6708
912 888  4.1336 -3.7368 13.8762
936 888  3.9859 -5.3896 10.8382
960 888  4.7619 -4.8502 13.9331
984 888  4.8077 -0.0689  8.0848
 24 912 -0.0073 -0.0079 12.5202
 48 912  9.9853 -6.7986  9.8994
 72 912  8.5963 -6.8568 21.0972
 96 912  7.3899 -6.4158 14.4277
120 912  0.3319 -0.2504 12.1311
144 912 -0.3925 -0.3233 15.5059
168 912 -1.5310  2.0477 11.2327
192 912  2.5821  6.6939 16.4492
216 912  3.9691  5.2620 12.4964
240 912  6.4520  5.7607  8.2398
264 912  7.9317 -1.5684 11.2785
288 912  6.6892  2.1520 10.8666
312 912  5.3040  4.8734 11.6156
336 912  2.0097 10.3622 11.9101
360 912  1.9009  1.6911 14.4890
384 912  1.1810  5.0838 14.0598
408 912 -1.4900  6.8383  9.7643
432 912 -4.9054  9.1390  8.7816
456 912 -3.9233 14.1264  9.7412
480 912 -6.4669 13.2156 11.5229
504 912 -7.3297 12.6796 17.2176
528 912 -6.2381 12.0916 11.0397
552 912 -9.6751  6.0040  7.8191
576 912 -9.4725  9.1588 11.9332
600 912 -9.5610  9.7856 19.1100
624 912 -8.1210  6.2877 11.7978
648 912 -7.7668  6.0294 16.5191
672 912 -6.0379 11.0344 12.0995
696 912 -3.3318 10.9233 12.3944
720 912  0.8936  9.8833 15.5194
744 912  1.9100  1.5617 20.5209
768 912  1.8285  1.2743 15.6330
792 912  7.0178  2.1149 16.4936
816 912  6.2019  0.6003 13.7526
840 912  4.4219 -6.9324 16.4483
864 912  3.8610 -6.5893 12.4334
888 912  3.6636 -1.7218 16.8752
912 912  3.4175 -2.2798 13.8746
936 912  4.0546 -4.6840  9.2031
960 912  4.3701 -5.4393  8.7160
984 912  4.6731 -0.1537  8.0424
 24 936 -0.0007 -0.0107 12.5834
 48 936  5.9884 -9.0604  9.2858
 72 936  6.4027 -7.8899 11.0755
 96 936  0.0441  2.8215 12.2674
120 936  0.9644  1.1500 16.0966
144 936  0.0391  0.4951 15.2857
168 936 -1.1018  3.1896 13.8809
192 936  0.9967  6.4943 12.1186
216 936  9.4071 10.7164 10.7450
240 936  9.2859 10.8780  7.9779
264 936 10.2128 11.5920  9.3628
288 936  7.1061  2.0047 11.2420
312 936  3.0463 13.1012  9.7754
336 936  2.9507 12.6233 14.9220
360 936  2.3989  8.5117 12.9271
384 936  2.2855  9.0360 11.5479
408 936 -0.3052 11.0701 12.9343
432 936 -2.2914 11.7419 10.0983
456 936  9.2214 -9.3577 11.3269
480 936 -6.7643 14.5580  9.6817
504 936 -6.5624 12.8669 12.6986
528 936 -7.0532 13.2158 10.2979
552 936 -6.9679 13.3860  9.4114
576 936 19.1534 -14.2427  8.6693
600 936 -10.0769  9.4738  9.6203
624 936 -7.3821  7.9201  9.3979
648 936 -7.4117  5.8647 10.9506
672 936 -6.0012  5.1250  8.7363
696 936 -0.2308  9.5123 12.4870
720 936 -0.0653 11.0970 11.9838
744 936  1.5051  1.8137 17.7521
768 936  1.0699  1.8551 14.6784
792 936  6.3332  1.9638 13.7546
816 936  8.9951  0.7707 15.1772
840 936  6.8477 -7.0133 16.4001
864 936  4.1320 -5.7156 10.7395
888 936  1.6459 -2.6616 12.0295
912 936  2.1189 -2.7105 18.1164
936 936 -0.2602 -6.4339 15.0340
960 936 -2.0841 -5.1524 13.7322
984 936  2.8818 -0.0355  7.8770
 24 960  0.0015 -0.0261 12.6378
 48 960  4.6103 -9.2675 14.3679
 72 960 -0.5107  1.4422 14.5146
 96 960  0.0722  1.3900 20.2981
120 960  0.8194  1.1059 22.6818
144 960  1.0226  1.4075 17.6894
168 960  0.6668  3.6122 12.5586
192 960  8.7310 10.7464 15.7973
216 960  9.2838 10.8749 11.3601
240 960  3.9550 -28.1630  5.7589
264 960 -9.8170 -3.0694  7.6961
288 960 -11.7255  8.0219  8.7713
312 960  8.0903 18.3861 12.8218
336 960  5.2103 13.5455 10.5284
360 960  4.3019 11.8573 11.2132
384 960  1.8396  8.9288 12.1203
408 960  0.4857 10.7934 11.0674
432 960 -4.7235  6.2717  9.2971
456 960 -7.3145 20.9461 11.4678
480 960 -7.5101 17.8640 10.6923
504 960 -10.3472 15.8535 10.4292
528 960 -10.1091 14.3580 12.1252
552 960 19.2401 -2.1910  6.1944
576 960 -4.6961 21.7190  9.6288
600 960 -8.5510 16.0235 11.3582
624 960 -8.3054 10.0150  6.9422
648 960 -5.8932  5.0715 11.2175
672 960 -4.8007  5.6870 13.2454
696 960 -5.6024  8.1150 12.3926
720 960 -2.5754 14.5947 10.8512
744 960 -2.8843 14.8502  9.8615
768 960  2.1484  9.7357 14.7536
792 960  1.3698  9.9942 15.8242
816 960 -0.1009 -0.6376 18.2486
840 960  0.3154 -1.1310 14.6243
864 960  1.2961 -3.3863 12.6300
888 960  1.7664 -2.7438 14.2996
912 960  2.4967 -2.4151 14.6321
936 960 -0.3303 -5.2464 16.1983
960 960 -1.1965 -4.6182 14.7746
984 960  4.5994 -0.0562  7.8599
 24 984 -0.0034 -0.0108 14.9973
 48 984 -0.0242 -0.0122 12.4423
 72 984  0.0038 -0.0031 12.5849
 96 984 -0.0034 -0.0013 12.7130
120 984 -0.0272 -0.0032 12.4848
144 984  0.0276  0.0074 12.4491
168 984  0.0223  0.0018 12.4657
192 984 -0.0478  0.0025 12.0530
216 984 -0.0185  0.0318 12.5621
240 984  0.0116  0.0236 12.7629
264 984 -0.0668 -0.0101 11.7827
288 984 -0.0065  0.0100 12.1433
312 984  0.0329  0.0125 12.5305
336 984 -0.0135 -0.0107 12.2056
360 984 -0.0629  0.0046 12.6497
384 984 -0.0631 -0.0113 12.4309
408 984 -0.0358 -0.0373 11.4320
432 984  0.0226 -0.0067 11.7519
456 984  0.0051 -0.0093 12.2107
480 984 -0.0390  0.0041 12.3866
504 984  0.0283  0.0312 12.7542
528 984  0.0607  0.0139 12.2493
552 984 -0.0226  0.0037 12.6054
576 984 -0.0035  0.0062 12.5509
600 984 -0.0088  0.0074 12.0357
624 984 -0.0080  0.0045 11.9469
648 984 -0.0454 -0.0229 11.9251
672 984 -0.1254 -0.0322 11.4464
696 984 -0.0598  0.0212 12.2557
720 984  0.0094  0.0432 12.4071
744 984 -0.0290  0.0240 12.2433
768 984  0.0183  0.0093 11.8907
792 984 -0.0006  0.0006 11.6148
816 984 -0.0900 -0.0123 12.1310
840 984 -0.0539 -0.0107 11.5029
864 984 -0.0041 -0.0180 12.0420
888 984  0.0073 -0.0209 12.5141
912 984  0.0848  0.0085 12.3052
936 984  0.0887  0.0011 12.3076
960 984  0.0632 -0.0137 12.5096
984 984  4.6034 -0.0149 11.4738
