 24  24  0.0043 -0.6545 13.7052
 48  24 -0.0172 -0.6730 10.1855
 72  24 -0.0061 -0.6627 10.4636
 96  24  0.0335 -0.7695 10.9368
120  24  0.0192 -0.7887 11.2964
144  24  0.0279 -0.7003 11.0904
168  24 -0.0498 -0.7209 10.7921
192  24 -0.1068 -0.7141 10.1956
216  24 -0.0639 -0.7697 10.5928
240  24 -0.0176 -0.8054 11.4621
264  24 -0.0276 -0.7353 11.0834
288  24 -0.0112 -0.7282 11.1433
312  24  0.0021 -0.6916 11.0442
336  24  0.0132 -0.6461 10.6485
360  24  0.0168 -0.6846 10.9090
384  24  0.0142 -0.7362 11.3555
408  24  0.0694 -0.8258 11.5804
432  24 -0.0113 -0.7652 11.1395
456  24 -0.0574 -0.6295 10.6810
480  24 -0.0139 -0.6348 10.2396
504  24 -0.0282 -0.6616 10.6446
528  24 -0.0398 -0.6886 11.1842
552  24 -0.0017 -0.6913 11.0548
576  24 -0.0063 -0.6705 11.0678
600  24 -0.0439 -0.7145 11.2183
624  24 -0.0361 -0.7687 11.2448
648  24  0.0452 -0.6829 10.8894
672  24  0.0617 -0.6218 10.6817
696  24 -0.0036 -0.7203 10.8390
720  24 -0.0388 -0.6776 10.4609
744  24  0.0092 -0.6159  9.9671
768  24  0.0650 -0.6600 10.7066
792  24  0.0012 -0.6936 11.0569
816  24 -0.0362 -0.5783 10.8124
840  24 -0.0032 -0.4956 10.3586
864  24  0.0046 -0.5010 10.4689
888  24  0.0102 -0.5635 10.7394
912  24 -0.0161 -0.6285 10.7701
936  24 -0.0335 -0.6557 10.6385
960  24 -0.0154 -0.7466 10.7552
984  24  3.5444 -0.6445 11.5022
 24  48 -0.0100 -0.0053 12.4965
 48  48 -3.2683  7.8470 15.2131
 72  48 -2.9763  6.8257 13.5333
 96  48  2.1957  6.0986 15.3683
120  48 -1.1705  6.9954 11.6155
144  48 -4.3124  6.1923 18.8424
168  48 -3.7465  5.4007 17.2518
192  48 -2.7886  3.3684 14.6054
216  48 -2.9383 -0.6077 16.1457
240  48 -2.8347 -1.0966 18.6219
264  48 -7.7072 -1.1128 16.0093
288  48 -6.1686 -1.8671 20.7144
312  48 -5.4237 -1.7300 17.4450
336  48 -4.9349 -2.0925 14.7670
360  48  0.1535  1.7961 17.6643
384  48  0.0655  2.0802 17.4203
408  48 -0.2446  1.1425 23.0302
432  48 -0.3812  1.7618 19.3604
456  48 -1.0227  3.7929 16.3537
480  48 -0.2856  4.9795 14.7523
504  48 -0.2267  4.7631 16.5263
528  48 -1.6975  4.7729 17.6794
552  48 -1.0785  4.1962 16.8926
576  48 -1.1213  3.7998 15.9585
600  48 -0.6243  0.9088 19.3597
624  48 -0.5258  0.9833 17.8583
648  48 -0.1003  0.3696 14.0360
672  48  3.7337  0.0787  9.4639
696  48 29.0584  2.5529  4.8022
720  48  4.1301 -3.1507  9.3897
744  48  4.7220 -3.3820 14.5794
768  48  6.3687 -0.8355 14.8618
792  48  0.6845 -4.8811  8.3213
816  48  0.2750 -4.9910 11.9662
840  48 -11.9107  2.8026 10.7046
864  48 -14.5648  0.9600  9.9070
888  48 -17.9139  0.9428 11.5237
912  48 -15.2158 -1.0826  9.4763
936  48 -11.1238  1.3484 12.4182
960  48 -4.1220 -3.5723 16.9495
984  48  3.5910  0.0444  8.3091
 24  72 -0.0125  0.0435 12.5762
 48  72 -4.1044  3.2531 16.8539
 72  72 -3.9948  3.0867 17.5590
 96  72 -4.1209  1.3665 18.9215
120  72 -3.2783  3.1399 13.3367
144  72 -4.3703  5.5214 17.3030
168  72 -3.1668  4.1072 22.0136
192  72 -0.9498  4.1040 17.6702
216  72 -2.9980  0.2084 17.3237
240  72 -2.2943 -0.0911 19.0441
264  72 -7.5592 -1.4375 13.7328
288  72 -7.3407 -2.5503 18.7386
312  72 -5.3842 -1.8861 17.1551
336  72 -2.7953 -1.4912 14.2183
360  72 -0.8075  0.2234 12.3580
384  72 -0.5829  1.5665 18.9721
408  72 -0.9124  0.6804 21.8842
432  72 -0.6594  2.0741 19.6333
456  72 -0.9331  3.0954 17.9102
480  72  0.9108  4.7746 16.7108
504  72  0.7476  3.4377 18.7965
528  72  0.2182  4.3794 15.6040
552  72 -0.4328  4.4991 12.8424
576  72 -0.4814  3.3055 14.4464
600  72 -0.9829  0.1705 14.7497
624  72 -0.6623  0.2759 19.1081
648  72 -2.3475  0.4236 17.9813
672  72 -3.6368  0.6246 14.3548
696  72  0.8536 -1.1028  9.7957
720  72  3.7928 -1.9820 12.7410
744  72  4.1611 -1.8782 14.6653
768  72  6.1760  0.2253 17.0316
792  72 -20.9839 -30.4683  7.7114
816  72 -5.5682  1.4944 11.3857
840  72 -11.1734  0.0688 10.2729
864  72 -14.8282  0.3489 11.8115
888  72 -13.8547  0.9275  9.9386
912  72 -11.6273 -5.2293 10.8996
936  72 -7.2762 -2.1070 13.5520
960  72 -5.0506 -3.7831 16.8781
984  72  3.6019  0.0157  8.4386
 24  96 -0.0009  0.0127 12.2643
 48  96 -2.9199  4.7351 17.9881
 72  96 -3.2005  3.7387 17.0386
 96  96 -3.2097  0.9304 17.6661
120  96 -4.7724  2.0852 12.8195
144  96 -6.0186  3.3840 18.5672
168  96 -4.2024  4.0945 21.2835
192  96 -3.9396  3.5518 12.0870
216  96 -2.1353 -0.4477 15.3252
240  96 -1.6211 -0.2436 18.5057
264  96 -2.1358 -0.0947 19.0030
288  96 -3.0720 -1.3739 16.7293
312  96 -2.7922 -2.8963 13.3853
336  96 -1.8860 -1.4420 14.2290
360  96 -1.0452 -0.3315 15.6274
384  96 -1.2538  0.4744 19.6797
408  96 -1.3196  1.0550 21.1143
432  96 -0.9728  2.2009 18.8854
456  96  0.3096  4.4702 18.0368
480  96  1.1830  4.3816 17.9270
504  96  1.9492  5.1368 17.5214
528  96  1.3382  4.3438 18.8243
552  96 -0.0778  4.8200 16.2984
576  96 -0.2902  4.1997 13.6889
600  96 -0.9660  0.0802 13.0869
624  96 -0.6534 -0.3128 16.5527
648  96 -0.2648  0.1523 18.5010
672  96  0.1948  0.6197 16.3832
696  96  2.2723  0.4795 12.0636
720  96  3.6175  0.1138 12.4082
744  96  2.7436  0.2881 17.9213
768  96  2.7154  0.2958 16.3791
792  96 -4.4763  0.9854 11.2143
816  96 -6.1442 -0.6417 12.8327
840  96 -10.3251  0.1160 10.3585
864  96 -12.1409  0.1603 11.5872
888  96 -9.9079 -1.6822 11.1969
912  96 -6.8193 -4.0528 10.4396
936  96 -5.4384 -3.5766 12.7169
960  96 -4.4193 -4.1471 14.7506
984  96  0.4810  0.0220  8.2345
 24 120 -0.0086 -0.0155 12.2800
 48 120 -2.9406  2.1986 15.4783
 72 120  0.6336  0.1971 18.3778
 96 120  0.4500  0.2044 13.9692
120 120 -1.2252 -8.8219 12.7699
144 120 -6.0287  3.7726 13.2339
168 120 -4.1414  4.2799 14.8687
192 120 -0.0828 -2.6355 16.8583
216 120 -1.9115 -1.2052 25.1575
240 120 -1.9740 -0.3423 17.5749
264 120 -3.0261 -0.5409 21.0115
288 120 -2.8875 -0.8607 19.9144
312 120 -3.2521 -2.6523 16.6645
336 120 -3.7123 -2.6921 13.0911
360 120 -1.9315 -0.6271 16.3421
384 120 -1.0022  0.5852 18.1504
408 120 -1.0199  1.0485 20.2847
432 120 -0.5924  1.5474 20.1962
456 120 -0.0971  2.3570 19.1186
480 120  1.8286  4.9937 20.2752
504 120  1.9115  4.5285 17.5586
528 120  1.2788  4.7097 16.8333
552 120  0.4600  5.2810 16.4485
576 120 -0.6701  3.3368 12.1976
600 120 -0.1832  1.0105 16.9285
624 120 -1.0940 -0.1644 13.1164
648 120 -0.8673  0.0939 12.7879
672 120  0.2513  1.8285 16.2559
696 120  0.5475  1.2980 12.2459
720 120  1.7727  1.5309 13.2340
744 120  1.7645  0.8109 16.5808
768 120  1.8732  1.5163 15.9962
792 120 -1.2747  6.0011 13.9187
816 120 -3.9958  5.3258 17.2297
840 120 -5.2060  3.8479 11.2872
864 120 -10.6633 -0.5325 16.4053
888 120 -5.3473 -1.9470 13.7208
912 120 -6.7473 -2.1532 15.6942
936 120 -5.4248 -2.7456 15.3164
960 120 -1.9661 -1.3672 13.3149
984 120  0.3886 -0.0905  8.2050
 24 144 -0.0243  0.0452 12.8384
 48 144  0.9482 -0.4940 16.3006
 72 144  1.2485 -0.9355 20.6245
 96 144  1.3123 -1.3473 17.2504
120 144  0.5570 -1.1817 12.4425
144 144  0.6400 -1.2858 20.3455
168 144  0.6598 -1.2821 22.1630
192 144 -0.1863 -0.5826 20.6108
216 144 -0.3540 -1.2773 20.2977
240 144 -2.1358  0.1319 17.5282
264 144 -2.0550  0.9481 18.8906
288 144 -2.1706  0.0712 15.3125
312 144 -3.6752 -2.8907 17.4185
336 144 -4.0013 -2.7789 18.9283
360 144 -3.8876 -0.1962 16.0221
384 144 -2.8903  1.2292 14.4369
408 144 -1.1269  3.6725 17.0978
432 144 -1.2418  1.2530 19.7953
456 144 -0.1596  2.8401 18.1135
480 144  1.8961  5.8209 17.7905
504 144  1.7506  5.8156 17.6495
528 144  0.5927  5.4996 16.9295
552 144  0.5483  5.3346 11.8463
576 144  1.0200  2.8691 14.0498
600 144  1.9915  1.3698 19.1375
624 144  1.6311  1.0463 15.1972
648 144 -0.0222 -0.0413 15.5450
672 144  0.4122  0.6531 16.5210
696 144  0.3183  1.4919 13.4893
720 144  0.3989  1.4500 13.2265
744 144  0.3155  0.2836 15.6625
768 144 -0.2277  1.9620 13.4587
792 144 -3.6682  2.9896 14.4664
816 144 -3.7913  2.4309 15.5061
840 144 -4.8984  2.6715 15.9482
864 144 -7.3846  0.1466 12.5334
888 144 -6.4096 -0.4351 15.6882
912 144 -6.9028 -2.4386 11.6081
936 144 -3.4242 -3.6128 12.8315
960 144 -1.8756 -4.7364 15.7052
984 144  0.4402 -0.0731  8.2865
 24 168 -0.0214  0.0204 12.7538
 48 168  6.0488  1.1379 16.6333
 72 168  3.7397 -0.7968 13.5768
 96 168  5.7580 -0.9265 17.1503
120 168  1.1371 -1.5408 13.2421
144 168  0.6683 -1.1336 21.7525
168 168  0.6739 -1.0981 22.8557
192 168  0.4310 -1.8914 23.0503
216 168  0.7343 -2.2714 20.6212
240 168  3.0417  0.8442 17.1301
264 168  0.0827  0.3243 16.2404
288 168  0.1728  0.4096 15.6077
312 168 -3.9771 -1.9886 11.5355
336 168 -4.2918 -2.2094 17.7055
360 168 -5.8359 -0.5225 15.5805
384 168 -5.6780 -0.2870 14.0645
408 168 -1.9989  2.6095 13.0119
432 168 -1.7505  0.9172 15.5494
456 168 -1.9940  0.9571 15.6321
480 168  0.2058  4.9085 11.6797
504 168  1.5717  6.3235 12.2899
528 168  1.7827  6.0841 18.1192
552 168  2.4081  4.6477 12.3644
576 168  3.7329  2.4236 12.6984
600 168  3.1500  1.8218 13.8900
624 168  2.3253  1.4590 14.7664
648 168  1.2708  0.5802 15.9101
672 168  0.3702  1.2102 13.5933
696 168  1.9906  1.6690 15.3412
720 168  0.1852  1.5312 14.3570
744 168 -1.7763 -0.1610 15.8905
768 168 -2.1203  1.9937 14.0708
792 168 -4.2235  3.7315  9.9419
816 168 -5.4528 -2.3803 13.5617
840 168 -5.2582 -0.2580 13.5134
864 168 -5.9873  1.1009 14.3169
888 168 -5.8812  0.0779 14.4788
912 168 -4.6369 -3.8481  9.6074
936 168 -3.8850 -5.7023 15.5232
960 168 -3.6059 -4.4788 15.1332
984 168  0.4994 -0.1133  8.4536
 24 192  0.0079 -0.1107 11.5749
 48 192  0.3233 -0.3466 21.6773
 72 192  6.9101 -2.0422 14.0908
 96 192  4.9981 -2.9453 20.4681
120 192  5.2432 -5.2121 10.6623
144 192 -0.1429 -1.0749 19.1264
168 192  0.0434 -1.6262 20.2136
192 192  0.3798 -1.9097 18.8522
216 192  0.7207 -1.8599 16.4911
240 192 -5.2849  0.1797 13.6050
264 192  3.7276  0.6919 11.4705
288 192  0.1959  0.8527 14.0027
312 192 -0.0605  1.1736 12.7587
336 192 -8.2466 -0.4201  7.7291
360 192 -3.9545  2.0708 16.7182
384 192 -4.0041  2.2017 14.5394
408 192 -6.0665 -1.9748 15.9529
432 192 -8.4086 -0.3463 15.5085
456 192 -4.7693  1.2850 13.5310
480 192 -2.9757  3.9095 20.0922
504 192 -0.7970  4.1152 11.8509
528 192  1.8089  3.3200 13.3850
552 192  2.6577  4.2860 13.3499
576 192  3.8188  3.2438 13.6866
600 192  4.0473  2.5121 15.8256
624 192  3.5107  1.1392 14.8122
648 192  3.5161  0.8083 15.3023
672 192  3.1201  1.5731 16.7619
696 192  3.4456  2.6653 14.8908
720 192  0.0692  2.4778 12.8330
744 192 -0.3603  0.3725 14.4164
768 192 -0.6663 -1.0958 13.8278
792 192 -2.0420 -2.2223 10.7450
816 192 -4.6547 -2.9161 14.3901
840 192 -3.8621 -2.6199 13.4545
864 192 -1.1282  0.0212 19.2885
888 192 -2.2992 -0.8164 14.6932
912 192 -1.0571 -3.0234 11.5122
936 192 -2.2668 -5.0922 13.3684
960 192 -3.4454 -3.8162 13.5695
984 192  0.5588 -0.1455  8.4574
 24 216 -0.0032 -0.0493 12.2881
 48 216  0.2803 -1.5772 17.2256
 72 216  0.7699 -2.9676 14.6043
 96 216  4.2880 -3.7427 14.7857
120 216 -0.5222  0.0480 16.4540
144 216 -0.7420 -0.4996 21.1253
168 216 -0.6900 -0.6256 23.0705
192 216  0.2371 -1.4943 18.0322
216 216 -1.9251  0.8014 12.7050
240 216 -5.0745  0.5426 23.4866
264 216 -4.7866 -0.2538 15.9875
288 216 -8.7455 -0.0319 14.0533
312 216 -8.3076  1.1078 17.1581
336 216 -6.1052  0.0271 18.1796
360 216 -3.1933  3.1693 21.0718
384 216 -3.8564  3.1980 17.8084
408 216 -4.4774  1.7419 15.2242
432 216 -6.3014  1.3343 19.0234
456 216 -3.0808  2.0363 14.1162
480 216 -2.3454  2.4751 13.9548
504 216 -0.0457  1.2879 12.3848
528 216  0.8574  1.3455 13.2343
552 216  2.1637  3.8894 18.8284
576 216  3.1181  3.2723 13.1024
600 216  3.4901  0.3843 12.4985
624 216  3.5146  0.1578 11.8162
648 216  3.2036  1.9667 14.9107
672 216  3.9739  1.9405 16.7913
696 216  3.7241  2.0318 12.2275
720 216  2.6042 -0.1978 11.6720
744 216  0.8183 -0.5922 14.6514
768 216  0.1181 -1.4714 16.4624
792 216  0.2708 -1.3123 14.5893
816 216  0.8417 -3.0443 15.3314
840 216 -0.0521 -4.1079 14.2847
864 216 -0.5969  0.0385 16.8429
888 216 -1.1599 -0.0543 14.9251
912 216 -1.8264 -0.4054 12.2123
936 216 -2.9344 -3.3595 13.8541
960 216 -3.0123 -2.6536 14.4159
984 216  3.5753 -0.0271  8.8263
 24 240 -0.0203  0.0573 12.8809
 48 240 -2.2303 -2.0666 14.8103
 72 240 -5.7551 -2.6766 18.8948
 96 240 -6.0036 -0.3537 14.3148
120 240 -0.9646  0.2582 14.8954
144 240 -1.1205 -0.0790 16.7209
168 240 -7.0321 -0.9027 13.2609
192 240 -7.1905 -0.3556 17.5169
216 240 -6.8608  0.6231 14.5256
240 240 -5.8049  0.0741 17.0458
264 240 -6.2863 -0.7662 17.0708
288 240 -8.7834  0.0638 17.9097
312 240 -7.2897  0.4454 19.9029
336 240 -7.3087  0.5576 16.4129
360 240 -2.2951  2.8403  8.8827
384 240 -16.7503  2.8927 12.0016
408 240 -5.3851  2.7396  9.6745
432 240 -6.5519  2.0119 22.5281
456 240 -5.9425  0.6147 18.5501
480 240 -2.4549  0.2263 15.2759
504 240 -0.1047  0.0453 16.5467
528 240  0.1160  0.1849 15.3544
552 240  1.4239  2.1191 13.8119
576 240  2.0801  2.0752 15.4941
600 240  2.2987  1.6038 14.5409
624 240  1.9780  1.7358 16.0144
648 240  2.1624  2.7470 14.5525
672 240  2.1514  3.8253 14.0884
696 240  2.1445  1.3590 12.9752
720 240  1.6611  0.1003 14.1262
744 240  0.0909 -0.5921 14.4478
768 240 -0.1192 -1.1695 19.2538
792 240  0.4196 -1.4962 20.4625
816 240  1.9370 -1.4644 15.0668
840 240  0.8637 -2.2829 13.0721
864 240  0.5876 -1.1863 16.1000
888 240 -0.0632  0.8888 18.6872
912 240 -0.3523  0.8566 17.1994
936 240 -1.4599 -1.5972 16.5391
960 240 -1.9939 -1.3609 15.5244
984 240  3.5393  0.0593  8.7493
 24 264 -0.0216  0.0294 12.6430
 48 264 -4.8493 -1.9684 17.5829
 72 264 -5.9398 -2.4624 22.7130
 96 264 -4.9843 -3.7243 11.7814
120 264 -1.9184 -7.0591 18.4353
144 264 -2.8741 -7.0146 12.8709
168 264 -7.7520 -1.3424 19.5292
192 264 -7.7805 -0.8952 21.5497
216 264 -6.9923  0.8985 18.5263
240 264 -8.8113  0.3196 17.0848
264 264 -9.0971 -0.6651 14.5965
288 264 -9.6804  0.0533 16.6358
312 264 -9.0072  0.2622 15.9191
336 264 -7.1393  0.2646 14.1246
360 264 -11.9837 -1.1275 11.1604
384 264 -13.0944 -0.1452 15.9577
408 264 -14.9241  6.9650  6.6609
432 264 -5.8086  1.8088 17.9233
456 264 -5.5951  1.0576 14.9257
480 264 -2.9744 -1.7939 16.1421
504 264 -1.4301 -0.9062 17.7923
528 264 -0.0696 -0.2140 17.3488
552 264  0.1868 -0.0931 16.5864
576 264 -0.0582  0.1507 16.6766
600 264  0.8679  0.9259 18.2009
624 264  1.1912  1.8517 22.1488
648 264  1.2498  2.1161 17.1562
672 264  1.2190  3.5413 16.7728
696 264  0.8168  2.9028 15.3807
720 264  0.7025  0.1463 13.1869
744 264  0.2213 -0.2410 14.2093
768 264 -0.1513 -1.0218 17.9793
792 264 -0.0835 -1.6278 19.4834
816 264  0.3448 -1.5619 14.8697
840 264  0.7346 -1.9730 12.6996
864 264  1.9490 -3.1119 13.7724
888 264  1.1085  2.0155 14.4274
912 264  0.9983  1.5543 14.6812
936 264  0.6425  0.0800 18.0558
960 264  0.9656  0.2127 17.0233
984 264  3.5288  0.1210  8.5927
 24 288 -0.0182  0.0067 12.7391
 48 288 -1.2167  0.0989 13.1756
 72 288  3.1456 -3.9791 15.4923
 96 288 -0.9795 -7.1231 14.1632
120 288 -1.3047 -7.0404 18.1908
144 288 -2.3958 -4.1521 11.7111
168 288 -7.0973 -1.8781 15.7331
192 288 -7.0809 -2.0540 14.2257
216 288 -9.9370  1.1736 15.6283
240 288 -9.1646  1.1394 16.4728
264 288 -9.8000 -1.0107 14.9704
288 288 -9.9795  0.1276 15.7675
312 288 -10.9556  0.2126 17.9329
336 288 -10.2295  1.0479 14.0148
360 288 -10.3358  0.8735 12.4760
384 288 -7.2699 -0.4844 13.9584
408 288 -5.0719 -0.3459 13.6069
432 288 -4.5765  0.9661 14.5955
456 288 -0.8049  0.1953 13.1320
480 288 -2.2003 -1.6510 14.7301
504 288 -1.3196 -1.6732 16.2603
528 288 -0.0709 -0.2773 18.8982
552 288  0.0202  0.0085 16.9526
576 288 -0.2667  0.1194 16.9920
600 288 -0.3031  0.4261 18.0592
624 288 -0.1266  1.4052 19.4072
648 288  0.1516  2.1248 18.5953
672 288 -0.0012  3.5199 15.9935
696 288 -0.0877  3.1172 14.7264
720 288  0.2402  0.4247 15.1237
744 288  0.1443  0.3418 12.2588
768 288 -4.0567 -6.1757  8.0257
792 288 -0.4144 -1.8678 14.4520
816 288 -0.2614 -1.8403 13.4044
840 288 -3.0600 -2.8142 14.5903
864 288  1.1959 -3.5526 13.3512
888 288  0.5226  3.1890 12.5194
912 288  1.2020  2.6344 15.5937
936 288  0.9394  0.7967 18.7165
960 288  1.1914  1.0150 17.7756
984 288  3.5799 -0.0266  9.0380
 24 312  0.0043  0.0181 12.0836
 48 312 -1.0021  0.3213 14.6569
 72 312  4.9452 -3.6560 16.3649
 96 312  4.1755 -3.4285 14.6274
120 312 -0.9438  0.8977 11.8365
144 312 -8.9007  4.9991  9.5817
168 312 -6.7808 -3.0290 12.3408
192 312 -9.8908 -2.0734 13.6857
216 312 -12.7978 -0.6983 11.1211
240 312 -9.3970  0.0657 12.7194
264 312 -10.2036 -0.9057 12.5914
288 312 -11.0180 -0.3039 17.9254
312 312 -11.2382 -2.2298 15.2820
336 312 -10.7335 -0.1655 14.2533
360 312 -9.9996  0.0370 15.8312
384 312 -7.0111 -0.0720 14.2172
408 312 -6.4488 -0.3395 12.7683
432 312 -3.2488  0.3060 14.8739
456 312 -2.4822  0.0383 14.9015
480 312 -0.8437 -0.8288 15.4439
504 312 -0.2754 -0.8471 17.8573
528 312 -0.0986 -0.1084 19.9242
552 312 -0.9207  0.4326 15.4600
576 312 -0.5329  0.1797 14.8985
600 312 -0.2918  0.0072 19.8846
624 312 -0.6924 -0.2561 17.9201
648 312 -1.0807  2.6367 16.7696
672 312 -1.1245  3.1209 17.6626
696 312 -0.5805  2.4906 13.3815
720 312 -0.6515  1.2987 17.8908
744 312 -1.8835  2.0690 13.5222
768 312 -3.8972  0.9037  8.7943
792 312 -2.7004 -1.2224 11.6086
816 312 -1.5696 -1.2778 14.6012
840 312 -2.8966 -2.5827 15.7672
864 312 -1.9102 -0.9263 15.0802
888 312 -0.5118  1.7498 15.9421
912 312 -0.0057  2.5873 15.0969
936 312  1.9512  0.6265 15.4401
960 312  3.1349  0.0699 14.3710
984 312  3.5272 -0.1654  8.5164
 24 336  0.0041  0.0150 11.9808
 48 336 -1.8208  1.5358 10.2512
 72 336 11.6902 -5.1723  9.9047
 96 336  2.2919  1.0512  9.2491
120 336  5.8594 -9.3839  8.5353
144 336 -16.8949  2.1418  7.4470
168 336  5.6690 -4.2133  8.0303
192 336 -12.1042 -0.4342 11.3936
216 336 -5.7295 -2.8266 11.0300
240 336 -6.2263 -3.2577 13.6787
264 336 -5.3693 -3.1642 13.8195
288 336 -11.0303  0.8572 13.3913
312 336 -12.7741 -2.5380 16.4691
336 336 -10.6948 -2.1770 12.1486
360 336 -9.3398 -0.4194 14.2986
384 336 -7.0348 -0.7994 13.7058
408 336 -3.8582 -0.5698 12.9843
432 336 -1.8632 -1.2982 16.1757
456 336 -2.2781 -0.2732 19.4829
480 336 -0.6961 -0.7217 18.6203
504 336 -0.0833 -0.4802 18.8652
528 336 -0.2040  0.0316 18.8315
552 336 -0.4805  0.4078 16.6299
576 336  0.0664  0.0868 14.0492
600 336  0.7039 -0.3903 19.0337
624 336 -0.2647 -1.2686 18.3416
648 336 -1.0072 -0.1977 15.2186
672 336 -0.3628  1.1941 16.9053
696 336 -0.3701  0.9247 18.2006
720 336 -0.4873  0.8093 22.1470
744 336 -0.8997  0.8270 14.7438
768 336 -1.6237  0.0873 18.2397
792 336 -0.9157 -0.8381 15.2295
816 336 -0.7121 -1.1819 17.7267
840 336 -1.0285 -1.6389 22.7747
864 336 -0.6474  1.0079 15.9709
888 336 -0.7192  1.7311 16.9056
912 336 -0.0852  0.6517 16.6951
936 336  1.4028  0.0818 15.6718
960 336  2.0322 -0.4914 15.0110
984 336  0.4275  0.0003  7.7201
 24 360 -0.0081  0.0174 12.3014
 48 360  8.9930 -8.2302 11.7362
 72 360  7.0668 -4.9542 12.2338
 96 360  0.1247 -12.1380 11.1075
120 360 -3.0552 -6.1836 10.0243
144 360 -6.9160 -4.0566 10.2106
168 360 -7.0753 -8.6946 12.6592
192 360 -6.5951 -8.0878 13.7495
216 360 -0.6386 -3.9731 11.9522
240 360 -5.3928 -3.5625 15.0410
264 360 -5.9110 -3.1494 19.0973
288 360 -0.0566 -28.2614  8.1408
312 360 -11.9432 -2.7435 14.9200
336 360 -7.0891 -3.4823 14.2450
360 360 -7.9746 -0.9892 16.8002
384 360 -6.3031 -2.4388 12.8733
408 360 -2.0938 -2.2426 14.1669
432 360 -1.8098 -2.0921 15.2404
456 360 -1.8995 -1.7817 18.9492
480 360 -0.7427 -1.1571 18.4809
504 360 -0.3722 -0.6898 18.1751
528 360 -0.0213  0.0597 18.4796
552 360  0.1556  0.0774 16.5119
576 360  0.7889  0.2170 15.7977
600 360  1.3133  0.0993 17.2369
624 360  0.1243 -0.2456 17.7966
648 360 -0.5182  0.1605 18.0186
672 360 -0.1949  0.2284 18.3911
696 360 -0.2071 -0.0715 19.9310
720 360 -0.0233  0.1223 19.0646
744 360  0.8994  0.2243 20.6399
768 360  1.8639  0.4378 15.9162
792 360  0.1716  0.1462 17.2738
816 360 -0.1832  0.1504 19.2320
840 360 -0.4223 -0.0554 17.9816
864 360 -0.8525  0.6683 18.6320
888 360  0.1414  1.7405 18.4890
912 360  0.9904  2.0742 14.7571
936 360  0.8601  0.1053 12.6225
960 360  1.0411 -0.2400 15.7964
984 360  3.5117  0.0433  8.3802
 24 384 -0.0140  0.0184 12.4155
 48 384  6.1089 -4.8133 11.6590
 72 384  6.2174 -4.9473 16.4917
 96 384  1.5103 -12.5360 11.7392
120 384 -3.9847 -7.7465 10.1324
144 384 -4.1850 -7.6402 10.4004
168 384 -6.5758 -8.5102 14.0760
192 384 -3.0056 -6.7385 13.7019
216 384 -0.1033 -6.1745 17.5662
240 384 -0.0876 -6.6113 11.7835
264 384  3.0086 -7.6786 10.1717
288 384 -3.0062 -1.3355 10.8053
312 384 -7.0216 -4.8204 13.7288
336 384 -10.7957 -2.7766 16.3667
360 384 -7.7849 -2.5989 13.7979
384 384 -6.5765 -3.3562 13.1972
408 384 -6.6835 -3.3615 11.6092
432 384 -5.6743 -3.2684 14.4115
456 384 -4.0121 -2.6542 13.9613
480 384 -3.1270 -1.6953 15.2034
504 384 -1.8695 -1.8059 15.8807
528 384  0.1858 -0.3536 14.2427
552 384  0.9549 -0.1331 17.6871
576 384  1.7294 -0.0516 16.2385
600 384  1.8648 -0.1876 17.7980
624 384  1.5336 -0.1260 16.1758
648 384  0.5821  0.3256 16.9596
672 384  0.6634  0.3763 16.8895
696 384  0.4560 -0.1500 18.8384
720 384  0.3690 -0.0793 18.7021
744 384  0.7361  0.0166 19.0143
768 384  1.2061  1.7050 18.0380
792 384  0.6321  1.4582 19.9072
816 384 -0.1572  1.3551 18.4430
840 384 -0.2070  1.3621 17.3837
864 384 -1.0390 -0.4767 16.7949
888 384  0.0664  2.0311 14.9515
912 384  0.5276  3.0088 15.0785
936 384 -0.5564  2.6080 14.8326
960 384 -1.8658 -1.0673 12.8900
984 384  3.6017  0.0214  8.9054
 24 408 -0.0169 -0.0135 12.4658
 48 408  1.4094 -4.8755 11.9463
 72 408  3.1238 -4.6362 13.5724
 96 408 -1.6566 -7.6854  8.0018
120 408 -4.0776 -7.6858 11.9234
144 408 -6.8543 -7.7691 10.7132
168 408 -7.0501 -8.2119 17.1634
192 408 -3.6777 -6.1946 16.7629
216 408 -1.1678 -7.8966 13.3174
240 408 -2.8872 -7.9605 15.2633
264 408 -3.7997 -8.5416 19.2332
288 408  1.0000  1.0000  7.9449
312 408 -10.9372 -4.1827 19.5752
336 408 -11.7066 -4.0507 14.6216
360 408 -10.0865 -3.2164 16.9371
384 408 -8.8987 -3.1299 13.4954
408 408 -6.1530 -2.3620 15.9042
432 408 -5.8479 -2.6575 15.1390
456 408 -4.3140 -2.1886 15.6627
480 408 -3.9722 -2.6506 17.5749
504 408 -1.2873 -3.3325 15.0959
528 408  0.0064 -2.0412 16.2464
552 408  0.0672 -1.9528 19.5516
576 408  1.6883 -1.3612 16.8544
600 408  1.9471 -1.2512 22.5008
624 408  2.1158 -0.9156 18.4588
648 408  1.8922 -0.2800 18.7855
672 408  2.6407 -0.0139 16.5499
696 408  2.3131  0.0034 17.1799
720 408  1.7000  0.1504 16.6903
744 408  1.0409  0.5598 17.2406
768 408  0.9016  0.0775 18.3975
792 408  0.8468  0.2713 15.9995
816 408  0.2473  1.5356 17.9231
840 408  1.1225  1.9298 15.3874
864 408  0.1095  2.1441 13.0644
888 408 -4.9580 -0.1307 17.6273
912 408 -4.6205 -0.1017 15.6294
936 408  1.5882  0.8332 12.6587
960 408  0.0279 -0.1832 13.3610
984 408  3.6093 -0.0146  8.8258
 24 432 -0.0158 -0.0266 12.5291
 48 432  1.4376 -4.7878 17.4948
 72 432  3.1449 -4.2488 17.6818
 96 432  0.4768 -3.9289 13.2720
120 432 -2.2691 -6.1133 15.0976
144 432 -2.0471 -6.4522 17.7855
168 432 -0.0920 -5.9896 10.2844
192 432 -2.4053 -5.6171  8.7277
216 432 -2.9624 -8.2018 18.0566
240 432 -3.9707 -8.8900 16.7579
264 432 -3.7337 -8.7642 22.5392
288 432 -8.1478 -6.0847 14.5810
312 432 -9.9519 -6.2159 14.1053
336 432 -9.5226 -4.0482 13.7089
360 432 -10.1256 -6.9995 14.2549
384 432 -9.2987 -5.2203  7.4832
408 432 -7.3046 -5.1407 10.0263
432 432 -6.2438 -2.6584 18.9829
456 432 -6.8444 -2.2591 18.1484
480 432 -4.0246 -2.9497 15.4077
504 432 -3.5824 -3.6894 18.5372
528 432  0.0030 -1.8697 15.4185
552 432  1.2409 -1.7206 19.2334
576 432  1.6584 -1.6953 15.7801
600 432  2.2194 -1.6155 20.5509
624 432  2.5129 -0.1784 19.0218
648 432  2.2807 -0.3737 18.5935
672 432  2.8376 -0.1758 15.9594
696 432  5.9367  1.7992 13.4815
720 432  2.8433  0.7733 15.1754
744 432  1.4817  0.7118 20.3741
768 432 -0.1414 -1.5727 18.7524
792 432 -0.2781 -2.0907 18.9295
816 432 -2.8036  2.2687 16.0397
840 432 -0.6600  3.1048 14.2596
864 432 -0.2025  3.1728 14.1367
888 432 -3.1521  2.3318 14.7980
912 432 -3.2344  2.0671 14.2333
936 432 -0.9901 -1.1763 16.7508
960 432 -0.0278  0.3324 19.7266
984 432  3.5791 -0.0349  8.8125
 24 456 -0.0097 -0.0513 12.4763
 48 456  7.1046 -4.7529 11.2647
 72 456 -2.8803  1.8608 11.6628
 96 456 -2.6742  2.2676 12.7849
120 456 -1.3323 -6.8893 12.4467
144 456 -1.3222 -6.9843 18.7718
168 456 -0.3598 -6.7044 15.9327
192 456 -0.2082 -8.6936 14.6954
216 456 -0.0682 -8.9754 20.5924
240 456  0.1546 -8.9075 16.0724
264 456  0.9779 -9.3183 11.1664
288 456 -0.0078 -5.7575  8.5121
312 456 -10.3146 -7.2615 15.2591
336 456 -10.3794 -7.7458 10.1336
360 456 -5.1252 -9.8434  7.8893
384 456 -6.3036 -14.0921 14.0948
408 456 -9.1200 -2.9623 11.3092
432 456 -8.7169 -2.9380 15.4107
456 456 -4.9561 -5.1144 13.6140
480 456 -3.9122 -3.9484 16.8416
504 456 -3.8171 -3.4855 24.9123
528 456 -0.9568 -2.9459 15.7501
552 456  1.0853 -0.9434 18.9888
576 456  0.6518 -0.1873 15.7140
600 456  1.5682 -0.0780 14.5853
624 456  1.5644 -2.1886 18.7599
648 456  1.9966 -1.1300 22.1774
672 456  2.2267 -0.4834 17.6212
696 456  2.8928  0.4854 12.2156
720 456  3.1238  1.9912 11.4666
744 456  1.2766  2.5388 11.2107
768 456 -0.9893 -0.9396 12.4928
792 456 -5.9936  1.2860 12.4910
816 456 -3.4000  4.1691 16.6207
840 456 -3.0789  2.1736 14.7621
864 456 -3.8704  3.0315 13.3913
888 456 -4.2123  3.2472 16.3860
912 456 -3.8190  3.3191 14.8283
936 456 -1.0999 -0.6834 17.8162
960 456 -0.3242  1.5886 17.7316
984 456  3.5661  0.0537  8.7004
 24 480 -0.0205 -0.0223 12.6064
 48 480  7.0478 -4.3550  9.7187
 72 480 -3.5756  3.1343 14.7385
 96 480 -2.0351  2.5453 11.1568
120 480 -1.8723 -4.9294 12.5155
144 480 -1.0229 -6.9160 15.2398
168 480  1.6238 -8.7518 15.1361
192 480  3.0724 -10.0795 16.2180
216 480  0.1139 -9.1985 11.4988
240 480  1.0961 -8.7515 11.8405
264 480  2.7843 -7.4677 14.6983
288 480  3.0265 -8.6727 14.9037
312 480  1.8955 -12.2377 11.9951
336 480  3.8223 -10.9277 16.5315
360 480  0.9180 -9.9105 16.4854
384 480 -3.1643 -11.9903 13.6830
408 480 -4.0793 -6.1288 14.7387
432 480 -3.9348 -6.6292 15.4063
456 480 -3.6567 -6.3985 16.4850
480 480 -2.5130 -5.7671 15.4792
504 480 -1.8415 -3.8519 12.7389
528 480 -1.1580 -2.7480 13.4357
552 480 -0.4699  0.2183 19.9252
576 480 -0.3650  1.0298 16.5781
600 480 -0.6044  0.9805 14.9441
624 480 -0.3206 -0.9977 19.7292
648 480  0.0240 -1.1430 23.2655
672 480  0.4611 -0.3302 19.7152
696 480  0.4983  0.2067 16.3327
720 480  0.5048  2.9233 14.6657
744 480  1.2163  5.0724 13.1984
768 480 -2.2777  7.4489 11.4140
792 480 -5.3211  3.8300 14.7517
816 480 -3.8474  3.5471 16.3606
840 480 -2.9808  2.3957 18.3883
864 480 -2.2023  5.0520 14.2059
888 480 -0.9649  3.3655 15.3850
912 480 -0.5667  3.1944 12.2831
936 480 -1.6737  2.7617 15.3991
960 480 -1.3573  2.8763 15.7229
984 480  3.6221  0.0763  8.9849
 24 504 -0.0304 -0.0287 12.2499
 48 504  1.2182 -3.2379 11.6074
 72 504 -2.8620  3.8987  8.3691
 96 504 -6.6736 -0.7005  6.7762
120 504 -2.1947 -4.8805 13.8553
144 504  0.1845 -9.1078  9.6959
168 504  2.1676 -8.2557  9.6897
192 504  4.6940 -9.2875 14.4802
216 504  3.5233 -12.3462 11.5096
240 504  2.3485 -11.9274 12.0143
264 504  3.0212 -7.1907 12.0930
288 504  3.0581 -10.0231 13.9856
312 504  3.2104 -12.8255 12.6659
336 504  1.0726 -10.7316  9.9777
360 504  1.6075 -9.6208 13.5364
384 504  0.0859 -6.9636 13.8075
408 504 -2.1611 -5.8436 17.3625
432 504 -3.8172 -6.2435 17.1069
456 504 -3.9061 -6.6206 17.9757
480 504 -1.9003 -4.6575 17.4131
504 504 -0.6876 -4.4933 21.8186
528 504 -0.2424 -3.5311 16.1581
552 504 -1.7745 -0.5275 21.4176
576 504 -0.8318  0.8790 19.7516
600 504 -0.5763  1.0178 20.2817
624 504 -0.9147 -0.3448 16.9937
648 504  0.0628 -1.8660 21.4717
672 504  0.3043 -0.4637 16.5615
696 504  0.6068  0.0691 16.1141
720 504  0.4194  2.6555 14.3114
744 504  0.0883  4.7275 13.9577
768 504 -0.6442  4.6581 10.7266
792 504 -3.0733  3.2517 15.4292
816 504 -1.9902  1.5338 17.4984
840 504 -2.3387  1.7781 15.7856
864 504 -2.1234  3.8113 14.7860
888 504 -0.2838  3.8173 15.3628
912 504 -0.1430  3.9778 14.0248
936 504 -0.3791  3.7139 14.6488
960 504 -1.1804  2.2464 15.5053
984 504  3.6124 -0.0080  8.7552
 24 528 -0.0168 -0.0496 12.2925
 48 528 -0.8591 -7.6217 14.5563
 72 528 -4.2838 -18.9239  8.9041
 96 528 -0.2776 -12.0936  8.6515
120 528  0.2724 -12.1374 19.5944
144 528  2.6691 -12.1372 19.4266
168 528  2.9792 -11.5577 15.4544
192 528  2.9756 -10.3921 14.3944
216 528  2.2081 -12.8045 13.9936
240 528  4.1875 -12.0420 15.0288
264 528  3.9263 -12.0255  9.3249
288 528  7.8824 -14.3931 13.1521
312 528  6.0156 -13.9513 17.4928
336 528  6.0661 -14.1698 13.6963
360 528  5.1499 -10.0132 12.8362
384 528 -0.3119 -6.2321 12.0907
408 528  0.0365 -5.1695 15.8782
432 528 -0.0880 -5.3387 13.6585
456 528 -0.2297 -5.6996 13.6520
480 528  0.1060 -3.4384 17.2062
504 528  0.0549 -3.2313 23.1953
528 528 -0.1850 -2.3105 18.8940
552 528 -1.8212 -0.6885 19.6882
576 528 -1.2491  0.0606 14.6669
600 528  0.1784  0.6154 15.5206
624 528 -0.0320 -0.4624 14.7485
648 528  0.2594 -2.7928 17.9661
672 528  0.1904 -2.6150 19.1241
696 528  0.8671 -0.2092 16.6067
720 528  1.6378  1.2260 12.3085
744 528  0.0789  7.1177 16.2327
768 528  0.7917  6.5941 15.2297
792 528 -1.4295  0.6443 11.7521
816 528 -0.4953  0.2665 16.2879
840 528 -0.4088  0.7421 16.3760
864 528 -1.8279  4.2064 14.0260
888 528 -0.2370  3.6858 11.7968
912 528 -3.9774  0.8524 16.2521
936 528 -4.8420  3.2026 13.3511
960 528 -0.9985  0.0140 14.9696
984 528  3.6072 -0.0339  8.8838
 24 552 -0.0242 -0.0306 12.9073
 48 552 22.9030 24.0635  8.6345
 72 552  0.9524 -17.2785 13.1738
 96 552  0.3227 -17.7300 10.5072
120 552 -0.4505 -12.6915  8.8434
144 552  3.9336 -11.7451  9.8505
168 552  3.8033 -11.1050 13.3948
192 552  3.0037 -11.8656 13.4569
216 552  4.4536 -14.0298 14.8592
240 552  5.0267 -13.9307 13.2751
264 552  8.0311 -15.8918 15.2709
288 552  6.1023 -15.8448  8.1396
312 552  7.8462 -14.5787  9.1992
336 552  1.2586 -10.5834 12.2893
360 552  2.6416 -9.2966 13.7129
384 552  1.3679 -7.0996 16.1731
408 552  2.7803 -4.5492 16.3412
432 552  2.7264 -4.2001 16.0108
456 552  2.5441 -4.0719 17.1496
480 552  0.6702 -3.2067 19.0859
504 552  0.1311 -1.3883 19.2229
528 552  0.0692 -0.5444 19.8904
552 552  0.1803 -0.3305 21.1153
576 552  0.1782 -0.3801 13.5410
600 552 -0.0523  0.7435 13.6252
624 552 -0.0561 -0.0500 14.9564
648 552  0.8109 -3.1538 17.8230
672 552  1.6546 -2.9102 14.1705
696 552  0.7220  3.1445 13.6710
720 552  0.6707  6.0262 16.8458
744 552  1.1171  8.8451 14.4407
768 552  1.2260  8.0322 11.4410
792 552  0.2177  4.9004 10.2626
816 552 -0.0236  0.4438 13.7964
840 552 -0.2458  0.2961 12.6884
864 552 -1.2584  6.1380 16.5374
888 552 -0.9351  6.2362 12.6076
912 552 -3.7889  0.2128 12.0969
936 552 -0.3581  0.4152  8.3421
960 552 -0.6355 -0.8095 14.5931
984 552  3.5945 -0.0027  8.9368
 24 576 -0.0270 -0.0370 12.7181
 48 576  1.9990 -16.7501 13.0056
 72 576  0.8764 -16.1369 11.2306
 96 576  0.7024 -17.5039  8.8698
120 576  0.9177 -17.1243 10.0905
144 576  0.9455 -16.1702 20.7122
168 576  0.0119 -15.0683 14.9885
192 576  1.2234 -13.2083 13.4332
216 576  3.3169 -13.7718 10.9537
240 576  4.9117 -12.0027  8.3973
264 576  5.8213 -14.9683 12.2425
288 576  0.9728 -6.0264 13.9629
312 576  1.7905 -7.1154 16.3511
336 576  2.1922 -8.6810 20.5378
360 576  2.0704 -8.5908 17.7526
384 576  1.3040 -7.9732 19.1979
408 576  2.6808 -5.5946 15.9227
432 576  3.5832 -4.2062 16.7111
456 576  4.0057 -2.0433 13.2432
480 576  1.6603 -1.1890 18.8285
504 576  0.2348 -0.4144 23.0101
528 576  0.4147 -0.1541 20.9005
552 576  1.3465 -0.2051 18.4336
576 576  2.0289 -1.0074 15.1662
600 576 -0.4042  0.9283 17.7954
624 576 -0.2297  0.1865 16.2238
648 576  0.9784 -3.0409 16.6119
672 576  1.8606 -3.1860 11.3501
696 576  1.7255  5.8995 16.6676
720 576  0.9883  5.7934 17.8223
744 576  1.2595  9.5301 13.9097
768 576  1.8753 11.7631 12.1498
792 576 -0.2695  6.8232 12.8173
816 576 -3.1277  6.2374 14.6957
840 576 -5.8305  2.1143 14.4601
864 576 -5.6118  4.6558 13.2127
888 576 -0.3366  8.7254 14.1118
912 576  1.0844  7.9950 19.5192
936 576  1.8684  2.1872 12.8255
960 576  0.4681 -2.0294 13.7985
984 576  2.9880  0.0114  8.6565
 24 600 -0.0216 -0.0232 12.9868
 48 600  1.8415 -16.3794 13.3530
 72 600  3.2352 -16.0674 14.5322
 96 600  0.6553 -12.4273 21.4990
120 600  0.8237 -12.4549 20.0521
144 600  2.1458 -15.3118 10.3104
168 600  0.7780 -16.4163  8.1206
192 600  0.9603 -12.9916 14.7083
216 600  2.7749 -13.7963 14.5118
240 600  3.9911 -16.0986 17.8388
264 600  4.9037 -14.8255 11.2725
288 600  1.8798 -7.6267 18.8977
312 600  1.6626 -7.4384 14.8516
336 600  2.1374 -8.6611 15.0038
360 600  3.8092 -7.0419 14.8111
384 600  5.5322 -9.2003 11.2546
408 600  6.5925 -9.8656 11.6818
432 600  6.9821 -8.0164 12.9438
456 600  1.3197  1.0735 12.1233
480 600  1.2570  1.1467 14.9949
504 600  1.5213  1.2450 20.3998
528 600  1.3981  0.1245 21.4028
552 600  1.5111  2.9902 16.2778
576 600  2.1821  3.8524 16.3346
600 600 -0.1721  1.3986 17.4096
624 600  0.5075  0.0797 17.4550
648 600 -0.0597  0.7654 14.9256
672 600  0.1806  1.7725 18.1878
696 600  0.8136  3.7209 16.0617
720 600  0.0987  4.3557 17.9618
744 600  1.1193 13.3745 13.9202
768 600  0.9019 13.7781 12.3002
792 600 -1.9731  8.7271 12.2124
816 600 -1.8815  6.8880 14.4409
840 600 -1.6664  4.7937 14.3247
864 600 -3.9348  4.0229 16.3529
888 600 -3.9154  4.0304 17.4697
912 600  0.9646  6.3043 13.5942
936 600  1.6260  2.7716 11.0424
960 600 -0.6230 -6.3888 15.3772
984 600  2.8037 -0.0435  8.8354
 24 624 -0.0197 -0.0463 13.0323
 48 624  0.2999 -8.8617  7.2352
 72 624 -1.8916 -14.9087  7.1965
 96 624 -0.3469 -9.9002 23.0734
120 624 -0.0210 -9.9956 19.6474
144 624  2.2559 -11.7775 12.9806
168 624  1.9878 -10.6371 14.7516
192 624  2.8114 -15.1786 10.5719
216 624  3.7958 -15.1674 12.8349
240 624  4.8532 -15.2473 15.0634
264 624  3.0538 -10.7540 12.1177
288 624  2.3401 -8.8546 11.2541
312 624  5.7116 -11.9397 11.0045
336 624  5.5498 -13.0642 16.9746
360 624  7.0293 -9.1832 14.5495
384 624  6.1813 -9.3627 13.2286
408 624  5.8501 -9.7997 12.0139
432 624  1.8784 -0.7344  9.9935
456 624  1.7826 -0.9070 13.3895
480 624  1.1466  1.1912 14.4111
504 624  2.1116  0.4860 20.9121
528 624  2.6794  0.4234 18.4007
552 624  2.7529  3.1828 14.3278
576 624  2.9881  4.8134 18.0567
600 624  2.2368  3.7636 14.7732
624 624  2.0833  3.6471 11.9627
648 624  1.9081  3.9682 15.1770
672 624  0.2404  1.2941 17.9206
696 624  0.0075  1.8613 16.8958
720 624  0.9787  9.2044 14.6968
744 624  3.9491  9.5659 13.0907
768 624  4.0218  6.2525  9.0952
792 624  2.1548 11.0777 10.3456
816 624 -0.0517  6.1956 14.0495
840 624 -0.3678  5.4231 17.5332
864 624 -2.8090  3.8312 16.5392
888 624 -4.8666  3.1961 18.3513
912 624 -2.0272  0.1279 15.0475
936 624  0.7872 -5.5485 14.4182
960 624 -0.2459 -7.1622 15.9617
984 624  3.5276 -0.0531  8.8434
 24 648 -0.0016 -0.0050 12.3443
 48 648  2.1451 -8.0974 12.1724
 72 648  2.8075 -9.0229 12.6121
 96 648  0.6725 -11.1129 14.8566
120 648  0.7021 -11.1079 13.9359
144 648  1.0640 -11.0785 16.1800
168 648  1.6140 -14.2132 10.4434
192 648  2.0390 -16.1028 11.4956
216 648  3.1902 -15.1259 10.8743
240 648  5.2533 -15.1023 14.8429
264 648  6.3546 -13.1143 14.0575
288 648  6.7124 -12.4955 18.0935
312 648  6.2439 -12.7466 13.8912
336 648  6.2602 -12.8699 14.9379
360 648  7.3101 -8.8528 14.9474
384 648  7.7477 -8.7229 13.4092
408 648  7.3178 -8.0654 17.0298
432 648  1.8909  0.6587 12.0886
456 648  1.4893 -2.7910 17.3045
480 648  2.2181 -1.0463 17.2025
504 648  4.1960 -0.1498 18.7105
528 648  3.2766  1.1712 15.0555
552 648  2.7209  3.6742 14.9221
576 648  2.1475  4.7745 18.4054
600 648  1.1490  3.9871 16.0203
624 648  1.4578  4.3655 12.8469
648 648  2.3550  3.7857 16.6525
672 648  2.0507  2.9644 14.8888
696 648  0.1494  1.7129 14.9476
720 648  1.3481  8.7023 14.3766
744 648  3.8533  9.7673 16.0722
768 648  3.7866 10.3307 15.0812
792 648  4.2248 13.1694 12.9110
816 648  0.6885  7.3339 14.0533
840 648  0.1472  5.5737 16.5741
864 648 -2.7152  3.8809 15.3827
888 648 -1.7536  0.0310 25.6431
912 648 -2.2186 -0.3257 31.2536
936 648 -0.2060 -2.5707 17.0876
960 648  2.6207 -3.6204 14.6954
984 648  3.5056 -0.3343  8.1361
 24 672  0.0116  0.0149 11.8210
 48 672  1.2348 -7.0125 12.7751
 72 672  3.8412 -8.0524 11.4492
 96 672  1.9327 -10.3300 11.4124
120 672 -0.6312 -10.8807 13.0125
144 672 -9.5717 12.9735  7.6174
168 672  7.9614 -14.0699 11.2975
192 672  4.0245 -14.0369 10.7851
216 672  5.0896 -15.0768 13.1420
240 672  5.1992 -14.4612 14.9634
264 672  5.7048 -12.7649 10.7816
288 672  9.9500 -12.2554 13.8180
312 672 12.2364 -12.9831  6.7015
336 672  8.0491 -11.6518  7.6732
360 672  7.9472 -10.5182 12.3361
384 672  9.6186 -8.8579  9.6733
408 672  9.8061 -11.6370 14.3187
432 672  8.6900  1.3950  7.9015
456 672  3.5685 -2.4021 19.1853
480 672  3.9384 -1.8583 19.5273
504 672  2.4798  0.2669 14.4013
528 672  2.4751  1.7463 19.3703
552 672  1.9147  4.8290 18.3240
576 672  1.6350  5.3227 20.0918
600 672  0.8057  4.2081 19.3049
624 672  1.6683  4.6962 13.9271
648 672  2.6627  4.8974 11.2091
672 672  1.1440  4.8021 13.5464
696 672  0.1542  1.4925 15.2826
720 672 -0.0725  2.3313 16.9991
744 672  2.0260  9.3843 13.4998
768 672  2.6389 10.2100 13.1730
792 672  1.9597 10.0059 13.5232
816 672  1.6696  7.2317 16.9235
840 672  0.4351  5.7357 19.6485
864 672 -0.2349  4.0140 18.8826
888 672 -1.6034 -0.0985 27.2901
912 672 -2.1358 -0.4510 26.7220
936 672 -0.4325 -2.4089 17.8834
960 672  1.2513 -3.5135 15.4251
984 672  0.5754 -0.1748  8.1241
 24 696 -0.0086 -0.0381 11.9101
 48 696  0.3147 -7.8621 14.4389
 72 696  1.6778 -8.2098 14.2685
 96 696  2.2814 -9.7798  8.2309
120 696  0.1696 -8.0213  9.4654
144 696 -0.7843 -15.6613 15.1843
168 696 -0.8380 -15.4483 15.2312
192 696  1.2184 -13.9507 16.8453
216 696  2.2393 -14.1629 16.3695
240 696  0.9885 -16.0425  7.4331
264 696  6.9106 -14.8418 11.0088
288 696 11.1396 -11.9501 11.2200
312 696 11.9065 -12.7218 10.9960
336 696  9.9570 -10.9681 15.5759
360 696  9.9070 -10.0780 14.9330
384 696  9.0316 -7.1678 13.2972
408 696  6.9557 -5.3250 11.8530
432 696  8.2550  4.6008 13.4930
456 696  4.5930 -0.2137 13.4332
480 696  4.1475 -0.1191 15.8263
504 696  8.0488  2.2222 14.6073
528 696  3.4005  2.5513 13.2514
552 696  2.5585  3.5749 15.7163
576 696  2.9013  4.5701 15.6058
600 696  1.8842  0.9686 13.4827
624 696  0.1504  6.3598 12.5292
648 696  0.3278  8.9759 14.6586
672 696  1.9442  8.5332 13.5829
696 696  0.2499  2.8183 12.6552
720 696 -0.0721  1.4088 15.4880
744 696  0.7203  3.5145 16.6365
768 696  0.8676  3.0842 11.4591
792 696  2.1987  7.9408 17.0487
816 696  2.1884  7.6402 21.8499
840 696  0.7602  5.9429 15.2835
864 696 -0.1391  4.0043 17.0341
888 696 -1.4419  0.1410 20.3065
912 696 -1.2753 -0.1788 20.6148
936 696  0.3018 -4.8756 16.8946
960 696  0.0070 -5.0674 17.7001
984 696  2.1703  0.0106  8.6270
 24 720  0.0073 -0.0184 11.8161
 48 720  0.5300 -8.1989 13.1798
 72 720  0.2914 -7.7393 14.7591
 96 720 -0.9733 -7.1611 11.7108
120 720 -8.0551 -15.1295 10.3377
144 720 -5.8874 -13.1042  7.8558
168 720  0.2026 -13.8198  9.1421
192 720  0.8669 -13.8265 13.7310
216 720  1.7524 -13.8412 15.6987
240 720  3.9503 -13.3453 11.1398
264 720  2.2259 -17.6627 11.3974
288 720  6.9799 -13.3216 11.8751
312 720  9.2321 -13.8941  8.9791
336 720 10.6773 -10.6177 12.1594
360 720  8.4255 -9.3585 15.0928
384 720  7.2607 -7.6488 13.6872
408 720  6.7092 -4.7019 12.7300
432 720  5.3297 -0.1770 12.1241
456 720  8.6956  3.4959 16.9804
480 720  0.2848  4.0585 11.6247
504 720  9.9072  2.7657 16.0733
528 720  7.9372  3.6256 10.7459
552 720  5.3275  1.2180 23.1342
576 720  5.0979  1.6649 19.7367
600 720  5.8022 10.2191 15.0010
624 720  2.3361 11.7072 13.8207
648 720  0.2353  8.1478 11.6570
672 720  4.3511  6.5342 13.1687
696 720  4.2363  6.0959 12.2726
720 720  1.9536  5.0477 10.6230
744 720  2.4927  3.3320 15.0534
768 720  1.9216  4.7885 13.7056
792 720  2.4503  5.9289 16.3618
816 720  1.9255  7.3217 13.0188
840 720  1.1602  1.1159 15.5733
864 720  2.1571  7.0865 17.6511
888 720  4.0701  7.9187 14.5740
912 720 -0.6362 -2.0933 14.6622
936 720 -0.5493 -5.3417 13.9573
960 720  0.3131 -6.9169 18.3990
984 720  3.5324 -0.0053  8.4691
 24 744  0.0042 -0.0175 12.3420
 48 744 -3.9168 -9.4993 14.3460
 72 744 -1.8878 -8.1051 13.9032
 96 744 -2.0789 -2.1416 10.8559
120 744 -5.0921 -9.6025  7.4485
144 744 -3.2776 -10.9918 13.4133
168 744 -2.2673 -12.9163 16.1266
192 744 -1.6557 -12.5751 12.2486
216 744  2.1407 -13.9803 11.6710
240 744  3.1007 -15.0057  9.7180
264 744  4.0071 -16.0059  8.4671
288 744  8.0003 -14.3802 13.2871
312 744  7.8483 -14.3368 14.0386
336 744 15.0741 -2.8599  6.6872
360 744  8.0217 -7.3978 12.7836
384 744  5.1110 -7.7228 12.3451
408 744  5.1673 -7.6484  8.0922
432 744  8.3437  3.0360 10.6796
456 744  1.0000  1.0000  9.2487
480 744 11.1589  7.2298 15.5674
504 744 13.3101  6.6007 17.8883
528 744  5.6867 -1.7835 10.5490
552 744  5.6834  0.1046 20.6414
576 744  4.2678 -0.0956 17.9948
600 744  3.9130 12.1802 12.7020
624 744  3.3986 13.7121 15.9894
648 744  3.8355  4.9837 13.9141
672 744  3.9224  6.7668 13.1893
696 744  1.9433  9.0839 10.9412
720 744  5.9444 14.8487  9.1466
744 744  5.7706  5.9706 11.8450
768 744  3.7008  5.9867 13.6113
792 744  2.4387  6.1147 16.8440
816 744  2.0237  1.0798 13.9539
840 744  1.6864  0.6886 16.2453
864 744  2.0091  7.3988 14.1763
888 744  2.0265  7.0815 13.1763
912 744  2.0046  4.3255 12.3419
936 744 -0.1126 -2.9937 14.9348
960 744  1.8365 -7.6827 10.6913
984 744  3.5526  0.0448  8.1274
 24 768 -0.0109 -0.0507 12.4216
 48 768 -9.3747 -7.8313 11.3520
 72 768 -9.3633 -7.1474  7.6770
 96 768 -5.8760  0.2013 11.5758
120 768 -9.6868 -7.4699  8.6454
144 768 -7.8293 -7.9287  9.5759
168 768 -5.2615 -11.6566 18.0667
192 768 -4.7384 -11.6823 19.7939
216 768 -3.9084 -14.2861  9.7208
240 768 -2.8657 -16.0177 12.2005
264 768  6.9507 -6.0234  8.5132
288 768  8.1693 -10.1097  9.6413
312 768  4.7547 -10.4089 10.2658
336 768  3.9440 -9.5610 13.0144
360 768  2.1679 -7.4475 13.9299
384 768  8.3923 -6.9960 13.5982
408 768  6.9668 -7.1033 14.8137
432 768  9.3369  2.0295 11.0834
456 768  9.6152  5.1023  9.4415
480 768  8.0157  4.0539 17.5578
504 768  7.8606  3.9215 10.9994
528 768  5.7697  0.8614 10.8471
552 768  5.8888 -2.1694 18.8528
576 768  4.9755 -2.3931 18.5901
600 768  3.7670 14.5946  8.0284
624 768  2.1337  3.2536 12.4873
648 768  3.1269  5.7419 14.6254
672 768  1.9323  8.8635 14.3400
696 768  1.8304  9.1273 14.2713
720 768  0.7580  9.7698  9.8536
744 768  2.2935  8.9349 12.1817
768 768  4.6374  7.0174 11.0360
792 768  3.9471  9.8941 10.4388
816 768  1.9151  4.0847 11.1381
840 768  1.9321  0.9419 12.0043
864 768  2.1386  7.8345 18.3942
888 768  1.9529  7.1390 16.3876
912 768  1.0401  5.7332 15.3234
936 768  0.4805  5.4373 14.4024
960 768 -4.2364 -9.6905 12.5214
984 768  3.5441 -0.0692  8.1113
 24 792 -0.0113 -0.0563 11.9170
 48 792 -8.9936 -7.1328 11.9656
 72 792 -10.6537 -7.0177 12.9463
 96 792 -11.5076 -6.6015 11.4403
120 792 -11.8079 -5.9188  8.7024
144 792 -13.1728 -9.0794  8.5511
168 792 -5.8651 -12.0176  9.8208
192 792 -5.7479 -12.8167 11.7236
216 792 -5.8897 -13.4652 11.0768
240 792 -2.7598 -15.0605 12.6827
264 792  5.0411 -7.6089 10.0001
288 792  5.8053 -8.6664 15.6162
312 792  3.9443 -9.0321 15.2709
336 792  2.4044 -8.9595 16.2275
360 792  2.3353 -8.6844 16.6632
384 792  9.6099 -5.4205 11.5750
408 792  6.8888 -6.2319 13.4619
432 792  9.8176  2.9849 13.0927
456 792  8.9040  5.8209  9.5535
480 792  9.5095  5.0382 14.1803
504 792  8.0947  3.9361 14.1097
528 792  4.1817  3.8614 14.2346
552 792  6.8184 -0.0799 15.8680
576 792  6.1126 -3.7203  9.0117
600 792 11.0342  7.3149  9.7486
624 792  2.1399  2.9097 13.3494
648 792  2.2954  2.9993 16.4164
672 792  1.0208  5.8559 14.4064
696 792  0.9590  6.1422 12.3658
720 792  3.2150  8.1421 10.5788
744 792  3.3751  7.8287 11.1124
768 792  4.4040  7.6433 14.8261
792 792  4.8625 10.9583 14.5216
816 792 -0.1477  1.1758 10.9962
840 792  2.5689  5.1482 12.5378
864 792  4.8504  6.7955 15.3851
888 792  1.6847  6.1786 16.4619
912 792  1.7903  5.7964 16.2889
936 792  1.0944 -0.9371 16.3670
960 792  1.0291 -0.6973 17.0929
984 792  3.4090 -0.0070  8.3049
 24 816 -0.0113 -0.0448 12.4115
 48 816 -6.8776 -6.4349 18.3880
 72 816 -7.9435 -7.0617 17.3563
 96 816 -8.4039 -4.7131 11.8069
120 816 -9.1256 -5.1305 13.1986
144 816 -10.3352 -8.1033 10.3408
168 816 -10.8608 -10.6315 10.1737
192 816 -6.3978 -12.6386 13.8776
216 816 -5.8573 -13.5580 15.9137
240 816  1.8463 -7.3588 13.8500
264 816  2.0733 -8.3877 18.0602
288 816  3.9038 -5.0664  9.1378
312 816  6.0087 -0.9028 10.7289
336 816  2.1475 -3.4908 11.7042
360 816  4.8471 -9.0890 10.6676
384 816  3.9983 -6.7338 15.0505
408 816  6.9188 -6.0257  8.8264
432 816 10.3767  4.6683 12.3028
456 816  9.2458  0.2608 10.4408
480 816  8.9096  4.1891 13.1280
504 816  8.1160  4.0365 13.8623
528 816  6.8150  5.2188 13.8814
552 816  8.8627  2.9858 14.2238
576 816  9.0444  5.8013 17.2289
600 816  9.6831  5.8741 18.1474
624 816 10.3578  8.5410  8.5338
648 816  3.8855  0.1730  8.6725
672 816  1.6862  5.1439 16.2952
696 816  2.7790  6.3021 14.6131
720 816  3.1858  7.0989 12.1683
744 816  5.1642  1.9022 11.4806
768 816  4.4360  7.2145 12.5374
792 816  4.7017  9.9735 12.1390
816 816  5.8628  5.0166  8.1303
840 816  7.6556  8.6658 13.8152
864 816  4.3903  6.6858 14.0265
888 816  3.9723  6.6289 14.3719
912 816  2.7624  4.1238 13.8032
936 816  0.1120 -1.7109 17.8012
960 816  0.8222  0.0011 22.0532
984 816  2.0402 -0.0404  7.9695
 24 840  0.0061  0.0089 12.2416
 48 840 -2.4908 -6.1268 15.7994
 72 840 -1.8994 -6.3209 15.0156
 96 840 -7.9031 -4.8684 15.5862
120 840 -6.3594 -4.0693 18.3031
144 840 -6.7767 -9.3179 15.2501
168 840 -8.1493 -9.9849 16.7727
192 840 -7.1483 -12.1884 14.4068
216 840 -7.5985 -11.9825 12.9337
240 840  1.6376 -9.0595 16.5111
264 840  2.2639 -8.7360 16.8230
288 840  2.9944  0.8363 11.5226
312 840  3.9545  0.6072 13.6927
336 840  4.0934 -2.0767 15.2859
360 840  3.1794  0.0426 10.6529
384 840  3.3508 -6.7747 12.5361
408 840 -33.6715  0.1287  9.1588
432 840  9.9814 -0.9927 13.6975
456 840 -25.9642 -13.8198  7.2450
480 840  8.6831 14.0443  8.0160
504 840  8.0141  4.4483 14.4958
528 840  8.8492  5.1432 13.5860
552 840  9.2399  2.8376 12.6052
576 840  9.0138  4.8070 11.6262
600 840  8.9672  4.3861 10.9322
624 840 10.0535  3.4512  8.4534
648 840 -26.1496 -18.9430  9.7125
672 840  8.2822  5.7501 12.9022
696 840  7.8751  5.0972 15.4937
720 840  7.4743  3.7548 11.2365
744 840 10.8892  2.6479 13.3697
768 840  8.0317  3.9832 11.8867
792 840  8.3242  1.4614 19.5063
816 840  7.9480  1.8828 10.7319
840 840  5.2452  5.9069 14.0055
864 840  5.0610  6.0961 11.7810
888 840  4.1164  6.2609 13.8177
912 840  3.5303  4.3938 15.9257
936 840  3.8280  3.7654 17.8505
960 840  2.1176  0.2962 18.7346
984 840  2.3263  0.0183  7.9373
 24 864 -0.0001  0.0230 12.3004
 48 864 -1.3026 -5.7418 17.8862
 72 864 -4.0907 -4.5298 15.1770
 96 864 -5.0666 -2.7196 16.4634
120 864 -6.2071 -3.5964 18.2658
144 864 -6.1808 -7.7288 14.5478
168 864 -6.1995 -9.1880 15.2335
192 864 -7.8458 -10.6952 15.5217
216 864 -7.8052 -8.9703 12.2532
240 864 -6.4618 -3.2889 11.8842
264 864 -2.8272 -1.3018 12.8635
288 864 -1.3010 -1.1595 11.1965
312 864  1.0257 -2.8304 12.0492
336 864  4.2587 -1.3860 17.6320
360 864  3.9804 -1.5254 15.1699
384 864  4.1038 -4.5358 22.7088
408 864 -34.0956  1.0603 13.5822
432 864  7.3110 -9.7409 11.9291
456 864 13.0565 10.3977 16.6192
480 864 12.8856 10.7636 13.9339
504 864  5.8481  3.7046  7.4267
528 864  9.0327  5.3665 13.7267
552 864  8.8541  1.0765  9.7275
576 864  7.3745 -0.2185 12.5910
600 864  5.7184  1.5507 12.5679
624 864  4.9521  2.1577  9.4552
648 864 11.9702  3.4845 11.9416
672 864  9.8728  4.5517 16.5424
696 864  9.2092  4.4775 18.8958
720 864  9.0250  4.1489 10.5193
744 864 12.7923  3.6120 18.0007
768 864  9.0737  1.1455 13.6771
792 864  8.9359  1.1665 22.3306
816 864  7.0532  6.1819 12.6856
840 864  6.6302  6.8901 16.3946
864 864  5.7896  7.6755 14.8513
888 864  4.9187  5.2307 13.6008
912 864  5.0364  4.9804 15.1455
936 864  3.9811  2.4129 16.7270
960 864  4.4057  1.2362 16.2476
984 864  0.4023  0.0616  8.2292
 24 888 -0.0099  0.0410 12.6059
 48 888 -4.0176 -3.9841 15.9026
 72 888 -4.2592 -4.2094 17.5748
 96 888 -5.9016 -5.0799 16.3589
120 888 -9.9483 -4.0526  8.7728
144 888 -9.3128 -4.0909 13.2010
168 888 -11.8561 -2.7898 11.9842
192 888 -11.8617 -5.3080  7.1381
216 888 -10.1592 -10.8146 13.0936
240 888 -6.9034 -3.8977 11.0703
264 888 -1.7496 -2.2426 10.2238
288 888  0.3010 -4.9450 13.3617
312 888  1.7045 -4.3169 13.7327
336 888  3.6224 -0.9204 16.1782
360 888  3.6245 -1.8280 14.1014
384 888  4.1241 -4.3856 17.5726
408 888 -34.2611  3.0342 11.2383
432 888 10.0906  6.8581  9.8291
456 888 11.2293 13.7401 14.8217
480 888 12.4578 14.0391 13.5463
504 888 12.9957 13.8358  8.7807
528 888  8.8049  6.2987 12.1492
552 888  8.2556 -0.1882 14.7642
576 888  7.6386 -0.5088 15.3344
600 888  6.7729 -0.8224 16.9175
624 888  3.9460 -2.0300 12.2706
648 888 11.7523 -10.4905  9.1772
672 888  9.1003  3.7592 18.7340
696 888  8.3582  2.8030 15.4750
720 888  8.7898  2.3892 13.9365
744 888 10.1028  3.9959 11.4916
768 888  9.7402  2.1815  9.8444
792 888  9.9156  2.1160 12.1513
816 888  6.5927  6.7252 13.6464
840 888  5.2475  6.8107 20.0742
864 888  4.1596  6.2017 14.8584
888 888  4.5893  5.2223 13.3291
912 888  5.3412  4.9852 15.7727
936 888  4.3034  3.2860 15.1312
960 888  4.4336  1.5996 15.5451
984 888  0.4355 -0.0460  8.1664
 24 912 -0.0117 -0.0121 12.5599
 48 912 -2.1975 -1.3848 19.4670
 72 912 -5.6212 -5.2266 17.8844
 96 912 -2.1240 -3.1693 13.7213
120 912 -3.7343  0.1268 10.7040
144 912 -10.0674 -3.2652 12.8496
168 912 -9.9003 -3.1457 17.1338
192 912 -9.1111 -4.9365 15.4204
216 912 -8.9405 -8.1992 11.2636
240 912 -9.9222 -6.5323 12.4983
264 912 -8.8927 -6.0531 14.5554
288 912 -6.2542 -7.6436 10.9080
312 912  1.8229 -4.7309 12.5630
336 912  2.4003 -1.4941 15.4790
360 912  4.1450 -4.9402 17.0012
384 912  6.2876 -7.8282 12.2201
408 912 -1.1881 -6.2867  9.3258
432 912 11.0057  6.9802  9.8943
456 912  1.9013  9.9565  5.7638
480 912 -18.2703 -9.7437  5.0183
504 912  9.9940  2.1753  6.6908
528 912  8.1534 12.1499  8.6892
552 912  8.4534 -0.0597 11.5455
576 912  7.9488 -0.0104 15.7977
600 912  6.1254 -0.4222 19.5269
624 912  3.9050 -2.2970 18.7763
648 912  4.6682 -2.6599 10.4998
672 912 -3.2550  1.1296 13.6178
696 912  4.8182 -0.0089 14.5201
720 912  5.7079  0.4695 16.1265
744 912  8.0649  2.7537 12.2857
768 912  9.0346  5.7233 11.0979
792 912 10.6237  9.4060  8.7641
816 912  5.7800  7.7712 14.3268
840 912  4.2905  7.3321 18.3922
864 912  3.8894  7.4118 11.6457
888 912  5.0935  2.5698 11.5557
912 912  6.6959  4.5236 16.0418
936 912  5.1104  3.7327 14.3749
960 912  5.3222  3.6736 15.9720
984 912  3.5455  0.0956  8.6272
 24 936 -0.0135 -0.0304 12.6731
 48 936 -3.3874 -3.8335 17.8751
 72 936 -1.0717 -3.1875 12.1912
 96 936 -6.0469 -1.9852 11.7134
120 936 -8.4502  0.0845 11.6642
144 936 -9.0877 -1.5519 18.2008
168 936 -9.5968 -3.1186 15.5059
192 936 -9.6598 -3.1787 17.2383
216 936 -8.0326 -2.8984 13.3555
240 936 -9.8609 -6.3381 17.9365
264 936 -9.3612 -6.2084 18.3368
288 936 23.9205  6.0882  6.6364
312 936 -7.6169 -11.0326 11.2322
336 936  1.0949 -7.8788 15.7951
360 936  4.0004 -5.8227 14.6403
384 936  2.9966 -6.5463 10.1751
408 936  5.6041  5.3475 14.4787
432 936  0.0343  0.6004 13.5302
456 936 14.2374 -1.8292  7.0575
480 936  3.3951 11.5668  8.7053
504 936  4.0057  5.0727  7.6610
528 936  4.1013  8.7354 10.2129
552 936  4.9828  5.8707 10.5123
576 936  5.9949  0.1705 15.0551
600 936  3.0317  0.0475 15.5203
624 936  3.4033 -1.6895 18.7558
648 936  3.5690 -4.0198 17.0638
672 936  4.0280 -4.1956 14.1504
696 936  3.6096  0.9560 16.4257
720 936  4.3241  1.2816 19.7951
744 936  7.7852  2.7489 17.6745
768 936  8.0500  3.1299 11.5432
792 936  7.1076 12.0209  8.2844
816 936  4.1889  7.6764 10.0624
840 936 -6.1376 -29.7651  8.8558
864 936 27.2520  0.2607 13.4652
888 936 12.0541  1.9526  8.5202
912 936  7.0016  4.7526 13.7580
936 936  8.6232  6.4484 13.9845
960 936  6.7325  5.2174 13.5665
984 936  3.5890  0.0206  9.0474
 24 960 -0.0180 -0.0226 12.8110
 48 960 -2.1940 -3.7723  8.9774
 72 960 -7.9621  7.7091 11.7230
 96 960 -6.1556 -2.1195 12.4830
120 960 -7.4732 -1.8611 14.6796
144 960 -7.9708 -2.4725 20.6725
168 960 -7.8108 -2.1307 21.5069
192 960 -11.0774 -2.0865 16.2363
216 960 -9.3764 -2.6414 16.6783
240 960 -9.9669 -6.0297 11.1099
264 960 -10.0907 -5.4641 10.9771
288 960 -9.6498 -6.1611  9.5868
312 960 -8.3615 -11.3656 19.1018
336 960 -8.6621 -11.3336 15.7562
360 960  3.9007 -2.2212 10.0190
384 960  4.9421  3.3725 14.5835
408 960  5.3357  3.5453 17.4744
432 960  0.1774  0.2574 15.6290
456 960  5.8358 -1.9794 12.5965
480 960  6.1330  1.0800 12.4225
504 960  5.9997  3.7389 11.4435
528 960  1.8575  4.5338 12.3734
552 960  5.1173  5.0014 14.1084
576 960  5.1940  0.3229 11.9652
600 960  2.4935 -0.3594 15.7360
624 960  2.2317 -1.5148 19.0480
648 960  2.0941 -2.6555 12.8408
672 960  4.0175 -3.4859  9.6570
696 960  3.3539 -2.1671 12.6247
720 960  4.9340  3.9660 11.9739
744 960  4.9612  6.6224 13.5441
768 960  5.2540 -0.7540 18.4044
792 960  4.0208  0.0307  9.4926
816 960 -8.1641 17.9838 14.8447
840 960 -9.9654 15.8442 16.1375
864 960 28.1971  3.4483 19.3768
888 960 -6.8719 -24.8817  9.4510
912 960 10.2010  7.0598 11.4244
936 960  9.3499  8.1801 17.4613
960 960  8.8823  7.1143 14.1306
984 960  3.5435  0.0228  8.7064
 24 984 -0.0018  0.0031 15.1359
 48 984 -0.0033  0.0064 12.4799
 72 984 -0.0087  0.0010 12.3746
 96 984 -0.0215  0.0143 12.3821
120 984 -0.0034  0.0130 12.4097
144 984  0.0084  0.0028 12.2537
168 984  0.0028  0.0034 12.0549
192 984  0.0073 -0.0025 12.0889
216 984  0.0111 -0.0086 12.1437
240 984  0.0131 -0.0096 12.1315
264 984 -0.0120  0.0064 12.1941
288 984 -0.0301  0.0132 12.3433
312 984 -0.0006  0.0061 12.1113
336 984 -0.0112  0.0201 12.2594
360 984  0.0312 -0.0039 12.0355
384 984 -0.0321 -0.0237 11.9331
408 984 -0.0162  0.0085 12.3514
432 984  0.0195  0.0066 12.1322
456 984  0.0183 -0.0034 11.9391
480 984  0.0323  0.0134 11.8702
504 984  0.0255  0.0122 11.8196
528 984  0.0395  0.0008 12.1031
552 984  0.0185  0.0138 12.1354
576 984 -0.0181  0.0170 12.2842
600 984  0.0172  0.0151 12.5968
624 984  0.0721 -0.0097 11.9720
648 984  0.0097 -0.0266 11.5515
672 984 -0.0506 -0.0117 11.7440
696 984 -0.0010  0.0112 12.0371
720 984  0.0677  0.0176 12.4108
744 984  0.0459  0.0179 12.3108
768 984  0.0288  0.0342 12.5211
792 984  0.0353  0.0228 12.7587
816 984  0.0604  0.0007 12.3469
840 984  0.0423  0.0133 12.4934
864 984  0.0294  0.0342 12.8187
888 984  0.0304  0.0355 12.5753
912 984 -0.0055  0.0236 12.5422
936 984  0.0123 -0.0065 12.4633
960 984  0.0179 -0.0220 12.0284
984 984  0.4699 -0.0050 12.2279
