 24  24 -0.0014 -0.3721 13.2337
 48  24 -0.0102 -1.5553 10.2313
 72  24 -0.0583 -1.6920 10.1958
 96  24 -0.0810 -1.6232  9.7287
120  24 -0.0114 -1.6140  9.5759
144  24 -0.0101 -1.7986 10.4489
168  24  0.0702 -1.7881 10.8994
192  24  0.1053 -1.7040 10.5046
216  24 -0.0098 -1.6764 10.3834
240  24  0.0491 -1.6380 10.2460
264  24  0.1040 -1.7049 10.1886
288  24  0.0631 -1.7507 10.5043
312  24  0.0424 -1.6713  9.9352
336  24  0.0321 -1.7090 10.1039
360  24  0.0497 -1.7300 10.0356
384  24  0.0188 -1.6754  9.9541
408  24  0.0365 -1.6847 10.0486
432  24 -0.0281 -1.7325 10.0875
456  24 -0.1105 -1.6424  9.7741
480  24 -0.1017 -0.4456  9.2447
504  24 -0.0811 -1.5755 10.2787
528  24 -0.0601 -1.5499 10.4373
552  24  0.0570 -1.5344  9.7942
576  24  0.0455 -1.5514  9.9625
600  24  0.0212 -0.4050  9.7451
624  24  0.0176 -0.3449  9.3391
648  24 -0.0818 -1.5658  9.8986
672  24 -0.0554 -1.1976  9.6051
696  24 -0.0931 -1.5180  9.6076
720  24 -0.0641 -1.6911 10.1812
744  24 -0.0522 -1.6591 10.8578
768  24  0.0242 -1.5774  9.9121
792  24  0.0494 -1.5936  9.5636
816  24  0.0288 -1.6281 10.2513
840  24 -0.0372 -1.5977  9.8288
864  24  0.0207 -1.6898  9.3639
888  24  0.0117 -1.7716 10.0772
912  24 -0.0714 -1.7271 10.7629
936  24 -0.0207 -1.5775  9.5252
960  24  0.0413 -1.5589  9.5599
984  24  0.3799 -1.6340 12.7507
 24  48 -0.0189  0.0671 12.7530
 48  48  0.0741  2.8289 11.6395
 72  48  1.0579  2.5667 11.7456
 96  48  0.1928  0.8421 14.6142
120  48  1.7026  2.4020 15.7543
144  48  2.8385  1.1366 12.3067
168  48  5.3949  0.0137 13.2304
192  48  4.7116 -0.9119 14.4237
216  48  6.7548 -3.0007 11.5814
240  48  4.2074 -1.7820 18.8001
264  48  4.7495 -1.6854 21.7053
288  48  4.9502 -0.6698 21.4903
312  48  5.4324 -0.3683 14.9046
336  48  4.9869 -0.0865 11.0419
360  48  7.2773 -1.0529 11.8328
384  48  7.1791 -0.3417  9.8033
408  48  0.1299  0.9048 11.9758
432  48 -0.8451 -2.1960 13.5869
456  48 -2.2946 -3.9720 13.1781
480  48 -3.4396 -1.7282 15.2172
504  48 -1.9395  0.0413 13.5041
528  48 -0.4291  0.4512 14.2811
552  48 -0.2487 -0.6778 12.9852
576  48 -0.4338 -1.9803 12.0034
600  48 -0.0138 -1.8023 16.0189
624  48  0.0256 -1.3977 17.5228
648  48 -0.9612 -3.7517 15.8023
672  48 -0.2187 -1.4066 14.3651
696  48 -1.1728  0.0018 17.6813
720  48 -1.3214  1.7534 17.1351
744  48 -0.1700  0.5179 18.2059
768  48  1.9584  4.0366 14.1800
792  48  2.2226  4.7479 14.6956
816  48  2.9527  5.3520 13.8574
840  48  4.0626 -1.8625 13.3818
864  48  3.9609 -3.7509  9.9035
888  48 -2.9264 -4.4434 12.9687
912  48 -4.2414 -1.3439 10.6140
936  48 -6.3373  4.3484 13.6751
960  48 -1.7282  2.9582 10.1735
984  48  0.4853  0.0018 10.0190
 24  72 -0.0252 -0.0925 12.1697
 48  72  0.1718  0.5629 12.5469
 72  72  2.2946  1.0401 13.1406
 96  72  2.5738  2.7510 16.0208
120  72  2.6324  3.1691 16.1564
144  72  2.3014  1.3495 12.3626
168  72  4.2245  0.4534 12.1576
192  72  5.2112 -0.0135 16.6131
216  72  7.1181 -0.3855  9.6688
240  72  7.6712  0.7364 15.6384
264  72  5.1278 -0.7138 17.5623
288  72  4.6258 -0.6204 20.2713
312  72  3.1876  0.3213 13.8438
336  72  1.5355  0.8197 16.7198
360  72  1.2575  0.8325 16.9361
384  72  0.5677  0.9974 14.8544
408  72 -0.7901 -0.0232 15.5484
432  72 -0.8171 -0.9656 16.4812
456  72 -2.6558 -1.3713 13.4414
480  72 -3.1024 -1.0339 14.9568
504  72 -0.3356 -0.2343 16.3610
528  72 -0.2403  0.2498 16.3927
552  72 -0.9722  0.3079 16.7710
576  72 -2.3183 -0.2671 12.5466
600  72 -2.1255 -2.5226 12.8220
624  72 -2.2595 -2.8704 15.0394
648  72 -2.1815 -3.6929 14.0017
672  72 -4.9888 -5.8681 12.3925
696  72 -2.3063  1.1521  9.5793
720  72 -1.1788  1.7952 13.9473
744  72 -0.2468 -0.1232  9.2696
768  72 -15.8783  3.1642  8.3635
792  72  5.6917 -2.5014 11.0938
816  72 -0.4609 -1.4991 11.1992
840  72  3.6208 -1.9571 14.1633
864  72  3.1667 -2.2041 13.6262
888  72 -5.0157 -3.4332 21.7153
912  72 -5.1874 -2.9903 17.0751
936  72 -7.9530  0.7714 11.3206
960  72 -5.1475 -1.8377 10.3445
984  72  0.5998  0.0031 10.1127
 24  96 -0.0243 -0.1186 11.4348
 48  96 -0.0025 -0.3456 13.7576
 72  96  1.7518 -0.3287 18.1583
 96  96  3.1399  1.6605 12.1548
120  96  4.0094  3.3839 13.1479
144  96  2.7369  2.0639 12.8505
168  96  3.2829  1.7199 15.9633
192  96  4.6728  0.9289 14.5690
216  96  5.1129  1.0047 14.1161
240  96  7.1728  1.7644 14.7313
264  96  6.8264  1.0657 17.6898
288  96  4.1603 -0.0112 16.9165
312  96  2.9847  0.9911 13.0877
336  96  2.1018  0.1901 15.3784
360  96  2.1958  1.2163 13.3970
384  96  0.1218  2.9485 13.7837
408  96 -0.6924  0.6531 12.2990
432  96 -1.5175 -0.4477 17.6437
456  96 -1.3523  0.0267 17.3990
480  96 -1.2996 -0.1000 16.6492
504  96  1.8038  0.1502 14.0789
528  96  1.2558  2.1322 14.7060
552  96  0.1631  1.3431 15.2342
576  96  0.8852  0.0073 13.1803
600  96 -0.3481 -0.8818 14.1254
624  96 -2.1516 -1.3221 13.6096
648  96 -2.2719 -3.1503 11.8382
672  96 -3.1087 -4.2175 12.6356
696  96 -4.6747 -2.0470 12.3690
720  96 -2.8459 -1.9986 14.3949
744  96 -0.6872 -0.3261  8.0208
768  96  4.0503 -2.2314  8.4352
792  96  3.7478 -3.2392 13.8244
816  96  3.9241 -6.0845 12.7817
840  96  5.8694 -6.6445 13.1285
864  96  0.2169  1.1776 14.6976
888  96 -5.8158 -1.8021 10.6729
912  96 -7.6675 -0.3910 12.7547
936  96 -4.1175 -0.0470 10.2054
960  96 -3.7662 -3.5583  9.7907
984  96  0.8185 -0.0790 10.2466
 24 120  0.0003 -0.0490 12.1136
 48 120  0.0684 -4.7622 14.0563
 72 120  0.4036 -2.2340 16.6190
 96 120  1.7357 -0.5716 13.5980
120 120  3.1872  1.8756 13.2705
144 120  4.7589  4.1530 11.5390
168 120  4.7484  4.4804 13.3129
192 120  2.0095  2.4779 13.3914
216 120  0.5698  0.9503 18.4540
240 120  0.0752  1.5067 14.5757
264 120  4.2781  0.1710 13.9480
288 120  3.7925  0.6392 15.1863
312 120  5.4369  0.9762 13.6262
336 120  5.2872  0.6401 13.8744
360 120  4.0527  2.7294 13.4629
384 120  3.8026  3.0770 14.1970
408 120  0.5213  0.6686 12.6934
432 120 -0.5104  0.0666 14.0085
456 120 -0.5158  0.2398 16.7453
480 120  0.0461  0.3876 17.1129
504 120  2.0234  0.2003 13.7674
528 120  3.5537  2.0348 12.2625
552 120  3.2149  1.6146 14.2208
576 120  1.1831  0.2642 14.5608
600 120  0.6074  0.4817 13.3396
624 120  0.0819 -0.6252 16.2583
648 120  0.7202 -1.1724 11.6927
672 120 -1.5310 -2.2939 12.7914
696 120 -3.6023 -0.9877 15.6729
720 120 -3.3061 -1.7465 15.8818
744 120 -1.0051 -0.5485 15.9709
768 120  1.1330 -1.5629 12.5168
792 120  1.6869 -2.5682 16.2138
816 120  3.9531 -5.9560 11.5106
840 120  5.3551 -6.7185  9.4572
864 120 -3.9108  3.4296 13.8891
888 120 -3.0837  2.6781 18.5540
912 120 -2.1579  2.7014 14.0181
936 120  0.1440 -0.5394 12.3648
960 120  2.0019 -2.9144 13.4157
984 120  0.4719 -0.0580  9.4038
 24 144  0.0077 -0.0254 12.2353
 48 144  0.2065 -2.0757 13.5721
 72 144  1.8534 -2.5749 14.8162
 96 144  3.0894 -1.7547 17.0236
120 144  2.9479 -0.7086 13.6177
144 144  5.5264  5.0550 11.4978
168 144  5.1846  5.7449 12.3028
192 144  5.0007  5.6892 12.0915
216 144 -0.1215  2.4043 11.6270
240 144  0.0086  1.7064 18.7017
264 144  1.9658 -0.1981 13.0374
288 144  2.2173 -0.1473 13.2168
312 144  6.1467 -0.7971 12.4700
336 144  7.6163 -0.3897 16.5645
360 144  6.7708  0.9608 13.7221
384 144  4.9938  1.2226 15.0253
408 144  2.6124  0.9249  9.8613
432 144  1.0424  1.6108 14.0920
456 144  0.0314  0.2218 18.1755
480 144  0.2681 -0.2649 16.3681
504 144  0.0497 -0.6380 12.6700
528 144  0.7078  0.6986 13.2354
552 144  3.4383  2.5014 13.0802
576 144  1.8502  4.0939 16.5382
600 144  2.3855  3.7519 13.7758
624 144  3.0470  0.2985 14.4432
648 144  3.0473  0.0593 13.9870
672 144  0.6289  1.6819 14.9971
696 144 -1.8225  1.1585 13.5960
720 144 -3.5229 -0.0378 11.8102
744 144 -1.5159 -1.0141 15.0782
768 144 -0.3431 -1.7577 16.6507
792 144 -0.9778 -1.3630 17.1558
816 144 -2.9046 -0.2318 15.3294
840 144 -2.2474  0.0980 12.1775
864 144 -3.1383  1.5537 12.5726
888 144 -3.7227  0.9900 13.8901
912 144 -3.8358  0.9737 11.5338
936 144 -0.2370 -0.4351 12.4122
960 144  0.2876 -0.6488 13.6830
984 144  0.9287  0.0133 10.1938
 24 168 -0.0117 -0.0224 12.6057
 48 168 -0.0230 -2.0451 18.5118
 72 168  1.4255 -2.7952 16.3109
 96 168  2.1051 -2.7799 16.2129
120 168  2.7845 -2.7936 15.8285
144 168  6.2279  6.8255  9.5984
168 168  6.3428  6.0549 15.7009
192 168  6.1902  6.1424 13.7361
216 168  4.2758  5.1212 16.0815
240 168  3.4436  0.9374 17.0499
264 168  4.5284  0.9101 13.8502
288 168  5.8463 -3.0686 11.6433
312 168  5.6586 -2.8825 14.7745
336 168  7.2046  0.0609 15.9354
360 168  7.1225  1.0845 14.0832
384 168  5.2291  0.8749 15.3639
408 168  1.1809 -0.0825 11.8245
432 168  1.2663  1.8416 16.7285
456 168  0.0378  0.0859 15.2822
480 168 -2.0363 -0.5662 13.8049
504 168 -0.3106  0.0796 13.6022
528 168  0.0084  0.8684 14.0401
552 168 -0.5462  4.9365 14.4970
576 168  0.2883  4.6756 13.5501
600 168  2.6189  4.6881 14.4843
624 168  2.9285  3.7409 11.3964
648 168  0.9198  3.1476 13.2892
672 168  0.5602  2.4562 14.4629
696 168  0.2200  1.7773 13.7012
720 168  0.7105 -0.7653 10.4688
744 168 -0.3224 -0.1620 13.7230
768 168 -0.4868  0.1808 13.6800
792 168 -2.4525 -0.1238 17.6127
816 168 -2.3206 -0.4100 16.8087
840 168 -0.7802  1.2780 11.0037
864 168 -1.7672  3.8631 11.6481
888 168 -5.7182  3.6022 14.9588
912 168 -5.6564  1.6757 13.3983
936 168 -4.4651  0.4136 11.7064
960 168 -2.1150 -0.0438 13.8873
984 168  1.3849 -0.0083 10.8172
 24 192 -0.0094  0.0025 12.3450
 48 192  3.9367 -1.0076 12.1078
 72 192  1.4633 -2.8701 16.0807
 96 192  1.5110 -2.9449 13.1794
120 192  3.8936 -4.4042 17.5850
144 192  3.7197 -4.0131 15.2131
168 192  6.9381  5.5452  8.3355
192 192  8.9663  6.0904 11.4130
216 192  4.2849  2.9455 12.1392
240 192  4.2211  0.7739 18.2284
264 192  4.3432  0.3998 14.6078
288 192  6.7815 -1.3331 15.6191
312 192  4.2528 -0.8001 15.5122
336 192  4.2841 -1.2476 13.6146
360 192  5.9865 -0.1357 12.2445
384 192  3.1366  0.9165 13.0887
408 192  1.9435  1.7977 15.8626
432 192 -0.3271  1.3820 15.2720
456 192 -1.0462  1.9164 18.5588
480 192 -2.1623  0.3798 15.1227
504 192 -0.0683  1.6594 15.1135
528 192 -0.6839  2.7842 18.1147
552 192 -0.4864  4.9157 17.1612
576 192 -0.3796  5.3285 14.8048
600 192 -0.3103  6.2798 13.7641
624 192 -0.2181  7.2560 16.5665
648 192  0.3228  5.6427 14.9736
672 192  0.1302  1.1263 16.1022
696 192  0.2071  0.2274 13.7900
720 192  0.9132  3.0019 11.8994
744 192  0.4522  3.8253 12.8117
768 192 -0.3999  2.2582 13.6027
792 192 -1.8137  0.8868 15.3709
816 192 -2.0861  0.0270 15.3015
840 192 -0.6141  1.9540 12.0958
864 192 -2.0151  5.9505 11.9433
888 192 -2.7961  5.7064 15.1014
912 192 -3.9758  2.1394 14.1061
936 192 -5.6918  0.2326 14.4336
960 192 -4.0499 -0.4577 13.6279
984 192  0.4841 -0.0594  9.1620
 24 216  0.0157  0.0089 12.0776
 48 216  4.4436 -0.7237 15.8056
 72 216  3.1039 -0.9609 13.8942
 96 216  1.9517 -3.1653 15.9220
120 216  4.0993 -4.2225 21.5018
144 216  4.7810 -4.2319 17.2392
168 216  6.2075  4.5766 12.5883
192 216 10.9610  7.3729 14.2198
216 216  9.5951  3.1497 10.5697
240 216  7.4989  0.5147 16.6550
264 216  8.3188 -4.0126 12.2770
288 216  7.1485 -0.7244 13.7009
312 216  7.2813  0.5522 13.7605
336 216  6.7204 -1.3293 14.1066
360 216  3.1307 -1.9797 17.9098
384 216  2.9208  1.6881 16.5517
408 216  2.7815  1.9047 14.6107
432 216  0.4581  1.9260 12.6071
456 216  0.3835  2.9072 14.9934
480 216 -1.2438  1.0622 14.6419
504 216 -0.8218  0.9901 14.7088
528 216 -1.0531  2.6605 16.0301
552 216 -0.1312  5.0214 15.8445
576 216 -1.2965  6.6097 12.9527
600 216 -1.9915  6.8640 11.0004
624 216 -0.7354  6.6809 11.4097
648 216 -0.1603  3.0604 15.7523
672 216  0.2519  0.7832 18.0408
696 216  0.6769  0.3672 18.9049
720 216  1.6764  2.0543 11.8530
744 216  3.5846  4.6866 11.8318
768 216  0.0072  3.8041 10.4251
792 216 -2.4726  1.9433 14.5229
816 216 -2.9385  3.4163 17.8736
840 216 -2.4194  4.7260 12.0743
864 216 -1.9927  5.8119 11.8575
888 216 -3.3521  5.2344 12.2826
912 216 -5.8605  2.2403 12.8907
936 216 -5.7376  0.1862 14.1226
960 216 -3.8172 -0.4211 15.1820
984 216  0.6765 -0.0455  9.9854
 24 240  0.0013 -0.0734 12.4356
 48 240  1.9006 -1.6354 13.2243
 72 240  2.8889 -0.2873 12.0436
 96 240  4.0008 -3.7485 12.2490
120 240  4.3328 -3.9441 14.0820
144 240  4.8121 -3.8751 11.8550
168 240  5.5289  4.9626 15.0968
192 240  3.6178  4.2686 14.9120
216 240  4.9965  1.4816  7.6272
240 240  7.8657  1.4284 13.9701
264 240  7.5307 -2.7865 10.6440
288 240  7.1708  0.8830 14.9424
312 240  7.8242  0.0595 15.5762
336 240  7.0323 -3.1738 17.6596
360 240  3.2244 -2.4658 17.2537
384 240  3.8929 -0.3560 15.9059
408 240  7.1449  3.5926 15.2924
432 240  3.1432  3.1502 10.7895
456 240  1.0624  4.0681 21.1622
480 240  0.6420  4.0961 15.6228
504 240  0.0384  0.1157 14.3519
528 240 -0.3080  0.7085 16.9789
552 240 -1.0753  2.2575 11.0558
576 240 -1.8189  6.4077 13.6367
600 240 -1.3270  5.6892 13.4810
624 240 -0.5368  4.4630 17.5052
648 240  0.4008  3.0965 16.0388
672 240  0.2645  1.0072 19.5693
696 240  0.8426  0.3358 20.7879
720 240  1.2687  0.2246 17.2332
744 240  2.8512  2.7658 11.2202
768 240  4.1376  8.1785  9.4843
792 240 -2.4904  4.3020 10.5141
816 240 -3.0086  4.6626 13.9845
840 240 -1.0656  5.1222  8.8569
864 240 -7.0733  9.9665 11.5825
888 240 -5.8412  5.8963 14.6386
912 240 -4.0482  3.5544  9.3152
936 240 -3.8325 -0.6206 13.4841
960 240 -3.2373 -2.1000 18.5295
984 240  1.3900 -0.0982 10.8251
 24 264 -0.0241 -0.0764 12.1077
 48 264 -1.0375 -1.0159 13.2017
 72 264 -2.5947 -1.1341 16.4003
 96 264 10.0839 -2.9694 16.3943
120 264 11.6582 -1.8571 14.8009
144 264 12.0149 -1.2476 12.3374
168 264  2.7939  6.2905 15.2536
192 264  3.2566  6.6597 16.7753
216 264  3.7905  3.8993  8.7762
240 264  7.8061 -1.4417 13.9205
264 264  7.7772 -2.1430 13.0610
288 264  6.8676  0.0773 13.7932
312 264  3.9651 -3.1980 10.7421
336 264  4.4876 -3.8041 14.2700
360 264  3.3419 -3.1828 15.7130
384 264  3.8741 -1.8061 15.9466
408 264  5.4226  2.9816 12.9018
432 264  2.5593  4.1431 14.3333
456 264  0.6496  3.9969 17.1352
480 264 -0.1453  2.9352 12.5907
504 264 -0.0110 -0.5376 14.8753
528 264 -0.2372  0.6245 15.4342
552 264 -0.5511  2.4608 12.6288
576 264 -0.5925  5.0883 18.1622
600 264 -0.5267  5.7102 13.6054
624 264  0.4037  5.3089 14.4569
648 264  0.6264  5.1326 16.6668
672 264  0.2781  2.4935 14.3849
696 264  0.2211  0.5290 17.1270
720 264  0.9813  0.3442 14.8449
744 264  1.8464  0.3510 13.1939
768 264  5.7269  7.9671 12.1166
792 264  6.1962  6.7833 11.4907
816 264 -4.0492  7.8021 10.5335
840 264 -4.5180 10.3792 11.1828
864 264 -5.7822 10.1390 10.3666
888 264 -1.6145  3.7695 11.3543
912 264 -0.5291  2.7301 13.7955
936 264 -2.5526  0.0106 13.2008
960 264 -2.7357 -3.3455 14.1952
984 264  1.1898 -0.1494 10.1558
 24 288 -0.0277  0.0240 12.1073
 48 288 -2.4546  0.2348 12.9594
 72 288 -0.9657 -1.6424 15.2024
 96 288 -0.5593 -2.0314 21.6998
120 288  0.0911 -1.0867 15.2011
144 288  6.2786  6.7392 11.3557
168 288  5.6512  5.8850 16.3314
192 288  4.9490  5.5175 14.8364
216 288  2.8190 -2.3498 16.6639
240 288  7.7548 -0.9473 13.4421
264 288  7.0647 -2.1331 14.9187
288 288  6.2720 -3.3915 18.3105
312 288  4.8444 -4.1588 13.6784
336 288  3.9338 -4.3956 12.3321
360 288  3.9949 -2.1522 14.6612
384 288  3.0949 -0.2173 14.8021
408 288  3.0646  0.4221 15.2096
432 288  3.0917  3.8194 11.2448
456 288  0.8211  4.5137 11.5555
480 288  1.6107  0.0482 10.2316
504 288  2.1353 -0.4542 12.8693
528 288 -0.4342  0.5915 19.0613
552 288 -0.1736  1.3066 15.1435
576 288 -0.1696  4.0164 17.8119
600 288  0.0526  6.6362 13.3680
624 288  0.2140  6.7676 15.5715
648 288  0.2240  5.7431 13.2017
672 288 -0.3233  3.9783 13.7151
696 288 -2.2744  2.2279 12.1451
720 288 -1.3668 -0.1642 12.8324
744 288 -0.0650  0.5575 16.6404
768 288  2.3876  4.5056 13.4436
792 288  7.9411  4.9480 11.9139
816 288 -14.9045  1.2157  9.0412
840 288  9.1898 16.2928 12.7440
864 288  0.0541  6.1101  8.1850
888 288 -2.0281  0.3389 18.1788
912 288 -2.1902  0.3906 18.2840
936 288  0.2240 -0.3297 11.4356
960 288  6.0427 -0.0619 13.1227
984 288  0.9730 -0.1705 10.0105
 24 312 -0.0154  0.1404 12.5859
 48 312 -0.8268  2.1146 13.0090
 72 312  0.5684 -0.9133 18.4088
 96 312  1.7376 -1.1114 17.7540
120 312 -1.8869 -1.0341 23.4525
144 312 -2.2164 -0.2319 18.3105
168 312  5.3906  5.2157 11.7971
192 312  5.2309  3.7703 13.5842
216 312  2.6030 -3.2200 22.1021
240 312  1.2932 -3.9374 17.7080
264 312  3.1622  0.0987 17.0554
288 312  3.8092 -0.3659 13.3693
312 312  3.6049 -2.8414 11.3502
336 312  2.2665 -5.0498 12.7586
360 312  3.9005 -3.5309 16.0877
384 312  2.6092 -2.5908 15.1640
408 312  1.8964 -0.8061 14.9625
432 312  2.2712  0.9656 10.4213
456 312  1.3074  6.8844 10.0404
480 312  3.1774 -0.5275 12.7954
504 312  2.3318 -0.7884 12.8286
528 312 -2.0173  2.3016 16.9392
552 312 -1.6049  0.9729 19.1154
576 312 -1.8735  1.7956 13.1898
600 312 -0.0797  4.1603 12.0063
624 312 -0.0670  6.0395 14.7747
648 312  0.0009  5.7833 13.9135
672 312 -2.1142  6.9244 10.2583
696 312 -3.9165  4.8087 11.3138
720 312 -1.8850 -0.1248 15.5559
744 312 -1.2420 -0.0382 14.3568
768 312 -0.4079 -0.0810 13.1778
792 312 -0.1583 -0.3880 16.2453
816 312 -0.1854 -0.2172  9.3294
840 312  5.1295 11.7956 10.8630
864 312  5.1458 13.0651 11.0920
888 312 -2.2567 -0.2228 14.1002
912 312 -3.2834 -0.3802 16.1882
936 312 -0.7389 -1.4614 12.2930
960 312 -0.5822 -1.1973 12.6382
984 312  0.6208 -0.0392 10.2250
 24 336 -0.0047  0.0815 12.4055
 48 336 -0.0232  2.2297 20.3607
 72 336  0.1843  1.0987 21.4568
 96 336  1.9210 -0.6234 15.4005
120 336 -1.8092 -0.2812 24.7787
144 336 -2.2239 -0.4639 20.9678
168 336 -2.6777 -0.1555 19.1487
192 336  2.3721 -0.9640 12.5578
216 336  1.7432 -1.1838 17.9536
240 336  1.6299 -1.2239 16.9764
264 336  2.2581  0.6225 16.4760
288 336  3.1621  0.5077 16.4747
312 336  3.2019 -1.0275 14.0237
336 336  3.4812 -2.7283 12.5450
360 336  3.7101 -2.6796 14.7965
384 336  3.3966 -1.2831 17.0220
408 336  2.3846 -0.9094 13.9488
432 336  0.4657  1.3328 13.6768
456 336 -1.0537  5.6666 12.0999
480 336  2.2257  0.1916 12.5493
504 336 -2.0488  2.2467 11.3698
528 336 -2.6118  1.9632 15.2014
552 336 -2.5386  0.8367 14.0503
576 336 -2.6384  1.0019 15.1457
600 336 -1.4732  2.7144 16.3375
624 336 -0.7650  4.7059 14.8332
648 336 -1.1205  4.6730 12.5818
672 336 -3.6417 10.3401 13.9762
696 336 -3.9589 10.3131 13.7115
720 336 -1.4452  0.1192 14.9690
744 336 -1.8042  0.0132 17.2063
768 336 -2.5238 -0.1011 14.8133
792 336 -0.9023 -0.3188 13.8640
816 336 -0.1993 -0.1422 17.2456
840 336  4.9150 10.8521  8.7917
864 336  5.1926 11.4696 14.1032
888 336  4.7343  8.9220  8.8073
912 336 -2.4087  0.1015  9.9911
936 336 -3.8305 -7.0819 11.4041
960 336 -1.0687 -4.2629 15.1224
984 336  0.7353 -0.0740 10.2604
 24 360 -0.0043  0.0840 12.1893
 48 360  0.2313  2.5533 16.5643
 72 360  0.1542  2.5954 20.5584
 96 360 -0.4714  0.2203 18.0176
120 360 -1.2934  0.2025 22.5920
144 360 -0.7270 -0.1522 24.8632
168 360  0.0284 -0.3334 23.2458
192 360  0.4828 -0.0015 22.0242
216 360  1.7621 -0.8835 17.4250
240 360  2.0902 -1.2799 16.5950
264 360  2.6842  0.9112 17.3267
288 360  3.6167  0.9590 14.9499
312 360  3.4233  0.0464 14.0727
336 360  3.6402 -0.1162 15.4160
360 360  3.3425 -0.7765 13.3103
384 360  3.3918 -0.6805 15.2867
408 360  2.7660 -0.6630 12.9500
432 360  0.1093  2.7763 16.1362
456 360 -0.8711  3.9254 17.1175
480 360 -1.4214  2.8372 15.5010
504 360 -2.0413  2.8688 12.2152
528 360 -1.7288  1.8515 14.4398
552 360 -1.7239  0.4098 13.8125
576 360 -1.9045  0.7429 15.7027
600 360 -1.7866  1.3214 14.4525
624 360 -1.6749  2.0620 13.0984
648 360 -2.1642  2.8717 11.1612
672 360 -3.1165  5.7212 10.4028
696 360 -0.1849  1.9326 10.4817
720 360  0.1797  0.5928 17.2784
744 360 -0.3217  1.2964 15.5098
768 360 -2.3451  0.1569 12.6557
792 360  1.0429  0.0446 14.6071
816 360  2.3258 -0.0108 18.9246
840 360  0.8501 -0.0397 12.8528
864 360  5.2722 11.2999 17.4037
888 360  5.9565  9.6527 10.3324
912 360  5.0563  7.0633 14.1869
936 360 -4.0379 -9.7601  9.0147
960 360 -2.4097 -6.6166  9.1971
984 360  1.3687 -0.1282 10.6552
 24 384  0.0556  0.1168 11.5577
 48 384  0.3830  3.1577 16.4429
 72 384  1.6068  3.1110 15.0059
 96 384 -1.0437 -0.6057 17.5307
120 384 -1.1819 -0.0233 21.4643
144 384 -0.2625  0.5594 21.6227
168 384  0.4442 -0.0425 21.1567
192 384  0.9980 -0.2901 20.0532
216 384  2.5599 -0.2653 15.1727
240 384  3.6287 -1.0126 13.2008
264 384  3.8631  0.5943 13.9686
288 384  2.2128  0.9516 13.2272
312 384  3.6717  1.3303 14.3994
336 384  3.1248 -0.0662 17.4841
360 384  3.2487 -0.1390 16.1694
384 384  3.2723  0.0094 13.5517
408 384  2.6644  0.0272 13.8628
432 384  1.2783  0.3117 16.9913
456 384 -0.0255  1.6027 17.7633
480 384 -1.6634  1.2115 16.1445
504 384 -0.9961  2.6229 12.3235
528 384 -0.2441  3.1847 16.2289
552 384 -0.2746  2.7235 14.5480
576 384 -0.4322  0.7838 17.4802
600 384 -1.1899 -0.1270 14.2234
624 384 -19.4167 -8.4082  7.9883
648 384 -21.3041 -9.4309 10.6010
672 384 -2.2482  4.2599 15.6825
696 384 -0.1409  2.1592 15.2876
720 384  0.8352  0.6292 20.4853
744 384  1.6405  2.9967 17.1472
768 384  2.2875  0.2258 16.4241
792 384  2.4306 -0.0023 18.8273
816 384  3.5935  2.0137 18.2803
840 384  0.1571  5.1916 14.2564
864 384  1.2398  8.5793 12.7216
888 384  1.8750  8.8046 11.6906
912 384  3.7942  7.6899 11.8733
936 384 -1.5431 -5.1827  9.9637
960 384 -2.6387 -4.8273 14.0058
984 384  0.4831 -0.1698 10.4830
 24 408  0.0688  0.0601 11.5436
 48 408 -0.0035  3.1623 18.6737
 72 408  0.0937  1.2504 13.8492
 96 408 -2.8836 -2.4310 11.6872
120 408 -3.4127 -2.8969 10.7100
144 408 -6.9956  7.5520 14.7073
168 408  1.1292 -0.0485 12.9317
192 408  4.2399 -0.1706 15.7621
216 408  4.0474  3.0384 12.5176
240 408  2.7298  3.8823 14.2042
264 408  1.8711  1.1564 11.6612
288 408 -0.0466  1.3605 12.9842
312 408  0.0381  1.7667 16.5559
336 408  1.9229 -0.0690 13.4247
360 408  1.2756 -0.7912 12.8691
384 408  1.0092 -0.9618 14.9848
408 408  1.9708  0.4722 10.2933
432 408  1.7261  0.4577 15.4593
456 408  0.1323  1.3115 19.8313
480 408 -2.1129  1.3343 14.5113
504 408 -0.3351  3.2086  9.9238
528 408  0.2702  4.2957 11.4333
552 408  0.0074  4.4331 14.7270
576 408  0.0187  0.6956 17.9639
600 408 -1.9901 -2.1464 13.4978
624 408 -14.1789 -12.8614  8.5895
648 408  9.5682 14.6305 11.6845
672 408  5.7630 16.1173 10.7098
696 408  0.0331  2.3738 15.9839
720 408 -0.7139 -0.3887 15.7061
744 408  1.1695  4.6208 19.1127
768 408  1.8716  1.0240 14.7946
792 408  2.7259  0.3320 16.9881
816 408 -1.5393  2.8919 15.4177
840 408 -1.1345  3.0285 13.1966
864 408 -0.0826  7.1994 15.2686
888 408 -0.0596  7.0464 12.7300
912 408  0.2682  7.0708  8.3497
936 408 -0.1966  0.1545  9.7208
960 408 -2.7306 -2.6773 11.6031
984 408  0.4519 -0.0778 10.2928
 24 432 -0.0086  0.0327 12.3460
 48 432 -0.7528  2.9874 13.8925
 72 432  2.1991  1.7799 16.5459
 96 432  0.9695  0.0338 14.8116
120 432 -1.6669 -0.7552 15.2762
144 432 -1.5769  0.2696 15.3600
168 432 -0.1711  0.3483 18.1221
192 432  0.3090  0.6888 21.2700
216 432  2.1423  2.4435 17.3290
240 432  1.9336  3.0399 16.8199
264 432 -3.9210  2.0087 13.3664
288 432 -1.9665  2.2526 14.1839
312 432 -0.0940  1.7385 16.6206
336 432  0.0068  0.0624 17.9053
360 432 -0.1665 -0.3579 16.8341
384 432 -0.7115 -2.0205 20.1775
408 432 -0.0221 -2.8409 13.3194
432 432  0.6314  0.0100 15.7062
456 432 -1.4862 -0.0178 12.4760
480 432 -3.3372 -0.0452  9.0961
504 432 -3.8465  0.6036  7.1363
528 432 -1.5341  4.0260 11.2172
552 432 -1.5374  3.4554 13.1444
576 432 -1.0282  1.6216 20.0615
600 432 -2.4902 -3.6852 14.9667
624 432 -1.6011 -4.2045 13.3561
648 432 15.3646  9.0035 14.8851
672 432 -19.1597  8.3030 12.7942
696 432  0.0347 -0.2304 17.5353
720 432 -0.9777 -0.6731 14.9973
744 432  0.4133  3.9964 18.1407
768 432  0.7262  0.1502 14.0748
792 432  1.0083  0.3097 19.2079
816 432  0.5939  1.1455 14.4523
840 432 -3.4261  2.6573 13.1012
864 432 -6.1770  2.6134 12.5495
888 432 -1.9119  2.4617 12.0506
912 432 -1.7880  3.0878 13.5873
936 432 -1.8824  1.1454 16.3586
960 432 -0.9756  0.1332 14.7908
984 432  1.4425 -0.0140 10.5818
 24 456 -0.0335  0.0440 12.8223
 48 456  5.5577  6.0982 22.1885
 72 456  4.7116  4.2916 14.7019
 96 456  0.2676 -1.2172 13.8895
120 456 -0.2423 -0.8037 14.5107
144 456 -0.3794  1.5791 16.1762
168 456 -0.3098  0.2579 20.5667
192 456  0.1696  0.7697 17.8118
216 456  0.4544  1.2813 19.2152
240 456 -4.1182  1.8250 20.2963
264 456 -3.9587  1.7063 13.1305
288 456 -0.0370  2.3112 12.8496
312 456 -0.1562  0.2260 19.6454
336 456 -0.4379 -0.3061 23.5303
360 456  0.1953 -0.4627 20.7367
384 456  2.0417 -1.1998 22.2042
408 456  2.2568 -1.3793 18.2637
432 456  0.1498 -1.1855 12.9780
456 456 -2.2696 -2.5502 14.1268
480 456 -3.0936 -2.0622 12.0072
504 456 -6.3221  1.8117 11.9605
528 456 -5.0215  3.5481 12.5395
552 456 -3.7989  3.0309 16.4010
576 456 -3.6306  2.0006 11.9053
600 456 -4.2359 -0.7760 12.9029
624 456 -4.7505 -2.6917 13.9369
648 456  1.7249 -1.8073 14.9581
672 456  1.5271  0.2968 14.1115
696 456 -0.1617 -0.5053 18.9418
720 456 -3.9118 -0.2848 15.0236
744 456 -0.1773  0.9710 14.1332
768 456 -0.0282 -1.1101 17.7873
792 456  0.2831 -0.9996 17.4733
816 456  0.3902 -0.2123 19.1752
840 456 -10.3768 -1.6105  9.4872
864 456 -9.0246 -2.0559 13.4456
888 456 -7.0679  0.1792 12.3964
912 456 -4.8291  2.1551 14.7455
936 456 -2.0046  1.1375 15.4973
960 456 -0.9983  0.3387 13.0097
984 456  1.3542  0.0832 10.2528
 24 480 -0.0322 -0.0010 13.1372
 48 480  6.0083  5.9407 19.7985
 72 480  5.0748  4.4971 21.1144
 96 480  5.8909  7.5425 18.5911
120 480  6.0311  7.0311 20.0954
144 480  2.6629  5.1370 16.5575
168 480  2.1425  4.4034 20.0192
192 480  2.3345  3.7087 15.9877
216 480  3.0175  3.9185 13.8530
240 480 -3.9381  1.3857 15.2140
264 480 -2.3462 -0.0308 12.9391
288 480 -0.4525 -1.8003 16.1256
312 480  1.1243  0.9789 15.8075
336 480  0.7731  0.3007 20.7556
360 480  1.2424 -0.8180 21.9553
384 480  2.0930 -1.5711 21.0149
408 480  2.5955 -1.3933 16.3134
432 480  3.5134  0.1610 11.9973
456 480  0.0559  1.4592 11.0431
480 480 -3.7601  2.2251 11.5850
504 480 -5.6237  2.5185 14.5727
528 480 -6.4428  4.1291 14.4373
552 480 -6.3032  5.5677 14.0628
576 480 -2.6097  2.8111  9.6899
600 480 -5.2751  1.8084 10.3473
624 480  1.8638 -1.9166 13.6401
648 480  1.7331 -0.0964 15.0093
672 480  1.4265  0.6230 15.2713
696 480  0.0654 -0.0383 23.1456
720 480 -4.3556  0.3438 18.4957
744 480 -5.9993  1.9791 15.9886
768 480 -0.6712 -1.2123 17.5816
792 480 -0.0758 -0.3175 23.0199
816 480 -0.0672 -0.2121 15.1606
840 480 -10.3177 -1.7490 13.9764
864 480 -9.4713 -1.7974 13.1487
888 480 -6.6557  0.6537 13.3665
912 480 -6.0164  2.2760 15.6111
936 480 -2.1387  1.2019 13.1392
960 480 -2.0868  5.3242 11.5896
984 480  0.9413  0.0570 10.1631
 24 504 -0.0181 -0.0104 12.3736
 48 504  0.1723 -1.6671 12.6735
 72 504 -1.6671 -1.8603 14.6390
 96 504 -1.5506 -0.2019 14.1861
120 504  5.8777  6.4582 13.1342
144 504  0.6324  4.8526 11.8017
168 504  1.3874  3.2525 14.6887
192 504  2.5763  2.2590 21.3585
216 504  3.1792  3.6722 20.0618
240 504  5.2033  3.2599 14.9195
264 504  7.9550  1.7960 14.0145
288 504  8.5725  1.1195 13.4962
312 504  4.7170 -0.2116 22.0343
336 504  3.5856  0.0262 15.8193
360 504  4.1303 -0.3287 24.9160
384 504  4.1819 -1.8829 19.0140
408 504  3.6989 -1.9079 13.6737
432 504  2.1563  1.7848 11.6771
456 504 -0.0750  4.7904 13.8041
480 504 -1.0915  5.6022 14.2793
504 504 -4.0958  3.5520 12.3975
528 504 -6.8723  5.3974 12.6411
552 504 -1.9492  6.9158 10.7783
576 504 -1.7467  7.4196 14.2972
600 504 -0.6381  6.0626 12.2140
624 504  0.2554 -0.7994 18.2548
648 504 -0.0022  0.5147 14.4897
672 504  0.1825  0.5087 20.2861
696 504 -0.1751  0.1958 21.0583
720 504  2.1656 -1.4657 11.5559
744 504  2.7901  0.9172 10.2355
768 504  7.6974  3.8866 12.3453
792 504  6.6487  1.9239 17.2844
816 504 -2.8934 -2.6071 14.8615
840 504 -3.3459 -2.1269 11.3390
864 504 -8.1363 -1.1481 13.3194
888 504 -6.6968 -0.0617 12.8070
912 504 -6.3600  1.0840 15.0928
936 504 -6.2246  2.7023 15.3893
960 504 -6.1554  4.0387 15.7326
984 504  0.9760 -0.0154 10.1781
 24 528  0.0070 -0.0540 11.9601
 48 528 -0.0397 -1.9890 15.8901
 72 528 -0.9007 -1.3159 22.7232
 96 528 -0.7184 -0.8159 24.2878
120 528 -0.9918  4.7500 19.6828
144 528 -1.5455  5.1841 15.9025
168 528  4.8577  1.6217 17.5234
192 528  2.9983  2.0618 18.3183
216 528  3.0168  2.9663 16.7136
240 528  0.0087  5.9315 11.5693
264 528  0.7802  2.3064 12.6429
288 528  0.5481  1.9482 12.6060
312 528  5.8896 -2.0410 12.5355
336 528  3.8863 -0.4954 12.2905
360 528  4.4785  0.0429 21.9985
384 528  4.5295 -0.8616 19.8773
408 528  3.3925 -1.2956 15.8716
432 528  2.9902  0.2057 16.5039
456 528 -0.1015  1.3906 13.6489
480 528 -1.0505  3.0681 15.9002
504 528 -1.0431  5.3233 12.9884
528 528 -0.1058  8.4491 16.4403
552 528 -0.2887  8.5310 14.6005
576 528 -1.6619  8.1443  9.9874
600 528  2.0860  0.6647 11.2208
624 528 -0.1385  0.5456 11.5428
648 528 -4.0960  0.3401 15.1615
672 528 -1.0384  1.9425 14.4448
696 528 -2.6018 -3.8253 11.7417
720 528 -0.6900 -3.0843 12.0492
744 528  6.8344  3.1947 14.9193
768 528  7.1507  3.2884 18.0818
792 528  7.0829  3.0304 10.0130
816 528  7.6056  3.4680 11.1728
840 528 -1.0184 -3.0091  9.4480
864 528 -7.9925 -1.8628 16.6196
888 528 -7.2885 -1.7343 15.3158
912 528 -6.6554  0.6182 15.8695
936 528 -6.9351  2.7634 15.4792
960 528 -4.8568  2.5805 13.2617
984 528  0.8252 -0.0348 10.2090
 24 552  0.0000 -0.0575 12.8235
 48 552  3.0263 -0.6874 12.4114
 72 552  3.9826  0.1945 14.5616
 96 552 -0.0929 -0.8035 14.6975
120 552  2.0701  1.8979 17.4603
144 552  2.5300  2.3390 15.0249
168 552  4.8258  2.3190 17.2593
192 552  3.9889  2.6191 15.1432
216 552  1.4690  6.4012 16.4756
240 552  0.3802  5.9012 19.6586
264 552  1.1740  2.9712 18.1162
288 552  1.3526  2.0762 12.5919
312 552  5.4000 16.6874  8.6531
336 552  4.3600 -0.4111  8.8880
360 552  4.1051  0.4837 18.2875
384 552  3.3443  0.7893 23.8821
408 552  4.0431  0.7810 16.3505
432 552  4.1670  1.2507 17.3063
456 552  3.6654  2.2152 14.2071
480 552  1.9563  2.1201 13.3506
504 552  1.5384  8.1115 13.9901
528 552  1.7210  8.4218 13.8976
552 552  3.4686  8.3458 13.4412
576 552  5.4521  6.2135 16.9785
600 552  5.1868  5.1384 15.7838
624 552  1.8539  7.5303 14.5315
648 552  0.5164  6.9792 12.0198
672 552 -4.7270  1.1382 14.2375
696 552 -3.4305  0.4111  9.3237
720 552 -4.3422 -7.8181 12.5155
744 552  0.1219 -1.3777 10.3798
768 552  4.2794  0.9861 15.2304
792 552  4.8276  1.1515 10.0105
816 552  7.8403  3.9167 13.3838
840 552  1.8897  0.8153 10.1427
864 552 -5.1855 -2.4634 14.5596
888 552 -7.2058 -2.1729 16.1915
912 552 -6.3059  0.0380 16.7231
936 552 -6.9150  0.1587 14.7412
960 552 -5.3519  0.9987 10.2811
984 552  0.9930 -0.0278  9.9432
 24 576  0.0095 -0.0877 12.4904
 48 576  5.0326 -0.9457 18.1106
 72 576  5.3873  0.9774 20.5056
 96 576  4.3173  1.4734 13.6173
120 576  0.2593  2.9894 16.3331
144 576  0.1400  2.9817 17.2917
168 576 -0.2042  3.3731 16.8795
192 576  1.9097  5.1032 15.4458
216 576  2.1658  5.3045 14.5794
240 576  2.0215  5.6464 10.7828
264 576  8.2102  2.8681 11.8991
288 576 10.2197  1.9855  9.9178
312 576 13.4769 18.7797  7.9922
336 576  5.0510 -0.3089  6.2181
360 576  2.7946  0.2640 18.1585
384 576  2.2463 -0.0055 20.9560
408 576  2.1823 -1.8006 16.9256
432 576  5.6201  2.3712 17.1983
456 576  6.5005  2.6221 16.0295
480 576  7.1773  2.7626 15.3048
504 576  3.6578  8.4374 14.1923
528 576  3.3671  8.1623 14.6132
552 576  4.0487  6.1752 14.5659
576 576  2.3307  7.3186 13.7680
600 576  0.3478  7.2574 15.1109
624 576  0.3435  6.8265 14.8781
648 576  0.4300  7.8671 13.4971
672 576 -0.8084  7.1234 13.1763
696 576 -3.9181  2.7897 10.7563
720 576 -4.6829 -9.2151 13.4700
744 576 -5.7052 -6.0250  9.7023
768 576  2.8166  0.1189 12.6177
792 576  2.8087  0.9864 14.3830
816 576  0.1095  2.5748 15.0242
840 576 -1.5468 -0.2976 15.1485
864 576 -3.2036 -0.5942 11.8842
888 576 -7.6887 -1.9390 17.0239
912 576 -7.1088 -0.9421 15.0762
936 576 -6.8056 -0.6317 16.1337
960 576 -3.7866  0.3439  9.4350
984 576  1.2954  0.0122  9.7581
 24 600  0.0107 -0.1421 12.1388
 48 600  5.8757 -0.9804 17.5479
 72 600  5.6418  1.1126 16.8369
 96 600  3.1343  2.7222 14.6957
120 600  1.7809  4.2462 15.1392
144 600  0.1695  4.0234 17.0653
168 600  0.1790  4.0816 15.0693
192 600  2.8210  4.5212 11.6284
216 600  3.8825  3.8946  9.8632
240 600 15.5243  5.8403  8.5822
264 600 12.2411  5.1890  9.2003
288 600  9.8674  3.8923 11.3358
312 600 14.3298 16.5762 11.1383
336 600  4.5823  0.1818  7.7606
360 600  2.3236  1.3122 14.9085
384 600  1.5503  0.3902 16.9193
408 600  1.9107 -1.1225 15.5895
432 600  3.8992  0.9533 11.3369
456 600  6.3872  2.5861 14.0594
480 600  6.8559  4.4612 12.7951
504 600  5.4378  6.3236 13.9401
528 600  3.7749  5.0902 12.5546
552 600  2.6577  5.6960 13.0746
576 600  1.5082  7.0864 13.4867
600 600  0.1705  7.2462 10.8770
624 600 -3.7780  2.5735 11.5881
648 600 -3.1202  3.3786 11.8202
672 600 -1.5900  5.9259 12.6875
696 600 -2.4518 -0.0203 12.6243
720 600 -7.2007 -8.2352 10.9254
744 600 -7.2810 -6.0823 12.6272
768 600 -6.8014 -5.4942 13.6523
792 600 -0.9444  0.9551 10.5536
816 600 -1.6448  0.0054 13.0575
840 600 -1.9929 -0.6055 15.3093
864 600 -4.9623  1.2238 13.7836
888 600 -7.0019  0.0092 14.9588
912 600 -6.6651 -1.0669 13.7792
936 600 -5.5308 -0.2544 15.6971
960 600 -0.9535  6.5403 13.2986
984 600  0.7872  0.0635  9.7392
 24 624 -0.0018 -0.0484 12.2409
 48 624  5.9919 -0.3545 20.7604
 72 624  5.6683  1.2522 14.5666
 96 624  3.4314  3.0897 14.1090
120 624  4.8738  5.9892 15.1934
144 624  5.0304  5.6991  8.2118
168 624 10.2464  2.7159 17.1286
192 624 10.8160  2.9220 15.3327
216 624 11.3556  2.7056 11.5367
240 624 15.7640  4.6897 13.0532
264 624 11.0261  5.8527 12.0970
288 624  9.4345  6.1680 16.1519
312 624  7.4919  5.1428  8.9497
336 624  2.9778  3.7411  9.4993
360 624  0.5541  2.6878 13.1892
384 624  0.9465  1.3978 12.8691
408 624  1.9628  0.4218 15.2439
432 624  1.7821  0.9652 13.3523
456 624  2.6808  3.7150 14.7307
480 624  2.2137  5.5921 13.3510
504 624  5.0252  7.3348 14.3816
528 624  3.2308  5.1036 16.1616
552 624  0.1974  3.2435 14.8164
576 624 -0.3750  6.0686 15.5637
600 624 -1.7463  7.0221 14.8142
624 624 -3.9731  1.8456 17.9328
648 624 -4.1086  2.0339 11.5454
672 624 -9.1907  8.0588 11.7538
696 624 -2.1802 -0.7012 14.6175
720 624 -6.2309 -8.3746 12.6172
744 624 -6.5317 -9.1616 13.5394
768 624 -5.8007 -6.0745 14.0907
792 624 -4.9326 -3.7645 10.8971
816 624 -4.0252 -0.4143 17.0258
840 624 -4.1260 -0.1137 15.6084
864 624 -6.8832  1.9986 13.0003
888 624 -6.7122  0.1280 16.3587
912 624 -6.3031 -1.0643 15.1695
936 624 -4.7773 -1.9161 15.7225
960 624 -1.4622  4.1974 12.7380
984 624  0.8778  0.0743 10.1291
 24 648 -0.0016 -0.0129 12.0324
 48 648 -5.5907 -15.9911 10.9207
 72 648  7.8883  1.1811 13.7310
 96 648  9.1963  4.6024 13.9383
120 648  7.9187  4.2049  9.5942
144 648  8.3156  2.8642 12.7105
168 648  8.6609  2.4759 14.5492
192 648  5.4783  2.2072  8.9024
216 648  5.5599  3.7194 11.3478
240 648  6.1761  3.0124 12.4336
264 648  9.4091  3.3975 11.2240
288 648  8.6156  5.8700  9.6057
312 648  8.9651  6.8236 15.0972
336 648  6.4444  8.2014 12.8274
360 648  4.8659  9.9740 10.7961
384 648  4.6318  4.9090 10.3652
408 648  3.6088  1.6450 14.0125
432 648  2.5347  2.4646 13.7980
456 648  1.1785  3.0552 14.1241
480 648  0.8292  3.1778 12.7384
504 648  0.5605  2.2609 14.5642
528 648 -0.2937  1.4971 14.8859
552 648 -1.8221  2.0586 20.8451
576 648 -1.6948  2.3260 15.8162
600 648 -1.2899  1.0489 16.0805
624 648 -4.2329  1.7182 18.2216
648 648 -5.1821  1.8130 17.2633
672 648 -8.8516  4.6030 11.1922
696 648 -7.8582 -0.0860 11.6435
720 648 -4.1783 -0.2703  9.2987
744 648 -0.3853 -0.7646 10.6112
768 648 -3.7483 -6.0504 12.1360
792 648 -4.5641 -5.6965 14.1280
816 648 -4.2621 -0.4475 16.7310
840 648 -4.3448  0.4802 14.2570
864 648 -4.9082  0.4454 16.3081
888 648 -6.0325 -0.0329 15.2723
912 648 -5.8200 -0.8833 15.4062
936 648 -6.1815 -1.8523 13.7264
960 648 -6.3034 -1.9875 15.8802
984 648  0.9925  0.0112 10.6061
 24 672 -0.0083 -0.0334 12.5812
 48 672 10.4284 12.0294 13.4110
 72 672  9.6908  4.3503 11.0764
 96 672  7.6238  3.1533 13.3911
120 672  4.1844  3.7944 13.5219
144 672  4.2779  3.9576 10.9373
168 672  5.7708  5.0848 11.3574
192 672  4.4472  6.9843 10.8206
216 672  4.8166  7.6190 13.0649
240 672  4.7638  4.4934 14.3756
264 672  4.9748  3.8238 16.5679
288 672  5.8333  4.1301 15.2722
312 672  7.8481  6.5190 14.8986
336 672  6.2649  9.7220 11.5511
360 672  4.9021  9.8205 11.0974
384 672  5.6468  4.9029 12.5385
408 672  5.6449  3.3596 17.1298
432 672  4.6370  4.0939 13.0154
456 672  1.6428  6.0226 13.6408
480 672  0.7883  3.0306 12.8116
504 672  0.9190  1.9193 16.0083
528 672  0.3915  1.2047 15.1560
552 672 -0.3558  0.8406 17.1341
576 672 -0.8663  1.0878 15.7556
600 672 -0.0957  0.1982 14.7760
624 672  0.2737 -0.1065 12.2562
648 672 -4.9754  1.2632 15.2978
672 672 -6.9281  4.0650 12.7438
696 672 -6.9474  1.7557 12.3795
720 672 -4.9973 -2.5454  7.0938
744 672  1.0195 -1.6992 12.0146
768 672 -0.2985 -2.7521 11.0802
792 672 -3.6647 -3.7331 16.5020
816 672 -3.6732 -3.9008 13.0987
840 672 -3.0418 -0.0227  8.3386
864 672 -3.8801  1.5417 11.3851
888 672 -6.5979  1.3739 12.2657
912 672 -5.0080  0.9959 18.3605
936 672 -4.4955 -0.1177 14.0457
960 672 -4.1801 -3.0347 14.8880
984 672  0.8262 -0.0222 10.4711
 24 696 -0.0085 -0.0185 12.6775
 48 696  9.9264  9.9910 15.5062
 72 696  7.1101  3.0965  7.9859
 96 696  1.7297  3.6184 13.1747
120 696  1.6455  3.4748 22.5403
144 696  0.5448  4.3389 16.0329
168 696  2.0730  7.1004 12.9548
192 696  2.6459  8.0942 14.7989
216 696  4.6105  7.9609 11.8254
240 696  6.5198  6.3129 17.8359
264 696  5.0986  4.1800 14.7643
288 696  5.1203  4.1652 16.2774
312 696  6.4693  6.6161 11.6993
336 696  6.9651  9.9989 13.3155
360 696  7.7014  6.8390  9.8057
384 696  7.1264  4.9914 16.4489
408 696  5.6894  3.5315 15.9341
432 696  4.4492  2.9081 13.0750
456 696  1.0078  6.9838 13.6208
480 696  0.4567  3.1811 13.9844
504 696  0.8353  0.3349 15.0948
528 696  0.7672  0.4521 17.5760
552 696  0.1202 -0.1778 17.0465
576 696 -0.0899 -0.8085 16.4745
600 696  0.7859 -1.9193 12.6938
624 696  2.2859 -1.1698 15.8750
648 696  1.7495 -0.7011 19.2977
672 696 -2.3310  2.0669 15.5820
696 696 -3.8207  2.2939 11.2482
720 696  0.2058 -7.3704 12.9527
744 696  0.3241 -4.2955 12.9367
768 696  0.2094 -3.4805 14.3993
792 696 -3.0205 -3.7573 14.9121
816 696 -6.1371 -4.9538 10.8530
840 696 -8.1784 -1.9013  9.0479
864 696 -3.5572  0.4581 11.5587
888 696 -5.6733  1.3139 11.2092
912 696 -4.0986  1.0319 18.2796
936 696 -2.0448 -2.2847 15.2806
960 696 -1.1947 -2.6237 15.8620
984 696  1.2069 -0.0184 10.5906
 24 720 -0.0040  0.0005 12.0166
 48 720 -7.9175 -0.0580 16.0291
 72 720 -2.0433  6.2237 11.1293
 96 720  0.7852  7.9328 16.2155
120 720 -0.1999  3.6180 17.4739
144 720 -1.1169  6.8880 13.6731
168 720  1.5814  8.6259 17.1937
192 720  2.1532  8.5078 19.2034
216 720  2.1966  7.6014 14.1590
240 720  7.2020  6.5570 14.8117
264 720  4.9640  5.3029 10.0174
288 720  4.4196  4.9196 16.8677
312 720  3.8919  5.5364 14.6092
336 720  6.0703  5.9641 13.3948
360 720  8.8786  6.4207  9.9654
384 720  9.7742  5.9905 15.9873
408 720  6.0582  3.3622 11.0613
432 720  5.8112  2.0879 11.2478
456 720  1.5993  0.5056 12.4849
480 720  1.0767  0.0123 15.5417
504 720  0.2833 -0.8199 16.1801
528 720  0.4702 -0.7293 19.3715
552 720  0.3719 -1.2520 17.6279
576 720  0.7703 -3.2283 14.0281
600 720  0.1467 -4.7632 19.0159
624 720 -0.0983 -3.9623 14.3730
648 720  0.1305 -0.8904 17.4598
672 720 -0.0576 -3.0027 15.8719
696 720  0.2779 -5.4166 14.6545
720 720  0.2448 -8.5299 15.8580
744 720 -0.1298 -8.3661 16.8407
768 720 -2.7911 -8.8787 11.1853
792 720 -4.5309 -4.0307 11.3606
816 720 -7.6758 -2.0781 12.3066
840 720 -6.0110 -3.5050 10.2616
864 720 -4.7716 -2.7914 11.8005
888 720 -4.5127 -0.8435 13.4076
912 720 -2.2722 -0.8571 17.7912
936 720 -1.1427 -2.3336 21.6061
960 720 -1.0743 -2.7294 19.2567
984 720  1.1811 -0.0137 10.1653
 24 744  0.0041  0.0696 11.8600
 48 744 -7.6796 -0.2536 13.1082
 72 744 -10.0021 -3.0153 11.7769
 96 744  0.9530  8.8308 16.6220
120 744 -7.8152 10.8171 12.6085
144 744 -7.6529  9.1606 16.2048
168 744 -7.8682  8.8044 13.2700
192 744  1.8012  7.4894 12.4286
216 744  0.6188  8.2132 15.6276
240 744 -1.0299  5.3558 14.3921
264 744 -2.4355  4.5484 10.0250
288 744  3.7103  2.3763 13.0307
312 744  4.0572  4.9170 13.7369
336 744  4.2438  5.0756 15.7574
360 744  6.1040  5.8287  7.9524
384 744 10.4419  6.1692 16.6016
408 744  4.7463  3.8995  9.2080
432 744  3.6641  3.3854 12.3268
456 744  1.8046  1.3261 10.9830
480 744  0.2164 -0.9961 11.9839
504 744  0.3343 -1.2477 13.6791
528 744  0.6369 -1.1424 20.5907
552 744  0.6405 -3.4173 15.5690
576 744 -0.2791 -5.1602 12.6688
600 744 -2.2596 -8.6348 14.3700
624 744 -0.4500 -5.8785 13.1487
648 744 -0.0688 -1.2964 14.6628
672 744  0.3440 -2.6620 17.7601
696 744  0.9244 -5.1920 14.4399
720 744  0.6517 -8.0596 16.1019
744 744 -1.7779 -7.8836 15.5459
768 744 -3.9168 -7.6331 19.3887
792 744 -5.3585 -8.8741  9.5902
816 744 -8.8480 -0.7582 12.6900
840 744 -6.1515 -5.1644 10.7966
864 744 -4.5290 -4.9367 13.7560
888 744 -2.9754 -3.0315 16.1179
912 744 -1.1994 -2.6991 14.8836
936 744 -1.0298 -2.0131 17.9995
960 744 -0.8363 -4.5718 13.5656
984 744  0.8250 -0.0975 10.0422
 24 768  0.0108  0.0380 11.9219
 48 768 -5.9485  0.2059 11.3607
 72 768 -5.8530 -0.1801 12.1643
 96 768 -8.1443  2.7788 13.4086
120 768 -6.7048  9.0509 14.3071
144 768 -7.5485  9.6977 16.4910
168 768 -7.6954  9.4830 15.1001
192 768 -7.9068  8.5168 14.0212
216 768 -7.0234  9.0888 12.3186
240 768  1.0000  1.0000  9.2320
264 768 -1.7570  1.8909 11.9963
288 768 -3.3841  1.7895 13.6785
312 768 -4.3426 -0.8304 11.4429
336 768  4.0315  6.6304 14.4961
360 768  6.0322  4.3306 16.6340
384 768  9.8884  5.7493 12.8731
408 768  4.1562  1.0448 11.7749
432 768  4.0295  2.6919 12.6250
456 768  2.8678  1.1656 10.7186
480 768 -3.2345 -6.3014  8.5500
504 768 -3.3475 -6.6347 12.4933
528 768 -1.0962 -3.2385 13.3373
552 768 -2.2738 -3.7953 13.2517
576 768 -2.7796 -4.3311 14.9125
600 768 -3.2586 -8.6543 16.0568
624 768 -1.3007 -6.3321 17.3372
648 768 -0.4508 -5.6850 16.3414
672 768  2.0087 -1.6669 22.2250
696 768  2.4555 -1.6839 16.5639
720 768  1.6041 -6.4818 13.3732
744 768 -2.9731 -6.9822 13.7129
768 768 -4.1250 -7.0591 20.7849
792 768 -1.6294  0.4019 13.4741
816 768 -1.4717 -0.0669 10.8860
840 768 -0.7131 -3.4145  9.5031
864 768 -2.2136 -4.0332 11.9357
888 768 -2.4113 -4.5790 12.9419
912 768 -1.9043 -4.5716 13.5892
936 768 -2.1334 -0.9304 16.1735
960 768 -1.9517 -5.8215 10.7404
984 768  0.7866 -0.0963 10.5167
 24 792  0.0120  0.0254 11.8275
 48 792 -1.3786  1.1322 18.4114
 72 792 -4.3627  0.9357 14.1489
 96 792 -7.6866  1.0116 12.9734
120 792 -6.5307  9.5667 13.1961
144 792 -7.5936  9.8240 19.3423
168 792 -7.6143 10.2758 15.9623
192 792 -2.2670  8.2358 12.4379
216 792 -1.8607  8.8048 15.4262
240 792 -5.9287 -2.7361  8.1216
264 792 -4.3335  0.3689 18.6731
288 792 -4.2032  0.2622 17.7761
312 792 -4.9969 -0.5021 14.0888
336 792 -0.0544  4.2455 11.8277
360 792  8.7351  2.0332 12.6744
384 792  7.7121  2.9330 16.9275
408 792  6.6561  1.0229 19.6630
432 792  5.0983  0.6573 17.8000
456 792  4.2521  2.0499 14.7376
480 792  2.0116 -1.0938 13.0989
504 792  1.7866 -1.5588 12.4759
528 792 -2.1466 -4.6468 13.4249
552 792 -2.6447 -3.0122 13.7361
576 792 -2.8655 -2.2431 15.8363
600 792 -2.3280 -7.6351 10.6044
624 792 -1.0139 -6.7538 18.1418
648 792 -1.0808 -6.5631 13.2231
672 792  0.4403 -0.0453 18.0495
696 792  0.2938 -0.8444 17.0114
720 792 -1.8494  0.2518 18.2761
744 792 -2.1514 -0.1632 17.6294
768 792 -1.7436 -0.9020 16.8357
792 792 -1.3069  0.3299 18.0478
816 792 -2.2896 -0.1429 14.5542
840 792 -1.0503 -3.1591 11.9335
864 792  0.2007 -4.0007 12.5867
888 792 -0.0637 -5.0826 14.0342
912 792 -4.1902 -4.9297 14.1255
936 792 -3.8037 -3.6519 15.8322
960 792 -2.3446 -5.7827 10.3481
984 792  0.9782 -0.0607 10.4493
 24 816 -0.0005  0.0837 11.9065
 48 816 -1.2019  2.0570 19.4586
 72 816 -3.0014  0.1104 14.3054
 96 816 -5.8548  1.5488 15.4309
120 816 -6.2288  1.5443 15.0604
144 816 -0.8916 11.0045  7.7554
168 816 -3.9279  7.1531 13.5330
192 816 -3.9866  7.1570 14.0299
216 816 -2.4192  9.4238 15.2992
240 816  1.0000  1.0000 10.0959
264 816  4.4685  0.7688 18.2760
288 816  4.8960  0.8352 11.5699
312 816 -2.0022 -5.1559 11.5074
336 816 -1.0849 -7.3653 14.2371
360 816  1.9895 -3.0422 11.6239
384 816  6.8318  1.6314 15.4352
408 816  5.9401  0.8394 16.9813
432 816  4.8530  0.2343 13.9642
456 816  4.7960 -0.1480 12.5075
480 816  3.3813 -3.7189 16.4831
504 816  1.7975 -2.6108 11.7146
528 816 -0.3790 -2.3996 15.8882
552 816 -1.6522 -2.7070 11.7558
576 816 -0.0222 -4.8837 12.4020
600 816  0.5373 -6.0578 16.7460
624 816  0.0894 -8.3369 13.5322
648 816 -0.3302 -8.1224  8.6399
672 816  0.2444 -0.6919 16.0699
696 816 -0.0458 -0.9464 18.4099
720 816 -1.4152 -0.0982 19.9307
744 816 -1.2191 -0.0052 20.7072
768 816 -1.2751  0.1351 14.6802
792 816 -4.2467 -0.1801 14.0064
816 816 -4.4558 -0.8881 13.0163
840 816 -1.0397 -3.5852 12.7834
864 816 -0.4836 -3.6059 11.5399
888 816 -1.7445 -0.2819 12.8759
912 816 -2.1923 -0.4735 12.3550
936 816 -3.1870 -4.1977 15.5932
960 816 -0.6818 -6.0104 12.3598
984 816  0.5599 -0.1245 10.0718
 24 840 -0.0163  0.0160 12.4907
 48 840 -5.7130  3.6552 15.3719
 72 840 -4.2724  4.1983 15.5364
 96 840 -3.9801  2.8411 15.4036
120 840 -6.6971  0.1151 17.6344
144 840 -3.7411  2.0803  8.8941
168 840 -4.2982  7.0434 20.0718
192 840 -4.7283  8.0990 15.0318
216 840 -0.8587  7.9675 14.9302
240 840  2.1181  9.4098 14.9266
264 840  4.2909  1.0930 17.5819
288 840  1.1376 -6.7541 13.7729
312 840  0.6509 -6.8339 15.9961
336 840 -0.9499 -7.7702 19.3301
360 840 -0.9301 -7.8321 13.5543
384 840  0.3126 -3.0993 15.1570
408 840  0.2422 -0.2739 11.9044
432 840  2.7055  1.4450 15.1187
456 840  0.5829 -5.4888 11.6755
480 840  0.2735 -4.2025 13.3983
504 840  0.2579 -2.5924 13.9871
528 840 -0.0350 -2.6630 17.4216
552 840  0.0418 -3.4731 17.6457
576 840 -0.2663 -5.2997 15.3292
600 840 -0.6341 -5.0193 15.6630
624 840 -0.3173 -8.7052 11.3661
648 840 -1.9635 -4.0887 10.3265
672 840 -0.7499 -0.0062 12.4502
696 840 -0.3562 -0.1758 17.8560
720 840 -1.0105 -0.0324 19.8034
744 840 -0.8878 -0.0088 21.0959
768 840 -1.6492  0.6695 12.6851
792 840 -4.5288 -0.1995 13.1224
816 840 -3.8851 -0.4533 14.1651
840 840 -4.8133 -3.4110 12.2299
864 840 -7.5793 -2.7635 13.0282
888 840 -2.4091  0.7513 16.1362
912 840 -3.9163  0.3510 18.3125
936 840 -3.7882 -3.1962 15.3147
960 840 -3.1268 -4.6117 14.0650
984 840  0.6584 -0.0400 10.2654
 24 864 -0.0316 -0.0112 12.7395
 48 864 -3.0950  0.9834 10.1089
 72 864 -3.2907  4.3030 12.4130
 96 864 -2.9790  4.5873 12.1512
120 864 -5.7068  3.6927 14.3747
144 864 -4.8547  4.8031 15.6501
168 864 -4.2070  7.1146 16.0426
192 864 -0.1811  8.5571 16.9512
216 864 -0.4728  8.7436 16.3537
240 864  0.3051  9.6616 17.0547
264 864  4.2225  1.1779 10.0111
288 864  1.7620 -6.4034 13.2060
312 864  2.3822 -3.0917 13.3872
336 864  2.2446 -2.3595 12.9061
360 864  2.3152 -0.0175 10.4614
384 864  0.9444 -4.7802 19.2542
408 864  1.1113 -3.3636 16.7888
432 864  2.3978  1.8864 12.2820
456 864  1.7174 -6.3465 11.5689
480 864  0.6796 -4.6558 14.2578
504 864 -0.6186 -3.1066 14.7733
528 864 -1.2579 -3.0431 16.0578
552 864 -1.3755 -4.1712 15.4265
576 864 -1.1051 -4.3487 15.5088
600 864 -1.3428 -4.5464 13.7285
624 864 -0.2030 -6.4987 13.3015
648 864 -0.0033 -4.3898 13.5326
672 864 -0.8954 -0.0980 14.0411
696 864 -0.9124  0.2194 16.7039
720 864 -1.0497  0.4215 18.8213
744 864 -0.8619  0.4937 18.9748
768 864 -1.1751  0.1673 16.0336
792 864 -4.2887 -0.1169 12.0776
816 864 -4.0172 -0.5299 14.0163
840 864 -3.7744 -1.0268  8.8377
864 864 -8.0087 -2.6512 11.2255
888 864 -0.2589  0.3115 12.8030
912 864 -1.3458 -0.7882 13.6338
936 864 -3.3319 -2.6391 16.2322
960 864 -4.7876 -4.5058 16.5738
984 864  1.0808  0.0604 10.5311
 24 888 -0.0286  0.0009 12.5375
 48 888  1.0000  1.0000  9.7710
 72 888 -1.0339  7.2329 15.0885
 96 888 -2.1002  6.7727 16.1083
120 888 -3.8279  6.5564 20.6675
144 888 -4.8194  5.1850 17.9343
168 888 -5.2377  7.0151 14.6945
192 888 -2.0351  8.0198 14.8467
216 888 -3.1779  9.3045 14.6480
240 888 -0.8173  9.5385 13.9504
264 888  2.6204  9.1167 14.0958
288 888  3.9381  7.7657 14.2863
312 888  2.1300 -0.9173 18.5255
336 888  3.3999 -0.2525 15.3520
360 888  5.7225  0.2041 14.1663
384 888  3.2642  0.2505 16.3393
408 888  1.0458 -3.4538 15.8787
432 888  0.8141 -3.9648 11.3811
456 888  1.2462 -4.6910  9.5129
480 888  0.0460 -2.1942 12.8349
504 888 -1.7897 -2.2879 17.5870
528 888 -2.2258 -1.9371 18.4604
552 888 -3.3426 -1.5507 18.4785
576 888 -4.5616 -1.7985 14.2849
600 888 -0.8236 -8.6416 12.5677
624 888  0.4096 -7.4446 14.5845
648 888  0.1677 -4.1832 17.5824
672 888 -0.6555 -1.8491 13.7185
696 888 -1.3203 -0.2591 15.3877
720 888 -1.3971  0.3368 18.7495
744 888 -1.3004  0.6480 20.2886
768 888 -3.4531  1.5252 13.1957
792 888 -4.6031 -0.1018 12.6688
816 888 -3.9948 -0.3449 11.1771
840 888 -4.6031 -2.3702 10.3858
864 888 -0.2553 -0.8638 13.6763
888 888  1.3646  0.2040 15.5090
912 888  1.0699 -0.1783 15.7954
936 888 -1.0725 -2.3579 18.2497
960 888 -3.1542 -3.6131  9.1876
984 888  0.8641  0.0112  9.7887
 24 912 -0.0162 -0.0158 12.4760
 48 912  0.0112  8.3427  9.4912
 72 912 -0.4773  7.1502 13.3887
 96 912  4.0133 10.9521  9.8441
120 912  0.2240  3.1096  9.7111
144 912  1.1588  3.6543  9.8556
168 912  3.0627  9.8784 11.5871
192 912  3.3941  8.2840 11.8322
216 912  3.6639  8.1489 12.0792
240 912  2.0327  9.5453 12.3446
264 912  2.0735  9.3257 14.4219
288 912  1.9337  6.6280 15.9134
312 912  4.1091  0.3098 20.2338
336 912  5.6556  0.0815 17.8353
360 912  4.2131  0.8148 14.9373
384 912  3.8754  1.2495 12.6973
408 912 -0.2112 -1.3424 13.3274
432 912 -0.3433 -3.2998 17.2533
456 912 -0.4141 -4.0086 15.4027
480 912 -0.6996 -3.0799 18.9331
504 912 -0.0441 -1.8525 18.4217
528 912 -0.1733 -0.4753 18.9434
552 912 -0.0020 -0.3715 16.3096
576 912  3.1725 -2.8768 10.3358
600 912 -0.8812 -8.8998 13.2626
624 912 -1.0207 -9.4492 11.5570
648 912 -1.9469 -3.2720  9.6935
672 912 -2.1283 -3.5626 18.4711
696 912 -3.1261 -1.6217 16.3854
720 912 -2.7730  0.3027 15.7382
744 912 -1.0861  0.2423 11.6993
768 912 -8.0708  1.8344 14.7311
792 912 -7.0967 -2.0221 11.2462
816 912 -2.2774 -4.1866 12.3351
840 912 -1.4186 -3.6898 12.8542
864 912 -0.9824 -1.8267 14.1442
888 912  0.1082 -1.3140 13.5074
912 912  1.7279 -1.0525 12.2908
936 912  1.2020 -2.2255  9.3950
960 912 -7.5103  0.1611 13.3822
984 912  0.9443  0.0389  9.7826
 24 936 -0.0147 -0.0450 12.6507
 48 936 -1.7355  6.1605 10.6498
 72 936 -1.9440  6.2164 10.8998
 96 936  3.0026 13.4940 13.3289
120 936  2.1239 11.8434 13.9519
144 936  0.0702 10.0633 16.3821
168 936  2.5813  8.8358 15.3444
192 936  3.2210  8.5476 14.9619
216 936  3.1289  7.5534 14.1710
240 936  2.3447  7.6449 13.2639
264 936  1.5800  8.9911 14.4594
288 936  0.3806  7.9273 12.4891
312 936  3.5701  0.6038 15.7043
336 936  3.3235  0.2278 13.0736
360 936  2.6519  5.1969 16.5004
384 936  2.8204  5.0069 17.2443
408 936  2.8688  4.6771 11.7233
432 936  1.1333 -3.7777 14.2859
456 936 -0.0855 -3.9056 17.1677
480 936 -0.5638 -2.7810 18.2511
504 936  0.8961 -2.7916 12.8648
528 936  2.7938 -1.1888 19.5701
552 936  2.7094 -0.4538 17.2460
576 936  4.3052 -2.1037 14.7045
600 936  2.3600 -7.3726  8.3824
624 936 -5.9791 -13.9864  8.2237
648 936 -3.2859 -1.9105 10.6602
672 936 -3.2423 -0.9131 16.1794
696 936 -3.3410  0.0754 15.0373
720 936 -6.1558  3.7286 11.8058
744 936 -7.6991  3.8956 16.6291
768 936 -9.6465  3.8770 10.2673
792 936 -2.0085 -3.7403 11.3864
816 936 -1.1062 -4.7015 21.5862
840 936 -0.7893 -4.4362 21.2520
864 936  0.0021 -4.4765 13.5318
888 936  1.9739 -4.8835 13.5866
912 936  2.5836 -3.5925 14.7645
936 936  2.0492 -2.1089  9.0251
960 936 -6.4741  1.4377 15.8531
984 936  0.9414  0.0376 10.1137
 24 960 -0.0047 -0.0446 12.4638
 48 960  1.0000  1.0000  6.7620
 72 960 -1.0186  8.8487 12.6254
 96 960 -0.1841 11.4494 15.2835
120 960 -0.4881 11.6076 15.1588
144 960 -0.0827 11.8496 14.7683
168 960  2.7006  9.7152 12.6790
192 960  3.9504  9.2197 15.6568
216 960  1.1870  7.0012 11.6557
240 960 -0.1165  7.2871 15.5709
264 960 -0.0954  9.1713 18.1260
288 960  0.9266  9.7246 17.6229
312 960  1.4437  7.0171 14.2320
336 960  2.8762  8.8769 15.4969
360 960  4.0525  8.2423 17.2930
384 960  1.8797  7.3820 15.3408
408 960  2.8073  4.9005 14.3928
432 960  1.1993 -3.6255 15.6038
456 960  0.2617 -4.1141 13.2274
480 960  0.0627 -6.8341 12.8728
504 960  2.7961 -2.8549 14.4511
528 960  3.1252 -2.0397 21.3271
552 960  2.8357 -1.8871 18.9250
576 960  3.9281 -2.1941 14.1697
600 960  2.9981 -6.9206  9.0902
624 960 -0.9280 -9.2209  5.6289
648 960 -5.9408 -0.1516 12.5725
672 960 -7.6848  2.8880 11.6807
696 960 -8.1232  2.6942 14.0478
720 960 -7.1607  3.9820 13.0238
744 960 -4.3108  4.2571 10.8886
768 960 -0.2412  0.2185 12.6071
792 960 -0.6549 -4.9275 15.2386
816 960 -0.9830 -4.5458 18.7705
840 960 -0.9670 -4.2582 19.7173
864 960 -1.2482 -4.9815 15.2580
888 960 -1.0286 -5.6280 10.9016
912 960  2.0579 -1.9331 12.2320
936 960 -4.5231  4.9132 10.8341
960 960 -6.5854  0.9738 15.4909
984 960  0.7501  0.0152  9.8101
 24 984  0.0004  0.0145 14.8357
 48 984  0.0074  0.0171 12.6410
 72 984 -0.0398  0.0175 12.7982
 96 984 -0.1167  0.0020 11.9564
120 984 -0.0130 -0.0134 11.5748
144 984  0.0708 -0.0168 11.1820
168 984  0.0488 -0.0053 11.5109
192 984  0.0845  0.0122 11.7080
216 984  0.0004  0.0108 12.4392
240 984 -0.0006  0.0147 12.8087
264 984 -0.0145 -0.0036 11.4389
288 984  0.0440 -0.0072 11.1814
312 984  0.0977  0.0024 12.3580
336 984  0.1545  0.0016 11.9813
360 984  0.1445  0.0137 11.1665
384 984  0.0122 -0.0011 11.5891
408 984  0.2136  0.0011 12.5396
432 984  0.1321 -0.0034 12.8603
456 984 -0.0041 -0.0360 12.0334
480 984 -0.0482 -0.0290 12.0130
504 984 -0.0150  0.0043 12.7013
528 984  0.0734  0.0301 13.0010
552 984  0.0793  0.0019 12.9085
576 984  0.0029 -0.0198 12.6591
600 984 -0.0407 -0.0195 12.1561
624 984 -0.1066 -0.0078 12.5283
648 984 -0.1192  0.0227 12.8031
672 984 -0.0225  0.0162 12.0234
696 984  0.0632 -0.0005 12.3820
720 984  0.0838 -0.0036 13.2083
744 984  0.0302 -0.0213 12.3100
768 984  0.0166 -0.0443 11.6416
792 984 -0.0442 -0.0166 12.6588
816 984 -0.0593 -0.0137 12.8417
840 984 -0.0836 -0.0258 12.7448
864 984 -0.0578 -0.0210 12.7305
888 984  0.0213 -0.0126 12.0946
912 984  0.0203 -0.0087 11.7209
936 984 -0.0541 -0.0001 12.6593
960 984 -0.0123 -0.0175 12.3619
984 984  0.8754 -0.0655 13.2528
