 24  24  0.0237 -0.8950 13.5321
 48  24  0.0227 -0.9491 10.3444
 72  24 -0.0381 -0.9910 10.3396
 96  24 -0.0415 -0.8860 10.3569
120  24 -0.0269 -1.0263 10.2188
144  24  0.0078 -1.1986 10.6807
168  24 -0.0230 -0.9013 10.6392
192  24 -0.0715 -0.7065 10.6140
216  24 -0.0952 -1.0077 10.9210
240  24  0.0091 -0.9618 10.5931
264  24 -0.0084 -0.8868 10.4625
288  24 -0.0071 -0.8845 10.3199
312  24  0.0126 -1.0221 10.6560
336  24  0.0979 -0.8126 10.2715
360  24  0.0903 -0.4215  9.5889
384  24 -0.0210 -0.5837  9.7762
408  24 -0.0408 -0.9268  9.4377
432  24 -0.0570 -1.1045 10.4067
456  24  0.0020 -1.0923 10.7797
480  24 -0.0256 -0.8524 10.4045
504  24 -0.0288 -0.7309 10.0825
528  24 -0.0522 -0.6927 10.0765
552  24 -0.0404 -0.7735 10.2961
576  24 -0.0709 -0.7797 10.2897
600  24 -0.0817 -0.8277 10.4459
624  24 -0.0243 -0.9594 10.6407
648  24  0.0285 -0.8628 10.4338
672  24  0.0246 -0.7956 10.4315
696  24 -0.0066 -0.7009 10.3328
720  24  0.0022 -0.7898  9.9935
744  24  0.0452 -1.0809 10.4802
768  24  0.0624 -0.9571 10.8596
792  24  0.0645 -0.8401 10.8239
816  24 -0.0050 -0.6790 10.2000
840  24 -0.0526 -0.4823  9.8044
864  24 -0.0269 -0.7029 10.0795
888  24 -0.0146 -0.8594 10.3257
912  24 -0.0192 -0.9308 10.3371
936  24 -0.0482 -1.0137 10.4629
960  24 -0.0235 -0.8158 10.2338
984  24  4.8123 -0.4800 10.7303
 24  48 -0.0126  0.0183 12.6768
 48  48 -5.2279 11.2540 10.0155
 72  48 -5.6504  8.6376 12.3049
 96  48 -4.1944 10.7156 10.4746
120  48 -3.4607 11.2039 13.3137
144  48 -2.5786  8.3409 17.1607
168  48 -2.1670  5.8421 18.4989
192  48 -2.0586  2.5914 14.8122
216  48 -2.8589  1.9457 21.5317
240  48 -4.8952 -1.1582 18.3512
264  48 -4.3609 -1.7249 20.6781
288  48 -2.4364  0.1138 15.3754
312  48 -3.9159  0.0422 14.4725
336  48 -0.9536  0.2017 14.6455
360  48  0.5491  0.6991 16.3152
384  48 -0.5562  1.0533 17.9017
408  48 -0.5509  3.2863 18.2721
432  48 -0.6251  5.0270 19.1522
456  48 -0.5580  4.9242 17.2811
480  48 -2.3009  3.3928 16.9762
504  48 -3.3780  3.9686 17.7897
528  48 -3.9075  3.6260 17.4694
552  48 -3.3542  1.6345 17.6098
576  48 -3.5207  0.0372 17.2326
600  48 -1.8973  0.0985 17.9267
624  48 -0.7731  0.2315 22.4523
648  48  0.0688  0.9249 16.2647
672  48  0.9667  1.0484 14.7289
696  48  1.7760  1.6729 12.4671
720  48  3.9685  1.0084 13.0166
744  48  0.8162  1.2931 11.5894
768  48  0.7829  1.2519 16.7674
792  48  0.8964  0.0461 15.6869
816  48  0.6312 -0.3555 15.7719
840  48 -1.7016  0.0528 13.8673
864  48 -5.7016  0.2920 12.8177
888  48 -10.0566  0.2364 13.7604
912  48 -11.8129  1.9064 11.9627
936  48 -3.7351 -0.3644 13.6848
960  48 -2.2135 -1.0632 14.3294
984  48  4.7594  0.0251  7.6165
 24  72 -0.0229 -0.0060 12.6079
 48  72 -4.0916  7.3556 11.4145
 72  72 -6.0760  7.6998 12.0681
 96  72 -4.1756  7.8966 11.2921
120  72 -5.0283  8.3679 13.6211
144  72 -1.9372  4.9780 16.8845
168  72 -1.1348  3.8374 13.7988
192  72 -2.4995  2.3950 13.0708
216  72 -2.6735  1.4756 17.6414
240  72 -4.6069 -1.0704 16.9340
264  72 -4.2714 -1.8254 21.0597
288  72 -3.3080 -0.7073 17.7438
312  72 -3.7006  0.5608 18.7410
336  72 -2.0631 -0.1420 17.4128
360  72 -2.1240 -0.0248 18.5552
384  72 -1.8925  2.6849 21.1589
408  72 -2.1631  2.6614 22.9714
432  72 -0.6540  3.9313 17.6356
456  72 -1.1162  2.3862 14.9720
480  72 -2.1079  3.2259 18.4965
504  72 -2.5620  3.9050 17.6226
528  72 -2.3781  3.7291 13.7090
552  72 -3.8478  1.5240 14.9797
576  72 -3.6936  0.5834 16.4739
600  72 -1.0050  0.7523 19.3490
624  72 -0.2677  0.5685 21.7126
648  72  0.1409  0.3812 16.5425
672  72  0.0064  0.3894 18.5439
696  72  0.3132  1.0441 14.2505
720  72  0.8969  1.7590 15.6167
744  72  0.8848  2.8904 15.4778
768  72  0.8475  1.7381 16.0559
792  72  0.4866 -0.1054 18.1435
816  72  0.1696 -0.2596 16.1762
840  72 -3.8062  0.7325 14.9816
864  72 -5.8320 -0.0165 14.6083
888  72 -10.1488 -0.0602 16.3472
912  72 -11.9500 -0.1162 16.7848
936  72 -10.4053 -2.0060 10.9529
960  72 -2.7049 -2.1870 12.0575
984  72  4.7389  0.0074  7.5819
 24  96 -0.0189 -0.0014 12.5222
 48  96 -5.0089  4.4584 12.4147
 72  96 -5.1125  5.2362 13.8730
 96  96 -6.6995  6.4164  8.5088
120  96  1.4473 -0.2774 11.2217
144  96 -0.9303  3.5083 16.5003
168  96 -1.2130  3.4938 15.1581
192  96 -2.4324  2.8600 18.2914
216  96 -2.4209  1.0378 20.2638
240  96 -2.7237  0.4398 16.6756
264  96 -3.2688 -0.7416 19.9503
288  96 -3.8890 -0.3249 18.3400
312  96 -2.8314  0.6799 17.0513
336  96 -2.7173  0.2529 14.5075
360  96 -2.8855  0.4624 19.4864
384  96 -2.9879  1.9083 17.8632
408  96 -2.3438  2.3895 18.3501
432  96 -1.8927  2.4282 19.3967
456  96 -1.9405  1.4638 19.7967
480  96 -1.2383  2.7083 19.1482
504  96 -0.9697  3.3095 15.7300
528  96 -1.1721  3.3509 14.7788
552  96 -2.9825  1.1301 17.6302
576  96 -2.5994  1.0983 15.9520
600  96 -0.3874  0.5480 11.5908
624  96  0.1514  0.6753 18.2777
648  96  0.3513  0.9683 21.0139
672  96  0.2094  1.1506 24.2665
696  96 -0.9056  1.5461 18.4342
720  96 -2.0178  1.6779 14.8073
744  96  0.3573  0.2427 11.2182
768  96  0.7629 -0.0334 14.2516
792  96  0.2628 -0.0281 17.2242
816  96 -0.3087 -0.0924 15.0023
840  96 -3.8885  0.8464 13.3919
864  96 -6.0369 -0.0478 12.5417
888  96 -10.7242  0.7984 15.2411
912  96 -11.2144 -0.4294 16.6116
936  96 -10.6825 -2.2530 12.4436
960  96 -10.3277 -5.8292 12.8259
984  96  4.7148 -0.0830  7.4369
 24 120 -0.0192  0.0268 12.6697
 48 120 -5.9427 -0.1484 12.5723
 72 120 -9.9596  3.9866  6.5040
 96 120  3.1305 -3.0401 13.0073
120 120  2.7922 -2.0252 17.1901
144 120 -0.5581  0.9571 14.9999
168 120 -5.8248  2.2524 16.2664
192 120 -2.1621  2.5628 17.7518
216 120 -4.9593 -1.2212 14.6515
240 120 -4.6680 -0.2779 13.6844
264 120 -3.5696 -0.3616 15.7662
288 120 -4.0090 -0.3325 15.9323
312 120 -4.0827  0.5332 11.6727
336 120 -3.6022  0.6397 16.1111
360 120 -3.3582  0.7782 19.3566
384 120 -3.5610  1.1194 17.0552
408 120 -4.6970  0.9627 14.9244
432 120 -5.7721  0.6438 15.4668
456 120 -1.3835  1.9826 18.4267
480 120 -1.1403  1.8074 20.2483
504 120 -0.3334  4.4315 17.7068
528 120 -0.2420  4.9157 14.4348
552 120 -1.9197  2.3218 12.5536
576 120 -2.0679  1.0653 14.6555
600 120 -1.7727 -0.1841 14.1106
624 120 -0.1220 -0.6021 17.1675
648 120  0.3319  1.0003 17.4505
672 120  0.1785  1.3117 13.7473
696 120 -1.1970  1.3543 16.1461
720 120 -2.2034  0.7181 17.1628
744 120 -3.6617 -0.1553 16.2059
768 120 -1.3206 -0.5987 16.5065
792 120 -0.2524  0.8036 19.4292
816 120 -3.1214  1.0479 15.7943
840 120 -4.1965  1.2700 14.4172
864 120 -8.1218  0.0295 14.1806
888 120 -9.1132  0.1172 15.2497
912 120 -8.5628  0.0264 11.6329
936 120 -7.5059 -5.1622 13.9382
960 120 -7.9154 -4.9515 15.7760
984 120  4.8149 -0.0116  7.6428
 24 144  0.0124 -0.0146 11.9777
 48 144 -5.2825  0.7223  9.6804
 72 144 -11.4166  6.3844 20.3417
 96 144 22.2415 -16.3939  9.8594
120 144  2.5739 -1.5556 15.8504
144 144 -3.9942  1.2423 12.5289
168 144 -5.9343  1.8314 17.9587
192 144 -4.7857  2.2448 16.7594
216 144 -7.8920 -0.8487 19.7358
240 144 -8.0035 -0.7757 16.8872
264 144 -9.0154 -1.0759 16.0485
288 144 -9.4971 -0.3373 15.4068
312 144 -6.8658 -0.1268 15.2594
336 144 -4.9666  0.1332 17.0817
360 144 -4.8757  0.6195 15.8130
384 144 -4.8193  0.3303 15.6945
408 144 -6.0688  0.7587 20.8382
432 144 -6.1783  1.2944 17.9288
456 144 -3.0122  0.7258 16.1227
480 144 -1.2322  1.2549 20.9848
504 144 -0.2700  2.1757 19.4671
528 144  0.5086  4.7970 17.3120
552 144  0.1925  4.7155 12.9552
576 144 -2.0066  2.4802 14.2625
600 144 -5.4550 -3.9074  9.2134
624 144 -8.6574 -4.6188 13.9115
648 144 -0.1457  0.9295 14.5497
672 144 -1.6569  2.6004 13.4471
696 144 -1.9569  2.1327 14.9806
720 144 -1.8266  0.4130 14.6476
744 144 -2.3283 -0.7802 15.6886
768 144 -1.8986 -0.7527 17.8644
792 144 -0.4341  0.6231 20.7705
816 144 -2.6786  1.0424 13.9088
840 144 -4.0025  1.2456 13.6222
864 144 -5.5518 -0.2406 11.4061
888 144 -3.1956 -2.0575 12.6436
912 144 -2.1332 -3.1535 14.9816
936 144 -5.6136 -3.9786 11.9568
960 144 -5.9733 -5.1462 13.3037
984 144  4.9143  0.0333  8.0081
 24 168  0.0097  0.0064 11.8895
 48 168  1.9822  0.9053  9.0550
 72 168 -12.3239  3.1775 18.9323
 96 168 -7.3715  3.3051 19.0213
120 168 -7.2176  1.8506 16.5163
144 168 -6.5870  0.9752 15.0913
168 168 -7.8208 -0.0549 21.3905
192 168 -6.8278  0.2392 14.6871
216 168 -5.5897 -0.4024 18.7119
240 168 -6.0982 -1.2120 16.2745
264 168 -7.1292 -0.7534 16.2092
288 168 -9.6154 -0.2310 20.2483
312 168 -9.5587 -0.1324 12.7618
336 168 -6.9252 -0.1105 16.3797
360 168 -4.8809  0.7629 11.6444
384 168 -4.4009  0.2915 13.0342
408 168 -7.3295  0.1118 15.8501
432 168 -7.5860 -0.0623 15.0287
456 168 -4.7660 -0.0968 17.3353
480 168 -2.8279  0.5756 15.9047
504 168 -2.0861  2.1238 17.9326
528 168 -0.0915  4.1370 19.6199
552 168 -0.1333  4.6226 15.9192
576 168 -0.2274  4.3709 13.1809
600 168 -8.4594 -3.8277  5.4391
624 168 -8.0321 -5.9802  8.2180
648 168  4.3923  0.3991  9.5966
672 168 -1.5085  2.8468 12.4236
696 168 -1.8778  2.3100 15.9039
720 168 -0.7765 -1.0078 11.4752
744 168 -0.8843 -1.5080 13.5454
768 168 -1.4211 -1.2094 17.8387
792 168 -2.4225 -0.0494 21.4310
816 168 -2.8345  0.2652 15.1524
840 168 -2.6218  1.5047 12.1672
864 168 -3.0367 -1.2119 15.7757
888 168 -2.7357 -2.9418 15.9952
912 168 -0.2912 -4.2992 14.9752
936 168  1.9331 -5.5644 16.2866
960 168  0.2496 -5.6351 15.7015
984 168  4.8356 -0.0503  7.9574
 24 192 -0.0216  0.0299 12.5937
 48 192 -1.8864 -2.9961 12.0336
 72 192 -5.0937 -0.9901 18.1067
 96 192 -6.7286 -0.2536 18.5224
120 192 -5.2439 -0.0460 15.5444
144 192 -5.2555 -0.1471 21.5277
168 192 -5.8496 -0.2203 17.8050
192 192 -7.2671 -2.4451 14.9328
216 192 -7.6906 -1.9519 16.8231
240 192 -6.1208 -1.0973 14.2769
264 192 -5.7160 -0.7749 18.8893
288 192 -3.7681 -1.1241 14.7231
312 192 -7.9428 -0.9608 10.7670
336 192 -8.0297  0.1268 17.8943
360 192 -10.7751  0.0703  9.6399
384 192 -11.7094 -2.6817 17.2754
408 192 -8.7907 -0.3147 17.5643
432 192 -6.4090 -1.1133 13.0433
456 192 -6.0329 -1.7013 13.3424
480 192 -2.2656  0.0478 15.0785
504 192 -2.1546  0.7291 17.4377
528 192 -0.5218  1.8985 12.5698
552 192  0.2637  2.0961 13.5135
576 192  1.0745  3.0973 12.2658
600 192  6.2313  4.3289 11.0254
624 192 -17.3837 -18.1979  5.2083
648 192  5.0685  1.0565  7.2273
672 192  6.0329  2.0725 12.2417
696 192  4.1162  2.8029  8.7983
720 192  3.0784  4.2759 10.0945
744 192  0.2437 -1.1113 13.8517
768 192  0.1917 -0.9697 17.1602
792 192 -1.5484 -0.4840 15.3759
816 192 -1.7075 -0.2385 14.7197
840 192 -1.0913 -0.7609 15.6480
864 192 -2.0923 -3.1651 15.7430
888 192 -1.7425 -3.7299 15.7574
912 192 -0.1175 -6.0663 14.5135
936 192  0.8246 -6.8694 16.9427
960 192  0.9577 -4.7962 16.2292
984 192  4.8170 -0.0348  7.6330
 24 216 -0.0260 -0.0164 12.2597
 48 216 -3.0872  0.0406 14.4270
 72 216 -5.6540 -1.0956 14.0862
 96 216 -12.7622  2.1502 12.0666
120 216 -5.8966 -0.1271 12.8063
144 216 -5.4281 -0.4711 18.1799
168 216 -5.8070 -0.7988 19.4240
192 216 -7.5899 -2.8496 16.8268
216 216 -8.8268 -2.0560 20.1333
240 216 -9.4123 -2.0957 15.6903
264 216 -15.8729  0.7604 10.2265
288 216 -3.3687 -1.0926 10.0114
312 216 11.9007  0.1157  8.8447
336 216 -11.0184  1.3247 18.8425
360 216 -10.8103  0.7653 11.0686
384 216 -15.0083 -2.8263 17.1101
408 216 -12.8515 -2.9951 15.2824
432 216 -6.1967 -0.7630 10.8143
456 216 -6.0760 -1.8377 12.6174
480 216 -1.6686 -0.3630 12.2983
504 216 -1.8893 -0.1052 15.0578
528 216 -0.2397  1.2951 12.2333
552 216  0.6679  1.3380 17.3347
576 216  1.1368  1.4588 14.7983
600 216  4.2489  4.2511 14.2849
624 216  4.4679  4.1395 10.9544
648 216  6.3250  3.4402 13.5275
672 216  6.3222  3.4006 15.9203
696 216  6.6154  4.3072 12.5404
720 216  5.9164  2.8027 12.0243
744 216  2.7154  0.3180 13.2538
768 216  1.3189 -0.7901 14.9953
792 216  1.4277 -0.2257 16.0438
816 216  0.9382 -0.3616 16.7957
840 216 -0.2107 -1.7782 17.7187
864 216  0.1206 -3.7044 13.8745
888 216 -0.1995 -4.4284 15.6688
912 216 -1.5864 -4.3379 15.4753
936 216 -2.0039 -4.5606 16.5450
960 216 -3.4780 -2.7932 15.4931
984 216  4.7100  0.0179  7.1900
 24 240 -0.0072  0.0254 11.8486
 48 240 -1.5422  0.8764 21.5752
 72 240  0.5257  2.8633  8.9828
 96 240 -12.0677  1.2307 13.5574
120 240 -11.1588  0.6310 11.7482
144 240 -8.0841 -2.4802 11.8436
168 240 -7.3275 -1.8026 17.2137
192 240 -7.0596 -1.7408 12.8479
216 240 -9.1352 -1.0646 15.9339
240 240 -15.3128 -0.0628 12.1174
264 240 -14.0737  0.5638 12.9857
288 240 -11.5870 -1.9007 14.4259
312 240 -11.3103 -2.3525 16.5276
336 240 -11.0269 -0.1316 17.2112
360 240 -11.6912 -0.0668 11.1585
384 240 -14.8325 -2.3313 22.4243
408 240 -14.2200 -3.0347 19.8327
432 240 -12.7131 -2.9359  8.3183
456 240 -8.7808 -3.0670 10.9456
480 240 -3.5519 -1.8105 12.2449
504 240 -1.7888 -0.3787 14.6378
528 240 -0.1016  0.7357 18.8385
552 240  1.1345  0.2568 21.7160
576 240  1.0822  1.0233 14.5912
600 240  2.0407  3.6715 14.4767
624 240  3.6813  3.7807 15.1554
648 240  4.3692  3.1544 14.3591
672 240  4.4969  3.1693 13.0260
696 240  2.9195  3.9634 10.6442
720 240  2.7918  2.8147 13.2936
744 240  5.0286  0.6631 11.6043
768 240  3.4984  0.5828 15.8079
792 240  3.2955  0.6387 18.3864
816 240  3.1381 -0.2663 16.1736
840 240  2.5039 -0.6834 14.1993
864 240  0.2168 -4.6735 14.4387
888 240 -1.2906 -4.1310 14.8469
912 240 -1.8745 -3.9093 14.7749
936 240 -3.2099 -4.6290 15.2725
960 240 -3.8330 -2.9583 19.5837
984 240  4.7197  0.0254  7.6235
 24 264  0.0079  0.0859 12.1521
 48 264 -0.3101  1.9862 20.8727
 72 264 -2.0260 -2.7586 11.9674
 96 264 -3.2715 -3.6391 15.5400
120 264 -3.1445 -3.1026 14.6103
144 264 -3.0941 -3.2526 12.3275
168 264 -7.7647 -3.5166 15.6542
192 264 -8.9414 -0.9018 14.0038
216 264 -10.7658 -1.2921 16.1917
240 264 -14.1031 -1.7290 10.3092
264 264 -10.1275 -0.1702 13.6517
288 264 -10.3517 -1.4313 13.7131
312 264 -11.1747 -1.1975 14.7585
336 264 -11.7409 -1.0488 21.8021
360 264 -10.1422 -0.9971 11.2140
384 264 -13.7172 -1.7410 14.5040
408 264 -12.3211 -3.2586 15.6015
432 264 -9.1176 -4.0124 10.5572
456 264 -9.8233 -4.7912 13.3332
480 264 -9.3202 -4.8086 11.0043
504 264 -3.1352 -2.0689 13.9273
528 264 -1.5715 -1.2460 18.1707
552 264 -0.0447 -0.3605 16.7724
576 264  0.4108  0.0985 13.2471
600 264  1.7974  1.1595 15.8868
624 264  2.7753  1.8892 16.7341
648 264  2.6023  2.4658 14.9563
672 264  1.0407  4.0684 15.4187
696 264  1.0405  5.9265 11.8365
720 264  2.8117  3.7255 10.5242
744 264  3.7681  1.2026 13.0803
768 264  3.2086  1.2964 19.7647
792 264  2.9795  1.0076 20.7168
816 264  2.3827 -0.0352 14.0145
840 264  3.5661 -0.3296 15.2987
864 264 -0.3833 -2.8610 12.8796
888 264 -2.0247 -2.2558 15.4767
912 264 -1.7298 -0.6910 17.9405
936 264 -3.7093 -2.3246 13.7036
960 264 -4.6157 -2.9891 13.1125
984 264  4.8797 -0.0196  7.9023
 24 288 -0.0160  0.0242 12.5067
 48 288  0.6455  1.6865 15.5198
 72 288  0.0383 -1.2218 20.2376
 96 288 -3.4685 -3.6692 12.4816
120 288 -4.0812 -3.1763 14.1640
144 288 -2.1542 -3.4188 14.3999
168 288 -0.3882 -3.6385 15.8351
192 288 -6.5230  0.0525 12.0141
216 288 -7.7476 -1.2325 12.9699
240 288 -14.3146 -3.8441 10.0882
264 288 -13.5043 -1.9401 14.8033
288 288 -13.2409 -2.0995 13.3352
312 288 -12.2541 -1.8698 13.0510
336 288 -10.8513 -0.9146 18.4322
360 288 -10.2179 -1.3086 15.1562
384 288 -10.6886 -1.9323 16.0378
408 288 -11.1692 -2.9390 13.8214
432 288 -7.9091 -4.1500 11.4033
456 288 -6.6351 -3.6496 12.7282
480 288 -2.4192 -3.7552 15.1183
504 288 -2.8255 -3.3471 18.0380
528 288 -2.7169 -1.5966 17.8006
552 288 -0.5602 -0.4826 14.8084
576 288 -0.0559 -0.1109 18.1817
600 288  0.0471 -0.0267 16.0401
624 288  0.3068  0.7594 15.7198
648 288  0.7893  1.4672 17.4289
672 288  0.8425  2.2736 17.0211
696 288  0.2284  3.7387  9.9814
720 288  3.0563  3.1694 12.5700
744 288  4.3388  0.8729 14.3436
768 288  3.0582  0.7883 16.1532
792 288  2.0491  0.2782 14.6751
816 288  0.0986 -0.0254 14.7669
840 288 -0.6706  0.4226 15.0491
864 288 -1.7446 -2.2065 13.7893
888 288 -2.9990 -3.1193 16.7115
912 288 -4.5662 -0.5404 15.1016
936 288 -7.0540 -2.5462 16.6943
960 288 -0.1411 -2.6976 13.8923
984 288  4.7598 -0.0234  7.5715
 24 312 -0.0300  0.0049 12.6935
 48 312  1.0075 -2.1198 13.2649
 72 312  0.7227 -2.1095 12.2781
 96 312 -1.7311 -2.1761 12.8034
120 312 -7.2313 -2.9355 16.2898
144 312 -0.8016 -3.8285 13.8113
168 312 -0.4225 -3.6483 13.8669
192 312 -3.8941 -0.0454 10.1981
216 312 -6.4990 -1.0260  8.8244
240 312 -15.7887 -6.0514 13.8537
264 312 -12.9064 -2.0396 15.8914
288 312 -13.7537 -1.4781 18.1393
312 312 -13.6264 -1.3968 14.2998
336 312 -10.0852 -0.4420 14.0167
360 312 -10.0267 -1.0252 13.8101
384 312 -10.6605 -1.8079 15.5716
408 312 -8.3377 -3.0238 10.0363
432 312 -7.7271 -4.8922 14.8962
456 312 -1.6602 -3.2682 14.1599
480 312 -1.4377 -3.2977 16.9741
504 312 -2.0690 -1.6534 15.5918
528 312 -2.3146 -1.0250 18.1587
552 312 -1.3012 -0.2695 15.3047
576 312 -0.7763  0.0995 15.8608
600 312 -1.7286  1.1057 14.9524
624 312 -1.3512  0.8759 18.3850
648 312 -0.6466  1.0368 18.2961
672 312  0.4320  1.8465 12.8961
696 312  1.5949  2.9170 12.6988
720 312  2.2567  2.6485 17.1830
744 312  2.4399  0.1146 15.6346
768 312  0.7762  0.4374 17.4955
792 312  0.1901 -0.0135 15.6459
816 312 -0.9201 -0.0662 13.8823
840 312 -1.1096  0.0200 18.9657
864 312 -1.3010 -0.2995 15.1045
888 312 -4.2201 -3.9363 16.1070
912 312 -3.9253  0.4906 17.0362
936 312 -0.9861 -0.1661 14.1867
960 312  0.4395 -1.2585 13.7238
984 312  1.1127 -0.0835  7.5610
 24 336 -0.0051 -0.0231 12.4629
 48 336  6.2713 -5.2396 11.8779
 72 336  6.9596 -6.2582 13.5055
 96 336 -0.7717 -3.4290 18.1075
120 336 -1.4673 -3.9732 16.1924
144 336 -2.4166 -4.8435 11.7889
168 336 -1.6493 -4.3023 13.0673
192 336 -4.3639 -2.8036 15.1121
216 336 -3.8778 -4.8223 11.2914
240 336 -4.4394 -6.2119  8.6419
264 336 -12.0851 -1.8160 14.3656
288 336 -12.8490 -0.3984 15.9290
312 336 -11.5084 -0.8181 15.1745
336 336 -11.1849 -1.0364 19.6469
360 336 -9.8236 -0.7652 15.3660
384 336 -6.2121 -0.7956 17.3271
408 336 -3.9722 -2.1597 14.0401
432 336 -5.9925 -3.7299 14.8521
456 336 -1.5545 -2.9117 13.9223
480 336 -1.8781 -2.9108 16.9192
504 336 -2.1487 -1.8575 17.0106
528 336 -2.2019 -1.2097 16.2146
552 336 -1.4469 -0.1710 15.7524
576 336 -1.5604  0.4539 15.2870
600 336 -0.7587  1.9356 15.4804
624 336 -0.4229  1.3151 15.9753
648 336 -0.5606  0.7959 14.6547
672 336  0.2310  1.2505 15.7471
696 336  2.5108  1.9986 16.8510
720 336  2.8300  1.5885 19.7585
744 336  2.0428  0.3774 19.3139
768 336  0.9841  0.8190 20.6560
792 336  0.5578  1.1385 16.1058
816 336 -1.2425 -0.2253 17.2544
840 336 -2.8084 -0.3434 15.6887
864 336 -3.7372  0.4584 14.4926
888 336 -3.9684  0.6751 17.0961
912 336 -1.1202  0.4401 15.7750
936 336 -0.5190 -0.0080 17.0926
960 336  0.2176 -0.9194 14.7205
984 336  0.4936 -0.0175  7.5229
 24 360  0.0190 -0.0171 12.1308
 48 360  5.1229 -5.9045 11.3363
 72 360  2.7967 -4.2906 13.8235
 96 360  0.0936 -2.9049 19.5713
120 360 -0.1965 -3.0235 15.8980
144 360 -1.6075 -5.7231 12.6333
168 360 -1.8320 -6.4278 16.1567
192 360 -3.4695 -6.3436 17.5684
216 360 -3.7820 -5.9429 13.2391
240 360 -2.3790 -5.6219 10.5586
264 360 -10.0432 -0.1380 15.8786
288 360 -11.2210 -0.1520 14.3216
312 360 -10.2789 -0.6549 16.0913
336 360 -11.4912 -0.6399 20.1520
360 360 -10.8129 -0.2227 15.4994
384 360 -6.0648 -1.0115 15.0656
408 360 -4.1367 -1.5403 15.7560
432 360 -4.9695 -1.9000 14.5014
456 360 -1.2147 -2.2273 16.8593
480 360 -1.2590 -2.2479 18.0513
504 360 -1.4016 -2.0104 17.1335
528 360 -1.0286 -1.7832 15.5467
552 360 -1.1335  0.1091 16.6644
576 360 -1.0991  0.4015 18.0508
600 360  0.0414  1.6750 18.7676
624 360  0.6099  1.2051 19.0523
648 360  1.5085  1.1422 15.6804
672 360  3.1737  2.1668 16.0385
696 360  3.3473  2.3710 16.0354
720 360  2.9079  1.7076 16.6704
744 360  3.3820  0.0698 13.9619
768 360  2.2236  0.8458 14.0057
792 360  1.9205  2.0140 16.5143
816 360 -0.6226  0.1239 15.5542
840 360 -1.7979  0.1400 15.2933
864 360 -2.3807  2.8014 15.4767
888 360 -1.7211  2.6849 14.3000
912 360 -1.0208  1.0442 15.7765
936 360 -0.8241  0.2532 19.3115
960 360 -0.0691 -0.7919 22.3407
984 360  0.4961 -0.1027  7.5494
 24 384  0.0012  0.0246 12.2154
 48 384  4.3176 -4.6786 15.9153
 72 384  2.4385 -4.1364 13.9231
 96 384  1.0248 -3.5505 12.9644
120 384  0.2392 -3.3230 14.2538
144 384  1.2749 -6.6823 12.3756
168 384  0.5619 -6.4451 12.6051
192 384 -3.8313 -6.7580 15.3242
216 384 -2.1885 -8.2296 11.9330
240 384 -5.1191 -10.0327  9.7445
264 384 -16.1290 -0.5987 11.0642
288 384 -13.8125 -0.4783 17.1492
312 384 -10.2440 -0.4244 10.6626
336 384 -11.9892 -0.6331 14.3788
360 384 -11.6665 -3.4101 14.0493
384 384 -8.3631 -3.0292 10.5459
408 384 -4.0359 -1.9498 14.3768
432 384 -4.9945 -1.4962 14.5835
456 384 -5.0884 -2.2025 16.1687
480 384 -2.6039 -2.1092 16.5542
504 384 -1.4048 -1.8955 15.1751
528 384 -1.0881 -1.5366 16.0989
552 384 -0.2497  0.3197 16.8998
576 384  1.1010  0.8800 15.9109
600 384  2.2360  1.2635 14.2618
624 384  2.2653  0.4559 16.2762
648 384  2.6188  1.0656 13.9424
672 384  4.7059  2.6590 15.5034
696 384  4.9285  3.1188 17.2124
720 384  5.9660 -0.1192 15.4623
744 384  5.7396 -0.1703 12.9587
768 384  3.4450  0.8776 15.2962
792 384  2.7316  1.9214 19.6059
816 384  2.2053  2.0531 20.1350
840 384  0.2571  2.7301 16.4727
864 384 -0.4841  4.5993 18.5849
888 384  0.0032  4.8458 20.1713
912 384  0.0557  4.8503 17.3186
936 384 -1.9987  1.2595 16.9495
960 384 -0.2001  0.0339 19.4616
984 384  4.7204 -0.0059  7.6549
 24 408 -0.0172 -0.0042 12.5532
 48 408  8.3684 -10.3286 12.3337
 72 408  6.0416 -9.8576 16.1128
 96 408  6.1046 -10.0875 13.5047
120 408  7.8650 -10.6110 11.9811
144 408  5.8626 -8.8795  8.4816
168 408 11.1089 -7.2136 10.8801
192 408  6.1652 -8.3293 16.1933
216 408 -1.3187 -6.9808 12.0624
240 408 -0.1841 -5.6853 11.7039
264 408 -15.9249 -1.8773 13.1092
288 408 -13.7447 -1.3727 16.0224
312 408 -10.1202 -2.0590 13.7273
336 408 -8.2813 -3.7778 15.4950
360 408 -8.8052 -3.7793 16.5560
384 408 -5.9941 -3.7032 12.2064
408 408 -6.9335 -4.3005 16.6385
432 408 -5.0604 -1.2379 14.2951
456 408 -5.1771 -2.2069 15.0036
480 408 -3.9597 -3.6198 14.9721
504 408 -2.2477 -1.6676 14.8496
528 408 -2.9631 -0.6043 19.3736
552 408 -0.1375  0.2924 14.4494
576 408  2.9206  1.3754 17.9529
600 408  3.2926  1.4925 17.6392
624 408  3.2993 -0.1560 18.3628
648 408  2.2789 -0.0539 15.1342
672 408  4.8583  1.7792 17.3613
696 408  4.7397  2.4040 15.3732
720 408  6.8968  0.0115 14.5379
744 408  5.8186 -0.0791 15.0105
768 408  3.0145  0.3738 17.5668
792 408  2.7580  1.3286 18.0716
816 408  2.3615  1.2204 19.4158
840 408  2.0501  1.1541 18.0360
864 408 -0.0006  4.0501 10.1740
888 408 -0.8537  5.6855 12.1375
912 408 -1.0529  6.1507 16.1358
936 408 -1.2812  2.4203 18.7009
960 408 -0.9443  0.8725 19.4388
984 408  4.7367  0.0548  7.6078
 24 432 -0.0025 -0.0297 12.4246
 48 432  8.2828 -10.2668 11.8836
 72 432  3.0526 -7.1155 10.0208
 96 432  4.9657 -10.7026 14.3115
120 432  4.9108 -10.5312 18.5468
144 432  4.1976 -10.1417 15.3592
168 432  1.7844 -8.2601 13.3954
192 432 -0.2240 -6.9007 14.3224
216 432 -2.3410 -5.3679 13.3881
240 432 -3.3017 -4.0615 11.1240
264 432 -9.9527 -2.7987 11.5984
288 432 -9.0189 -2.0052 14.8900
312 432 -10.0213 -2.8473 15.7336
336 432 -6.6881 -5.2963 15.5897
360 432 -6.4202 -5.0568 14.3876
384 432 -6.4625 -3.7444 12.8963
408 432 -11.7468 -2.8624 14.7222
432 432 -9.1637 -2.7558  9.1401
456 432 -7.1632 -3.0991 17.2023
480 432 -7.3718 -3.0523 18.9855
504 432 -4.9412 -1.2588 11.6669
528 432 -3.0939 -0.2559 15.6457
552 432  1.2217 -0.1694 19.0719
576 432  2.8288  1.4003 21.4742
600 432  3.5621  1.8127 18.4726
624 432  2.8131 -0.8076 14.6100
648 432  2.0750 -0.6730 13.8504
672 432  3.9688  0.0146 15.8254
696 432  5.0805  1.3509 15.2280
720 432  5.1791  1.4727 11.2775
744 432  2.1212  0.1157 15.8173
768 432  1.3642 -0.3941 16.1878
792 432 -0.7193 -1.0814 16.8213
816 432 -3.0815 -0.9654 16.7079
840 432 -0.1814  1.2156 15.0069
864 432  3.4789 10.8690  9.1745
888 432  3.7437 10.9490 11.1699
912 432 -0.0034  7.0369 14.8240
936 432  1.7759  4.4826 10.8223
960 432 -0.2534  1.3578 17.1512
984 432  4.6228  0.0582  7.5182
 24 456 -0.0170 -0.0173 12.7418
 48 456  4.6258 -4.8982 10.0215
 72 456  1.3770 -5.7231 13.4048
 96 456  2.4199 -7.4148 11.4502
120 456  4.5935 -9.3230 13.2184
144 456  1.0524 -8.7513 15.0501
168 456  1.9415 -8.2727 15.5146
192 456  1.9381 -9.9750 12.0081
216 456 -2.2477 -5.0411 14.3509
240 456 -3.1556 -5.7128 14.4338
264 456 -2.6257 -7.8611 16.2179
288 456 -2.3514 -8.0051 13.9296
312 456 -6.0713 -5.0842 16.2983
336 456 -6.2867 -5.6202 18.2486
360 456 -6.6965 -5.7655 14.0958
384 456 -7.9903 -0.3016 14.7390
408 456 -11.1360 -1.0703 10.5153
432 456 -5.9419 -2.8720 13.7452
456 456 -6.1864 -2.9532 17.4941
480 456 -7.4142 -3.6716 16.8855
504 456  0.0480 -2.8243 10.0806
528 456  0.1202 -0.4686 14.5050
552 456  0.6464 -0.2207 17.7688
576 456  1.8974  0.9836 20.1865
600 456  2.5674  3.7593 14.2881
624 456  3.7366  4.7880 13.0180
648 456  1.6720 -1.2750 17.7140
672 456  1.2230 -1.7839 15.8417
696 456  2.7057  1.1149 13.9906
720 456  3.2719  2.8095 12.6874
744 456  1.3525  0.7431 14.4917
768 456 -0.0505 -1.6920 16.1391
792 456 -1.0127 -1.7039 15.0622
816 456 -2.5847 -0.7515 18.4791
840 456 -2.7710 -0.3206 15.1487
864 456 -3.2997  2.9179 10.0319
888 456 -2.2294  4.1560 10.0282
912 456  1.0224  5.9412 12.5950
936 456  1.7191  6.1061 16.9941
960 456  2.8240  3.3549 14.3507
984 456  4.6788  0.0057  7.4082
 24 480 -0.0033  0.0169 12.7790
 48 480  4.1917 -2.5861 15.6980
 72 480  1.3927 -2.8086 13.6725
 96 480  2.4001 -7.2348 14.9596
120 480  2.2485 -7.2284 15.2255
144 480  0.3574 -7.9818 13.5560
168 480  2.9777 -9.1510 13.2446
192 480  2.2320 -8.5276 15.5396
216 480  1.9127 -5.5268 17.7793
240 480 -0.0347 -6.4049 17.3644
264 480 -2.0141 -7.4867 18.8098
288 480 -2.0181 -7.1855 14.2424
312 480 -5.9019 -5.4355 13.3012
336 480 -5.8990 -5.3393 13.1769
360 480 -10.2860  0.0713 13.4617
384 480 -8.0304 -0.4886 18.4909
408 480 -6.1365 -0.3660 15.1525
432 480 -5.0674 -1.7485 15.6704
456 480 -3.1323 -3.8452 16.1621
480 480 -1.2606 -3.8254 14.2220
504 480 -1.5274 -1.7242 15.2467
528 480 -1.3088  0.0016 19.5516
552 480 -1.3967  1.1561 19.4001
576 480 -1.1907  1.7992 20.8746
600 480  0.3376  2.6978 12.5088
624 480  7.2592 14.2627  8.2096
648 480 -3.2527 -2.1216 10.2723
672 480 -0.9657 -1.1272 16.6211
696 480  1.1907  2.7428 13.5357
720 480  2.6791  4.2948 13.7715
744 480  0.5630  2.1677 15.8483
768 480  0.1628 -1.9580 15.7623
792 480 -0.1256 -2.1707 18.8090
816 480 -1.0871 -0.6934 21.2887
840 480 -1.5645 -0.9539 16.4648
864 480 -3.3946  6.0416 13.6096
888 480 -2.3036  5.9991 13.1739
912 480 -0.5749  2.9207 14.3819
936 480  2.2576  3.9088 13.5232
960 480  2.9053  4.4625 18.9088
984 480  0.4529  0.0736  7.2725
 24 504  0.0266  0.0487 12.2206
 48 504  3.9706 -1.1871 14.7954
 72 504  5.3737 -2.7195 13.8903
 96 504  5.1326 -4.8107 13.0097
120 504  6.5524 -9.0148 17.6058
144 504  3.3820 -11.0185 16.5882
168 504  4.5835 -9.7971 13.4430
192 504  3.2521 -7.4144 12.2978
216 504  2.9049 -6.9981 15.1807
240 504  1.6388 -6.1062 15.1164
264 504  0.8293 -6.4152  6.4573
288 504  5.8633 -9.6181 12.5051
312 504  5.1247 -9.2665 15.7907
336 504  5.2743 -5.9657 10.4017
360 504 -9.9886  0.1126 22.4386
384 504 -8.6205 -0.8399 20.8106
408 504 -4.3075 -2.0883 17.9506
432 504 -3.0171 -2.9898 16.1527
456 504 -1.4186 -3.9728 16.6549
480 504 -2.2059 -2.7709 23.2387
504 504 -2.1297 -0.4519 16.8000
528 504 -3.1276  0.2410 19.3161
552 504 -2.6871  1.3846 21.2875
576 504 -2.0168  1.7380 17.2419
600 504 -0.3212  1.4450 14.2293
624 504 -2.9306 -1.1477  7.1537
648 504 -2.7656 -3.4997 10.8738
672 504 -1.6643 -2.9939 16.1166
696 504  3.6403  5.8635 15.2906
720 504  3.6816  5.7330 14.6389
744 504  2.0360  2.6479 12.4213
768 504 -0.1896 -4.2150 12.7279
792 504 -0.3748 -2.1664 17.4119
816 504 -0.4060 -0.1680 23.9524
840 504 -0.0900  0.0982 21.9443
864 504  0.1678  1.4164 14.9277
888 504  0.6401  3.3063 10.7036
912 504  0.1621 -0.1773 16.9923
936 504  0.5965  0.4858 17.7908
960 504  2.7203  4.0680 17.0433
984 504  0.7646  0.0915  7.4830
 24 528  0.0122  0.0263 12.2848
 48 528  0.4458 -2.5403 12.0278
 72 528  5.0369 -3.4014 16.2446
 96 528  5.5015 -3.6624 13.8968
120 528  2.7328 -10.5495 11.3813
144 528  2.8586 -11.0791 16.5647
168 528  4.7436 -10.1073 14.9542
192 528  4.9343 -9.7080 12.5608
216 528  6.7529 -8.0368 13.9587
240 528  5.7661 -4.0095  6.8715
264 528 12.9946 -11.8032 14.1990
288 528 13.9608 -10.0341 10.8331
312 528  3.8702 -10.0153  7.4570
336 528 -8.7749 -6.1990  9.2860
360 528 -12.1703 -2.8934  9.1402
384 528 -7.9897 -0.6099  9.7575
408 528 -1.3720 -3.3373 18.0388
432 528 -1.6845 -4.2154 17.7332
456 528 -1.4261 -4.7118 19.2932
480 528 -2.3415 -2.0015 21.1858
504 528 -2.8715 -0.9879 20.1377
528 528 -4.2459  1.6294 11.5776
552 528 -3.3337  1.5129  8.4960
576 528 -3.0019  0.2259 11.5012
600 528 -0.7044 -0.4492 14.4143
624 528 -0.4890 -1.1235 16.7630
648 528 -2.1834 -3.1405 13.7507
672 528 -3.0859 -3.3966 13.3197
696 528  0.0440  1.8162 12.3970
720 528  2.8771  4.3381 13.6881
744 528  3.5501  3.8057 11.5294
768 528  0.0415  0.0157 11.8285
792 528  0.1346 -0.2950 13.7823
816 528  0.3988  0.2096 18.4385
840 528  0.2235  0.8680 19.7448
864 528  0.3078  2.5579 13.1587
888 528  0.9966  2.3986 10.8525
912 528 -0.1696  0.9655 14.3282
936 528 -0.2580  1.2836 16.5806
960 528  0.4379  2.5772 13.7774
984 528  2.0334  0.0264  7.5790
 24 552 -0.0192 -0.0196 12.6593
 48 552 -0.8072 -2.9200 18.8770
 72 552 -0.5091 -3.1721 16.8462
 96 552  0.9757 -6.8429 14.5192
120 552  1.0371 -9.1363 13.5218
144 552  3.3799 -12.0622 15.6288
168 552  0.1186 -11.9456 13.8111
192 552 -0.0187 -9.6315 11.5822
216 552  2.4608 -15.8087  7.2457
240 552  2.1782 -16.3208 10.6840
264 552  4.9262 -9.9671  9.1020
288 552  5.4621 -9.8720 12.8921
312 552  0.4362 -10.5074 13.3640
336 552  0.7143 -10.0881 14.8045
360 552 -0.5336 -9.0156 10.9609
384 552 -3.7991 -8.3783 16.7050
408 552  0.4338 -3.0046 15.7686
432 552  0.2407 -2.9676 20.7544
456 552 -2.3429 -1.8861 15.7021
480 552 -3.7375 -0.7604 21.1019
504 552 -3.9656 -0.1939 17.9963
528 552 -2.0950  1.0109 10.0514
552 552  5.2234 -0.5731 10.5031
576 552  0.1219 -6.1575 11.3658
600 552 -0.2477 -4.5474 12.7468
624 552  0.0398 -0.5000 16.3728
648 552 -2.6168 -0.1425 15.4516
672 552 -4.0488 -2.8239 17.3602
696 552  0.3579  1.7636 16.3888
720 552  2.8003  3.4192 16.4969
744 552  3.1240  3.6309 17.3412
768 552  1.9060 -0.8920 14.0353
792 552  2.0650 -1.3842 18.6362
816 552  2.1498  0.4686 17.9189
840 552  1.9047  3.1447 13.6277
864 552 -0.0860  5.9978 13.4096
888 552  0.9015  6.0600 13.7736
912 552  0.2703  2.9623 15.1246
936 552  0.0019  2.7409 19.0602
960 552  2.5800  3.3491 15.4512
984 552  4.7007  0.0436  7.7463
 24 576 -0.0211 -0.0057 12.5786
 48 576 -3.8041 -3.8090 10.0513
 72 576  2.0622 -5.6416 15.2045
 96 576  3.9586 -6.4716 17.0343
120 576  4.2340 -9.9246 11.2413
144 576  5.8546 -10.1988 10.8999
168 576  0.1055 -10.7157 12.4536
192 576  0.6333 -10.8590 11.4214
216 576  2.9059 -15.9406 16.3976
240 576  2.0259 -16.0651 17.2506
264 576  2.3603 -12.6874 15.7909
288 576  4.2474 -11.7160 14.1920
312 576  0.3417 -10.3227 17.3139
336 576  0.1501 -10.5633 17.5063
360 576 -0.0634 -10.1163 13.8430
384 576 -2.0238 -7.8283 11.9060
408 576  1.2538 -2.4794 16.4801
432 576  2.7505 -3.3906 16.1578
456 576 -0.4451  0.1335 12.8373
480 576 -2.4754 -0.1655 18.1197
504 576 -3.3870 -0.1304 20.1219
528 576 -1.8293 -0.0086 13.0170
552 576  1.5800 -4.7219  7.7632
576 576 -0.2314 -5.0371 10.3920
600 576 -1.1681 -2.9519 12.0759
624 576 -1.2722  1.0958 18.9377
648 576 -1.9427  1.7556 20.0908
672 576 -0.7887  4.1165 22.1846
696 576  0.4324  2.6945 20.6733
720 576  2.6099  3.1562 19.3021
744 576  3.9516  3.5245 14.6206
768 576  4.4945 -1.6356 14.9416
792 576  3.0051  0.9118 12.3612
816 576  2.8873  3.4434 20.6518
840 576  1.9670  4.8634 18.8368
864 576 -0.0063  5.3345 15.7637
888 576 -0.5138  4.7551 15.9064
912 576  0.7878  3.3904 13.5067
936 576  2.0551  2.1491 14.1065
960 576  3.1532  3.8820 10.8593
984 576  3.1282  0.0485  7.2396
 24 600  0.0006 -0.0246 12.3339
 48 600  4.4072 17.7310  6.5863
 72 600  2.3403 -5.7061 13.3065
 96 600  3.9540 -6.9420 13.7997
120 600  4.7216 -9.4381 13.0390
144 600  1.3751 -7.1130 13.4833
168 600 30.8579  8.3740  8.5713
192 600 -6.0515 -9.1847  8.5186
216 600  0.2891 -14.9281 15.5117
240 600  0.5119 -15.2461 18.2036
264 600  2.3210 -12.0754 14.4016
288 600  4.6739 -11.9921 15.0553
312 600  2.0021 -10.9118 13.3519
336 600  1.3410 -11.2235 19.0150
360 600  1.0760 -10.4162 20.8763
384 600  1.4691 -10.0395 14.9778
408 600  4.4433 -5.1844 13.3347
432 600  4.2022 -4.5100 18.4729
456 600  0.3632 -0.5233 13.5205
480 600  0.0111 -0.1710 15.1383
504 600 -0.0356 -4.1364 13.9561
528 600  0.0011  0.1156 16.6328
552 600 -0.2785  3.2051 13.6429
576 600 -0.0227  3.9578 17.6926
600 600 -0.1522  2.3517 20.7363
624 600 -0.3431  2.4534 21.7123
648 600 -1.3956  3.2331 14.7537
672 600 -0.6455  4.4496 17.9649
696 600 -0.4224  3.6838 19.0317
720 600  1.7175  2.4847 17.2637
744 600  6.0377  2.4977 14.3104
768 600  4.3899 -0.0273 11.8727
792 600  3.3028  3.0825 14.2765
816 600  3.8174  4.6790 15.1348
840 600  3.5922  5.2906 11.7618
864 600 -0.2834  5.0723 16.6662
888 600 -0.7381  4.9582 24.7489
912 600  0.0190  4.7614 16.3841
936 600  6.7445  1.7202 13.3335
960 600  7.9875  1.7564 10.0943
984 600  4.6699  0.0950  7.3336
 24 624  0.0081 -0.0331 12.3617
 48 624 -2.8294 -16.5541 14.3516
 72 624  3.4095 -10.7615 12.7740
 96 624  3.6032 -10.8495 17.7655
120 624  3.7730 -10.8367 14.0340
144 624 -23.8342 -35.5010  8.4959
168 624 14.4747 -21.1395 18.6498
192 624 -0.7676 -13.1283  8.9765
216 624 -0.4544 -14.1625 15.9882
240 624  0.3789 -15.0421 10.5263
264 624  5.1208 -11.9553 20.3480
288 624  5.3624 -11.6300 20.7137
312 624  4.0141 -10.9542 14.5440
336 624  0.9199 -11.6308 18.4240
360 624  0.9610 -10.4334 15.8474
384 624  2.1863 -8.2774 13.7257
408 624  2.7234 -6.2652 16.9838
432 624  2.3009 -4.7880 15.9002
456 624  1.0471  0.2872 12.0449
480 624 -0.1261 -3.3359 14.3713
504 624 -0.5590 -3.0809 20.0101
528 624  0.2018  0.5283 17.3643
552 624  1.8624  2.0041 17.2009
576 624  1.6758  3.2544 19.0284
600 624  0.4683  3.1706 16.2140
624 624  0.3551  3.0202 16.6791
648 624  1.0755  6.6467 12.1889
672 624  2.0879  6.8352 14.7000
696 624  0.1358  5.5418 15.9688
720 624  0.0774  6.2090 13.6121
744 624  1.8943  7.8852  9.4668
768 624  1.9088  3.2691 12.5428
792 624  3.6640  3.1418 12.6212
816 624  4.2477 12.0686  9.9270
840 624  3.1456 11.8127 15.0632
864 624  3.0876  8.8969 16.9812
888 624 -0.1862  5.0400 19.4320
912 624  0.0183  3.4588 13.4435
936 624  4.4274  0.6529 15.4635
960 624  5.4513  1.1369 13.2874
984 624  4.7843  0.0339  7.7059
 24 648  0.0096  0.0017 12.2835
 48 648  4.0047 -9.7070 10.4176
 72 648  5.7688 -11.4364 17.7766
 96 648  5.9641 -10.7738 17.8431
120 648  9.6358 -17.7350 11.5247
144 648  9.6929 -17.3897  8.5003
168 648  6.9428  4.0540 11.6628
192 648 14.7325 -7.4457  6.0920
216 648 -4.7824 23.1529  9.1653
240 648 -1.0833 22.1480  8.8278
264 648  6.8913 -12.7232  8.9816
288 648  9.6926 -12.5293 11.8185
312 648 11.9005 -12.1055 10.2241
336 648  0.2854 -14.8359  9.0100
360 648  0.4833 -12.0461 12.4187
384 648  2.2486 -6.2766 12.4302
408 648  2.2086 -6.1761 16.4342
432 648 -3.2356  1.2631 11.8212
456 648 -3.5842  2.6069 17.2840
480 648 -1.4063 -0.2629 12.7747
504 648  0.2641 -0.8716 18.4252
528 648  0.1261  1.0014 15.4531
552 648  1.2794  2.0901 16.7794
576 648  0.8871  2.4035 16.0359
600 648  3.7738  2.7372 14.9008
624 648  6.6281  1.8775 17.9410
648 648  3.1129 11.2135 12.2881
672 648  3.7394 10.3984 16.0987
696 648  4.2213  7.9753 13.1244
720 648 15.1777 33.4157  8.4750
744 648 -17.5425  0.2911 13.9169
768 648  2.2324  1.1946 10.2536
792 648  2.9285  3.0554 12.2133
816 648  4.7492 12.4880 11.4026
840 648  4.0614  7.0095  9.5809
864 648  3.2487  4.5668 14.0019
888 648  0.0582  4.6256 17.1775
912 648 -0.2617  4.0230 19.4746
936 648  1.0053  1.1360 19.3400
960 648  1.4262  1.5804 16.6425
984 648  4.8066 -0.0001  7.6482
 24 672  0.0132 -0.0111 12.1010
 48 672  5.5970 -8.0125 12.7737
 72 672  8.7999 -3.3875 12.9617
 96 672  8.7406 -3.6117 10.5366
120 672  8.6779 -17.9985 16.3763
144 672  9.1273 -18.1332 14.1734
168 672 16.3412  6.3576  9.0167
192 672 16.1150 -10.9526  8.0405
216 672  3.9716 -12.2043 10.2127
240 672  3.9019 -16.9059  9.2473
264 672  6.8671 -15.4077 10.9044
288 672  7.2145 -15.3240 13.3534
312 672 11.8662 -11.0149  9.4528
336 672  2.9937 -7.7958 16.9846
360 672  2.7375 -7.4809  9.7682
384 672 -16.4491 25.6584  9.2158
408 672 -16.7096 24.3270 10.4058
432 672 -4.2063  1.6821 23.1644
456 672 -3.3716  3.0865 18.9254
480 672 -1.5464  3.0077 12.1006
504 672  0.3323  0.7879 15.9841
528 672  2.5391  1.6177 16.9234
552 672  2.7089  2.1513 18.7797
576 672  2.8294  2.9390 19.8696
600 672  3.6505  2.5725 17.0680
624 672  4.7801  2.2044 17.8183
648 672  3.0633 12.9489 14.0396
672 672  3.8227 13.1187 14.2905
696 672  4.1238  8.8935 10.3179
720 672 13.8714 -13.8639  8.3354
744 672 -15.7257 -2.0054 15.6641
768 672 26.6985  0.8700 11.9676
792 672  1.9044  1.3004 12.3113
816 672  0.2304 -4.3123  6.7080
840 672  8.2319  5.1725 11.2278
864 672  1.1197  4.9041 21.5953
888 672  1.4597  4.9702 24.4335
912 672  1.5680  4.6311 23.8668
936 672  0.0788  0.0797 17.2707
960 672  0.5566  0.2796 15.7808
984 672  0.4703 -0.0365  7.5653
 24 696  0.0122 -0.0126 12.1571
 48 696  5.6162 -6.6887 16.6447
 72 696  4.3483 -6.9252 12.4085
 96 696  5.6791 -10.1393  8.2160
120 696  6.7554 -12.5238  8.9124
144 696  4.8871 16.3837  7.7009
168 696 15.9576  6.6943  8.8022
192 696  5.5655 -12.3029  7.3569
216 696  4.3133 -12.8429 11.3878
240 696 13.1283 -12.0677  8.5955
264 696  7.0652 -14.1516 10.7841
288 696 -7.6810  5.5255  8.3816
312 696  4.1982 -10.8801 15.7455
336 696  2.2986 -10.7810 10.7600
360 696 -15.1356 -5.5241 10.9321
384 696 20.8915 -9.2504  9.1496
408 696 19.2016  3.3947 13.7748
432 696 -17.0455  0.7222 11.4807
456 696 -0.0885  4.0465 16.0169
480 696  0.4853  3.9486 17.6896
504 696  2.5677  1.1612 17.6670
528 696  3.9188  1.4431 20.5074
552 696  3.7144  2.1958 19.4128
576 696  3.5763  2.9825 24.9085
600 696  3.8058  3.0402 18.7110
624 696  3.2020  1.6804 15.2392
648 696  2.3982 12.9407  8.2073
672 696  3.2298 14.9527 12.5493
696 696  5.5551  8.0152  9.2429
720 696  6.8788  6.8299  9.4997
744 696 -14.0127 -2.1575 12.0153
768 696  3.0272  1.4946  9.7687
792 696  2.4214  0.3559  6.5122
816 696  4.8433 -3.6788  8.0347
840 696  6.3043  4.3944  7.4566
864 696  1.1801  4.3446 18.6212
888 696  1.8239  3.8776 22.8904
912 696  2.6518  3.0226 22.3672
936 696 -0.0223 -0.7271 13.4170
960 696  0.8752  0.1255 12.8822
984 696  2.6457  0.0243  7.7610
 24 720 -0.0054 -0.0387 12.4766
 48 720  2.6564 -5.9161 11.1768
 72 720  4.3331 -8.0776 11.3703
 96 720  4.8647 -9.7745 12.5384
120 720  5.5963 -10.9172 12.0874
144 720  0.4686 -12.2330 12.9238
168 720  0.3811 -12.4044 14.7018
192 720 -0.1329 -14.1456 10.5509
216 720  2.2619 -17.0739 13.7627
240 720  1.9321 -17.3677  9.2623
264 720  3.8855 -2.1050  9.0108
288 720  1.0000  1.0000  7.0917
312 720  3.1051 -12.9314 15.4069
336 720  2.9270 -12.8072 10.8577
360 720 -16.7760 -9.8812 11.8637
384 720 -7.3359 -11.0941  8.1544
408 720 20.0493  1.9699 13.3145
432 720  3.3208  3.0215 13.1955
456 720  2.7657  2.9308 16.9601
480 720  2.0569  3.1528 15.3479
504 720  3.0086  0.9264 19.7404
528 720  3.8321  1.6631 18.7839
552 720  4.8983  2.9923 15.2807
576 720  4.8110  5.3253 16.1150
600 720  4.2093  3.4026 13.2696
624 720  3.7542 14.3215 10.6450
648 720  0.9937 16.9480 14.7445
672 720 -0.5498 16.7854 11.4774
696 720  4.4685  4.0342  8.8101
720 720  4.4016  3.6373 15.7789
744 720  1.8625 -0.5310 11.9751
768 720  4.6695  3.4879 12.5072
792 720  0.8154 14.7910 13.0087
816 720  0.9888 14.6574 11.0907
840 720 -2.0691  7.3419 10.6644
864 720  1.8264  0.9711 13.1227
888 720  1.7178  0.5013 18.7393
912 720  4.0110  1.0090 15.9385
936 720  4.7401  1.1855 15.8150
960 720  7.5684  1.9110 13.6725
984 720  4.7655  0.0129  7.8223
 24 744 -0.0089 -0.0388 12.5317
 48 744 -1.1617 -5.7789 13.9330
 72 744 -0.1750 -6.8387 12.7481
 96 744  3.9390 -8.2302 14.0578
120 744  3.7918 -8.0843 12.0157
144 744  0.3523 -12.3369 16.4366
168 744 -0.0102 -12.8569 13.2271
192 744  1.5865 -15.1778 11.5142
216 744  2.2046 -15.2114 13.1832
240 744 11.0632  4.2138  7.6652
264 744 15.8275 27.2191  6.3888
288 744 -5.8486 -12.3836 12.7530
312 744  0.7680 -12.3645 13.3747
336 744  2.1478 -12.8098 14.6481
360 744  2.2155 -12.6855 14.8585
384 744  2.8042 -12.7739 13.6886
408 744  0.6735 -5.4532  9.2656
432 744  3.9121  3.1658 14.4417
456 744  2.4271  3.3817 16.4969
480 744  0.9774  0.9345 18.1231
504 744  2.2595 -0.3905 21.3102
528 744  3.3890 -0.2111 18.3358
552 744  4.4287  6.3581 19.8525
576 744  4.7352  6.1716 22.9260
600 744  4.1078  3.5315  9.6803
624 744  4.9277 13.9638 12.2528
648 744  3.0297 15.3989 10.4535
672 744  2.9798 14.8546 12.2209
696 744  4.0480 10.8096 14.8626
720 744  3.2367  0.1845 13.2392
744 744  1.1599 -0.0078 14.8528
768 744 -0.7962  4.1845 15.5083
792 744  1.6639 11.4392 10.4969
816 744  4.1929 11.8778  8.0290
840 744  3.9170  1.9045 11.4665
864 744  2.4180  0.1587 15.8220
888 744  3.0822 -0.3107 15.3667
912 744  4.0355  0.2997 19.6972
936 744  4.8488  0.8966 18.0350
960 744  6.7706 -2.0041 16.8879
984 744  4.7234 -0.0280  7.1984
 24 768 -0.0219 -0.0363 12.5692
 48 768 -0.0520 -3.8571 18.1081
 72 768  1.6328 -3.9373 14.9460
 96 768 -3.6103  0.1817 11.7515
120 768 -2.7252 -7.2362 13.8485
144 768 -0.0486 -16.6221 10.4753
168 768  0.1029 -16.9325 16.1035
192 768  0.0328 -17.0521 16.7254
216 768  1.0000  1.0000  6.9020
240 768 -12.1923 -19.0446  8.0058
264 768 -6.1788 13.1887 11.0994
288 768 -0.7994 -13.2581 13.5602
312 768 -0.2675 -13.2209 16.0486
336 768  0.7393 -11.8941 13.9937
360 768  1.8525 -10.3492 13.2664
384 768  1.0000  1.0000  6.9782
408 768  1.8872 -6.0325 10.8965
432 768 -0.1964 -7.2842 13.7734
456 768  0.1122 -5.2358  8.0933
480 768  2.3815 -0.1286 19.1960
504 768  2.0392 -0.6603 23.0605
528 768  4.9855 -1.7128 16.0244
552 768  5.3538  4.7828 11.6297
576 768  5.1824  5.7802 12.7188
600 768 10.1106 13.5983 15.9232
624 768  9.0005 14.4543 16.9110
648 768  9.2488 16.7288  7.0904
672 768  5.5884 12.0722  9.8647
696 768  4.8733  9.4638 10.0893
720 768  4.1906  5.9713 11.3893
744 768  1.3060  0.0979 14.6114
768 768 -0.8416  4.5135 20.5174
792 768 -0.3523  4.9178 12.8643
816 768  5.8688  5.4999 12.8781
840 768  8.0429  3.8687  9.4149
864 768  8.1095  0.0276 15.1454
888 768  5.2293 -1.5638 14.3846
912 768  5.1204 -0.6384 18.5225
936 768  4.9917  0.5035 20.3770
960 768  5.9960 -0.8754 14.4927
984 768  4.7763 -0.0466  7.2381
 24 792 -0.0367  0.0332 12.8488
 48 792 -0.4076 -3.1033 10.6644
 72 792  7.3241 17.8487 16.0342
 96 792 -4.2122  2.1421  9.9917
120 792 -3.7413 -7.0561 12.3526
144 792 -11.9627 -6.1593  7.7851
168 792 -1.4842 -16.1933  9.2823
192 792  0.1628 -17.4883  9.3540
216 792 -8.9689 -16.9613 10.6909
240 792 -8.2228 -18.5978 16.6000
264 792 -8.9202 -28.1036  7.5322
288 792 -11.4071 -28.3179 14.0179
312 792  3.0646 -13.0123 10.3320
336 792 24.1294  2.1047  7.1220
360 792 -6.7126 -14.8390 12.4028
384 792 -1.7065 -12.5596 12.0296
408 792  0.5626 -7.3782  7.8509
432 792  0.7214 -7.4365  7.9812
456 792  9.8318 -15.9363  7.7809
480 792  0.0156 -5.0894 10.3402
504 792  2.1815 -0.4878 12.6901
528 792  9.4152 -6.7811 17.4316
552 792  9.8687 -7.0451 19.4206
576 792  6.1237  0.0030 14.0355
600 792  0.2596 -0.7795 10.6962
624 792  9.7774 13.8931 12.1020
648 792 10.9356 14.4414  8.3148
672 792 10.0334 12.6618 12.0803
696 792  7.8466  8.9329 10.3024
720 792  5.8703  8.9184 13.9974
744 792  4.8868  8.8879 11.2324
768 792 -0.3373  5.2953  9.1690
792 792  3.5804  7.0882  9.9008
816 792  6.9223  6.3991 14.3026
840 792  7.8410  3.9935 12.4667
864 792  8.5133  0.0336 14.5850
888 792  4.9542 -1.7787 16.9330
912 792  4.9775 -1.1458 19.6648
936 792  3.9527  0.5412 16.9311
960 792  2.3559  0.0983 24.2174
984 792  4.8814 -0.0020  8.0943
 24 816 -0.0282  0.0671 12.8489
 48 816 -0.3894  0.4650  8.6941
 72 816 -5.9863 -22.9752 17.4876
 96 816 -11.3128 -22.5461 14.3177
120 816 -7.3868  1.9843 16.6775
144 816 -2.2972 -14.3068  9.2386
168 816 -2.0968 -14.1632 12.7655
192 816 -2.0060 -16.9889  8.3757
216 816 -2.0271 -12.6336  8.8121
240 816 -7.1724 -17.1614 10.7510
264 816 -0.4077 17.5027 13.3754
288 816 -0.5754 18.4352 14.5908
312 816 -1.9496 -2.5601 20.4709
336 816 -7.6483 -17.0805  8.9388
360 816 -6.6949 -15.1236 17.5176
384 816 -7.2441 -14.2462 15.9775
408 816 -2.3037 -5.0192 10.3647
432 816  9.9213  4.8226 10.9530
456 816  9.7627  5.0001 13.3259
480 816  8.9493  3.8998 12.4692
504 816  8.3376  6.9730 10.3418
528 816 11.5054 -30.4794 11.2458
552 816 10.6076 -6.8929 11.6348
576 816  3.1513 -1.7422 17.3095
600 816  1.6949 -1.4581 13.1850
624 816 19.0134 -3.0464  9.3899
648 816 -16.9280 -16.8305 11.5423
672 816 -18.9837 -16.9017  8.0631
696 816  6.8491 20.0360  5.8966
720 816  6.6247 14.6818  7.4677
744 816  3.9750 11.0061 13.6413
768 816  4.0598 10.6618 15.2452
792 816  2.6897  9.0996 15.2114
816 816  1.8280  8.1822 13.3276
840 816  5.8161  6.1343 11.2061
864 816  5.2839  0.4512 15.0705
888 816  5.8188 -0.2682 17.2782
912 816  3.0274 -1.0937 15.7605
936 816  2.4475  0.2313 20.3087
960 816  3.2576 -0.0699 22.7364
984 816  4.6600  0.0261  7.3026
 24 840 -0.0026  0.0600 12.0067
 48 840  0.1951 22.5581 14.6680
 72 840 -1.8971 23.2783 20.6786
 96 840 -4.0989 24.1660 18.2080
120 840 -7.9457  2.1893 16.2959
144 840  4.0465 18.8089  9.2938
168 840 -2.7163 -15.0678  8.1169
192 840 -1.1737 -15.8392 11.9608
216 840 -5.6357 -17.9506 13.4270
240 840 -5.0321 -20.7381  8.7091
264 840 -0.3839 14.8462 12.9565
288 840 -4.2135 -3.3465 18.1329
312 840 -1.9936 -3.2044 21.9252
336 840 -3.7116 -1.7250 10.1395
360 840 -4.1204 -10.9767  8.4722
384 840 -1.1739 -4.9389 12.2266
408 840 -1.1382 -5.1148 16.3075
432 840  9.2497  4.8420 12.4759
456 840  9.9906  5.1575 20.6661
480 840  6.1501  5.7944 12.1937
504 840  4.1716  7.7625 15.2638
528 840  6.6284 18.1166 22.0326
552 840  5.9864 17.9529 18.6623
576 840  4.1884 -1.6431 14.6107
600 840  2.8955 -1.4615  9.7906
624 840 -0.0736 -4.2320  7.9410
648 840 26.4817  3.3312  7.7082
672 840 -11.2777 20.9038  9.5154
696 840 -10.7337  2.0231  5.8866
720 840  4.8971 18.1439  7.0286
744 840  3.9671 14.2058  8.8729
768 840  4.6415 11.8621 16.4548
792 840  3.0545  9.9822 15.2978
816 840  1.1063  8.7483 13.6517
840 840  6.7045  6.4186 12.7878
864 840  6.8574  2.9100 13.0732
888 840  5.9646 -1.5233 17.4260
912 840  3.1013 -0.0183 18.4027
936 840  3.1322  0.0606 18.9328
960 840  3.8435 -0.1455 22.7453
984 840  4.6658 -0.0925  7.0736
 24 864  0.0151  0.0511 11.7139
 48 864 -5.6052 -2.4609  9.8065
 72 864 16.9452 -20.9032 11.8503
 96 864 -16.1361 -14.6610 11.6023
120 864 -7.0616 -10.9470 10.4557
144 864 -9.6655 -10.9914  9.0759
168 864 -9.1363 -17.2007 10.4007
192 864 -8.5946 -19.1656  8.9854
216 864 -10.3767 23.3670  9.6661
240 864 -9.2888 -17.6916  7.5288
264 864 -12.1042 -12.7985 10.0162
288 864 -10.8473 -10.8197  7.8204
312 864 -5.2066 -2.0593 16.0347
336 864 -5.0320 -1.8248 16.3826
360 864 -4.8466 -9.1239 15.3984
384 864 -3.9464 -10.9483 15.3674
408 864 -0.9554 -4.6958 13.4719
432 864  0.0251 -4.9991 12.1717
456 864 -4.8914 -1.0494 10.1473
480 864  4.2654 -2.1161 11.8366
504 864  6.1445  0.1388  8.9531
528 864  9.2485 -15.7705  7.3752
552 864 -30.4148 -15.2173  6.6671
576 864  5.8629  0.1463 12.9020
600 864  4.6462  0.0169  6.8968
624 864 -4.6504 -7.3408  9.1429
648 864 28.1622  4.8317  7.4376
672 864 -33.9399 -24.2205  6.1391
696 864 -14.9232  5.7008  8.2698
720 864  3.1298 20.0754 10.9063
744 864 -12.0940 -17.2758 12.0304
768 864  3.0608  9.3503  7.9271
792 864  5.3205  6.0961 16.7585
816 864  5.8765  6.8163 16.2000
840 864  6.8931  7.1395 14.3168
864 864  6.8560  0.9309 12.5145
888 864  7.3860  0.5993 14.1069
912 864  3.3521 -0.1227 16.8294
936 864  3.4948  0.5508 19.0677
960 864  2.3923  0.2220 19.2851
984 864  0.4783  0.0020  7.3152
 24 888  0.0252  0.0184 11.9818
 48 888 -5.3020 -4.1546 18.7387
 72 888 -3.9257 -3.9527 15.3447
 96 888 -2.9432  0.7274  9.5383
120 888 -9.3682 -10.3438 16.8026
144 888 -10.0203 -10.6339 19.6983
168 888 42.0499  3.9452  5.7510
192 888 27.1440  5.6770  6.5033
216 888 -7.9234 -19.0395 11.5363
240 888 -9.1271 -18.1355  8.4720
264 888  3.8183 18.8215  8.4081
288 888 -24.5555 -12.2157  9.3175
312 888 -6.5662 -1.9329  9.0931
336 888 -5.4858 -8.1640 11.4513
360 888 -4.6982 -9.7365 12.6321
384 888 -3.6739 -10.9640 14.0133
408 888 -2.0696 -8.7054 10.9770
432 888  1.9849  4.9727 13.5250
456 888 -0.1031 -6.2406 20.2487
480 888  0.8208 -6.9133 19.4019
504 888  0.2047 -6.9860 12.7857
528 888  2.3414  1.0018 10.6461
552 888  5.2736  0.7974 18.6744
576 888  6.1346 -0.0494 14.2679
600 888  6.6795 -3.0861 11.5986
624 888 -5.0230 -8.3923  7.0380
648 888  5.6401  8.8966 14.3042
672 888 -19.9491 -1.0248  8.7074
696 888  5.8005 19.3164 11.1564
720 888 -0.3151 17.5988  7.6108
744 888  1.8929 12.8665 12.2553
768 888  2.2837 10.5265 14.5238
792 888  4.8794  6.1472 21.4621
816 888  4.9949  7.0288 11.8881
840 888  7.8399  9.6944 17.5964
864 888  7.9156  7.9932 11.2804
888 888  7.1592  1.3368 15.7150
912 888  6.1874  1.7368 18.1068
936 888  4.9317  2.0198 16.3830
960 888  3.5627  1.3174 19.1339
984 888  0.4739  0.0496  7.2693
 24 912  0.0035 -0.0106 12.1429
 48 912 -6.0478 -4.1045 18.5215
 72 912 -3.4371 -6.2340 13.9217
 96 912 -2.1356 -3.4661  8.5219
120 912 -9.1937 -9.9367 11.8960
144 912 -9.7914 -10.3679 10.7818
168 912 -11.6935 -16.9479  9.9238
192 912 -15.8972 -20.6537 12.7975
216 912 -15.2102 -19.1125  8.8536
240 912  8.9731 33.8811  5.6829
264 912 -21.7466 -13.0080  8.2368
288 912 -19.9914 -9.5659  9.2747
312 912 -20.1817 -10.5855  7.4668
336 912 -3.9452 -11.6680 19.9880
360 912 -4.2682 -10.9598 20.3106
384 912 -3.7755 -10.9826 16.1449
408 912 -2.1877 -8.5212 12.1553
432 912  5.6223  1.3218 17.6914
456 912  0.0360 -5.8334 16.2991
480 912  0.6595 -6.3867 14.9630
504 912  0.3212 -7.1937 10.8774
528 912  4.8066 -6.0949 10.7537
552 912  4.8979  0.7312 16.8959
576 912  7.1122 -0.1209 13.8194
600 912  7.9607 -2.6376 14.1001
624 912  5.7959  3.9704  9.3059
648 912  4.6815  8.6441 14.7040
672 912  4.5350 14.1951  6.8473
696 912  6.1009 15.6708 10.3966
720 912 -13.6665 -24.3421  7.7673
744 912  1.6269 12.9846  8.0299
768 912  4.1366  8.7187  9.5819
792 912  5.8932  6.7667 12.8029
816 912  1.9688  9.9878  9.9327
840 912  7.1342 10.9914 16.0614
864 912  7.1525  9.0640 10.9775
888 912  6.9238  4.1713 12.3780
912 912  6.3894  1.0912 14.0612
936 912  6.1546  2.3366 15.4013
960 912  4.4423  0.9781 16.9086
984 912  2.7536 -0.0044  7.4454
 24 936 -0.0106  0.0132 12.4007
 48 936 -6.3326 -1.0766 12.2314
 72 936 -0.9546 -5.9491 13.7579
 96 936 -7.8525 -10.7033 16.2678
120 936 -8.0144 -10.6428 20.2399
144 936 -10.7928 -17.0580 10.2865
168 936 -12.3971 -15.8892 15.9385
192 936 -13.1943 -17.6023 11.0285
216 936 21.1047  7.9985  9.3266
240 936 -25.7609 -17.2321 14.7419
264 936 -25.7473 -17.0656 14.0063
288 936 -21.8452 -8.9623 10.6642
312 936 19.4464  9.3148  6.7863
336 936 -3.9797 -11.3550 12.3229
360 936 -4.4565 -10.2466 13.2811
384 936 -4.4736 -10.4572  9.0570
408 936 -2.1645 -7.3714 10.4876
432 936  5.5866  1.2386 13.9825
456 936  4.0852 -0.8053 14.0035
480 936  4.5217 -3.9782 16.9280
504 936  4.9102 -3.9151 17.2092
528 936  3.5820  1.4074 17.4561
552 936  3.9472  1.3072 19.3080
576 936  6.9721  1.4964 13.0897
600 936  7.4694  1.7517 15.6160
624 936  7.0699  2.5976 16.0451
648 936  5.8533  0.4577 18.7441
672 936  3.5110 -0.1551 16.7843
696 936  2.3018  0.0266 11.7072
720 936  3.3615 19.7935 11.8963
744 936  2.1544 10.2259 15.2963
768 936  3.2110  9.6889 12.2225
792 936  6.0321  9.2552 11.5816
816 936  0.4718  9.1474 16.2030
840 936  1.4522  9.7947 14.4195
864 936  6.6053  8.9561 13.8587
888 936  7.2449  3.9733 14.5732
912 936  7.9252  1.4767 17.2259
936 936  7.7251  2.8375 12.7533
960 936  5.5980  2.9068 14.3711
984 936  2.9458  0.0275  7.5480
 24 960  0.0009  0.0262 12.3599
 48 960 -5.8612 -5.8584 10.5750
 72 960 -1.3663 -6.1405 12.0068
 96 960 -7.6680 -10.9104 15.1536
120 960 -7.9847 -10.8311 22.8020
144 960 -8.0848 -10.0588 15.2825
168 960 -13.0293 -16.4961  8.1501
192 960 -11.1930 -14.8277 10.5928
216 960 -11.1686 -12.0276  9.3142
240 960  1.9242 -0.9297  9.1902
264 960 -26.0719 -16.2473  8.0445
288 960 -15.5393 -7.1006 12.0510
312 960 35.0556 -27.8330  7.3824
336 960 -10.8644 -13.3938 13.0459
360 960 -7.1375 -10.9544  8.8799
384 960 -7.8588 -12.2114 15.3942
408 960 -7.7190 -14.0063 13.9694
432 960 -2.0419 -6.0156 11.3367
456 960  8.1186 -4.6904 14.1803
480 960  5.8135 -3.7455 10.0836
504 960  5.0252 -1.6630 16.6008
528 960  3.9009  0.5312 13.3553
552 960  4.1171  2.3567 15.6011
576 960  3.6531  1.2487 15.6232
600 960  6.9015  1.8671 16.0562
624 960  7.0526  2.7264 14.0035
648 960  5.3049  2.6905 14.4706
672 960  4.8201  0.2381 13.2276
696 960  4.0700 -0.9914 14.3723
720 960  0.0199 -0.9582 14.7026
744 960  1.7919  9.5553 15.4664
768 960  0.6837  9.7040 11.1486
792 960  7.1711 16.9718 13.2723
816 960  6.4089 15.6378 10.6220
840 960  2.0648  9.9952  8.9882
864 960  8.8994  7.6652 12.2108
888 960  7.3377  5.6222 15.0277
912 960  7.8613  2.4977 20.2021
936 960  5.8115  2.6129 11.5760
960 960  4.9622  3.4224 13.5480
984 960  4.6763  0.0916  7.9459
 24 984 -0.0097  0.0051 14.8724
 48 984 -0.0106  0.0047 12.4457
 72 984 -0.0242 -0.0029 12.2816
 96 984  0.0124  0.0274 12.5798
120 984  0.0120  0.0376 12.6185
144 984 -0.0108  0.0271 12.5670
168 984  0.0038  0.0284 12.7198
192 984 -0.0120  0.0297 12.6100
216 984 -0.0031  0.0178 12.4032
240 984  0.0149 -0.0084 12.1739
264 984 -0.0025 -0.0016 12.4479
288 984 -0.0283  0.0030 12.6406
312 984  0.0012  0.0109 12.3261
336 984  0.0110  0.0128 12.1951
360 984 -0.0029  0.0045 12.3432
384 984 -0.0123  0.0167 12.5566
408 984 -0.0073  0.0174 12.6531
432 984 -0.0113  0.0226 12.1025
456 984 -0.0132  0.0218 11.6339
480 984 -0.0065  0.0192 11.9892
504 984  0.1057 -0.0054 12.1329
528 984  0.1137 -0.0465 11.7634
552 984  0.0059 -0.0144 12.2279
576 984  0.0168  0.0193 12.6691
600 984  0.0145  0.0068 12.4056
624 984 -0.0254 -0.0140 12.1878
648 984 -0.0138 -0.0115 12.1421
672 984 -0.0410  0.0013 11.5412
696 984  0.0244  0.0235 11.9216
720 984  0.0472  0.0191 12.4071
744 984 -0.0016 -0.0159 12.2619
768 984  0.0318  0.0092 12.7662
792 984 -0.0246  0.0189 12.5573
816 984 -0.0223 -0.0004 11.9443
840 984  0.0213  0.0231 12.4289
864 984  0.0740  0.0226 12.4710
888 984  0.0797 -0.0059 12.1774
912 984 -0.0192 -0.0076 12.2479
936 984  0.0484  0.0053 12.2577
960 984  0.1296  0.0084 12.4990
984 984  2.7739  0.0017 11.6759
