 24  24  0.0124 -2.6451 12.6682
 48  24  0.0084 -2.6226  8.9374
 72  24  0.0000 -2.6273  8.8969
 96  24 -0.0081 -2.6541  8.6578
120  24 -0.0199 -2.6904  8.9654
144  24 -0.0099 -2.6510  9.1968
168  24 -0.0102 -2.6151  9.3124
192  24  0.0010 -2.5815  8.8565
216  24  0.0074 -2.6635  8.9527
240  24 -0.0312 -2.7353  9.3510
264  24  0.0024 -2.6698  8.9817
288  24  0.0060 -2.6724  9.2953
312  24  0.0207 -2.6139  9.2822
336  24 -0.0247 -2.6124  9.1495
360  24 -0.0111 -2.6553  9.2214
384  24  0.0095 -2.7000  9.6673
408  24  0.0007 -2.7586  9.8867
432  24 -0.0383 -2.7057  9.5324
456  24 -0.0026 -2.6684  9.1823
480  24  0.0340 -2.6240  8.8898
504  24 -0.0136 -2.6558  8.9566
528  24 -0.0168 -2.6837  9.1489
552  24 -0.0082 -2.6394  9.0002
576  24  0.0207 -2.6554  9.0069
600  24 -0.0107 -2.6963  9.4610
624  24 -0.0545 -2.6868  9.5126
648  24  0.0010 -2.6940  9.1169
672  24  0.0352 -2.6765  9.1340
696  24 -0.0255 -2.6157  9.2271
720  24 -0.0835 -2.6357  9.1050
744  24 -0.0453 -2.6376  8.8053
768  24 -0.0141 -2.6268  9.1297
792  24 -0.0747 -0.8807  9.1811
816  24 -0.0664 -0.5435  8.9602
840  24 -0.0006 -0.4660  8.8694
864  24  0.0034 -0.4549  8.9849
888  24 -0.0148 -2.6319  9.2962
912  24  0.0123 -2.6824  9.4745
936  24 -0.0062 -2.6035  8.9919
960  24 -0.0197 -2.6287  8.8561
984  24  0.4671 -0.4232 10.6073
 24  48  0.0110  0.0128 12.3691
 48  48  2.9592  8.3492 11.7285
 72  48  2.9428  9.5255 16.0909
 96  48  2.0853  9.8295 14.4433
120  48  7.0678  9.1049 13.2827
144  48 -3.3087  1.8527 18.0175
168  48 -2.3594  0.6360 13.1973
192  48 -1.9959  0.5634 12.6009
216  48 -0.1307 -2.3004 17.4260
240  48 -1.2385 -3.7458 18.2845
264  48 -2.9711 -3.3562 19.2730
288  48 -5.2751 -1.9072 19.9990
312  48 -5.9120 -1.9512 17.3321
336  48 -4.9066 -1.4524 16.6292
360  48 -0.2708  0.3723 13.3078
384  48 -0.0926 -0.2625 16.1375
408  48 -0.0185  2.7667 19.6301
432  48 -0.7776  2.7519 21.1638
456  48 -2.1067  3.6996 18.0636
480  48 -0.1625  4.4204 12.3309
504  48 -0.3394  5.3303 15.3574
528  48 -1.0480  5.1869 15.3113
552  48 -1.5631  4.7823 12.8098
576  48 -2.8562  4.1608 14.3535
600  48 -2.6648  0.9263 17.1015
624  48 -2.6937  0.9197 19.2649
648  48 -2.3215  1.4035 19.5403
672  48 -3.6685  1.7479 15.9969
696  48 -3.6100  1.2994 10.7758
720  48 -3.7180 -0.0808 11.1955
744  48 -4.1634 -0.1685 14.0456
768  48 -3.8776  0.2660  8.5874
792  48 -9.8124 -7.4027  7.5124
816  48 -7.7810 -5.2139  5.9431
840  48 -14.1834  0.5399  8.2072
864  48 -12.0160  0.1846 11.8536
888  48 -8.1105 -1.1834 12.2932
912  48 -9.0558 -1.4143 11.0982
936  48 -1.2387 -3.0513 11.9110
960  48 -0.9831 -2.6076 17.4085
984  48  0.8937 -0.0116  8.3146
 24  72  0.0155  0.0613 12.1189
 48  72  2.2515  6.2356 15.1037
 72  72 -2.9156  3.0629 12.2993
 96  72 -5.9961  0.4200 17.8256
120  72 -6.7499  1.8754 17.3996
144  72 -2.8979  1.8562 13.9335
168  72 -2.0733  0.6861 14.2139
192  72 -1.2301  0.2052 13.6098
216  72  0.8387 -0.2800 20.7362
240  72  0.0618 -1.8056 16.9633
264  72 -4.0393 -2.9649 13.2492
288  72 -6.2379 -2.9078 15.4758
312  72 -6.2680 -2.5466 15.5301
336  72 -4.2088 -2.0537 15.1004
360  72 -0.8009 -1.1490 13.4148
384  72 -0.2268  0.0297 18.7832
408  72 -0.2029  1.9552 18.8667
432  72 -0.2908  2.4602 19.2122
456  72  0.1375  2.4516 18.7087
480  72  0.4364  2.0498 16.8456
504  72  0.1948  1.3736 16.9795
528  72  0.9027  4.2706 15.5918
552  72  0.1130  4.5718 12.3946
576  72 -1.0301  4.2755 13.3768
600  72 -1.9873  1.5589 11.2867
624  72 -1.7496  0.1144 15.3024
648  72 -1.1050  0.6384 20.2679
672  72 -1.0722  1.0211 16.4688
696  72 -2.0630  3.2161 11.0292
720  72 -3.5918  0.9929 10.5962
744  72 -6.4546 -0.3445 16.2469
768  72 -8.3800 -0.0074 10.3926
792  72 -2.0695  9.9312  8.0701
816  72 -20.6753  2.1209  6.0223
840  72 -15.8991  0.1650 10.1137
864  72 -11.8869  0.6084 13.6689
888  72 -8.6390 -1.4139 13.1468
912  72 -3.1633 -2.9370 13.4671
936  72 -4.1880 -4.7486 14.2864
960  72 -2.9607 -4.8424 18.6269
984  72  3.5967  0.0023  8.3563
 24  96 -0.0113  0.0137 12.0574
 48  96 -1.7999  5.7530 15.5375
 72  96 -0.1440  5.8936 14.7584
 96  96 -6.1152  0.6726 19.8546
120  96 -6.2638  1.4009 19.4820
144  96 -3.7933  4.2845 14.0209
168  96 -3.5162  4.2337 17.0395
192  96 -1.6016  3.0979 14.7062
216  96  0.4824  0.9133 20.2289
240  96  0.3869  0.6476 18.4192
264  96 -2.0379  0.7754 18.6308
288  96 -4.8186 -0.9750 15.0190
312  96 -3.2770 -2.1787 14.0250
336  96 -1.4085 -2.7759 15.3188
360  96 -0.3487 -1.3608 16.3637
384  96 -0.6758 -0.3883 19.5126
408  96 -0.4102  1.3106 22.1932
432  96 -0.1332  1.7388 19.4576
456  96 -0.2454  2.0913 18.6688
480  96 -0.6648  1.0579 19.6385
504  96  0.2433  2.5931 17.4595
528  96  0.8007  4.1955 18.1672
552  96  0.2498  7.1274 17.3089
576  96 -0.3763  6.2752 14.5366
600  96 -1.6709  1.5130 10.9464
624  96 -1.0314 -0.1479 13.1239
648  96 -0.6975  0.2103 18.2727
672  96 -0.6135  0.0376 18.6108
696  96 -1.7811 -0.2748 15.2543
720  96 -3.6158  0.3973 13.8741
744  96 -5.9079  0.0074 15.6978
768  96 -7.2812  1.5358 16.3303
792  96 -1.8158 12.1180  7.8361
816  96 -3.0565 12.8142  6.3517
840  96 -10.1726  0.9871 10.9749
864  96 -7.1857 -0.8124 14.0178
888  96 -5.9512 -1.8306 12.4983
912  96 -3.3700 -3.0556 14.1296
936  96 -1.5990 -2.2334 13.4051
960  96 -2.0443 -2.8152 16.2869
984  96  0.4493 -0.0499  8.2390
 24 120 -0.0096 -0.0067 12.2150
 48 120 -2.3883  5.8574 15.5943
 72 120 -3.1456  5.7098 15.7642
 96 120 -7.2134  0.6857 17.8133
120 120 -8.5890  1.2850 20.5355
144 120 -8.1485  0.8864 14.9705
168 120 -4.3068  2.8515 14.8820
192 120 -3.9746  2.3137 13.4726
216 120 -1.0667 -2.1151 18.9985
240 120 -2.0344 -1.0569 16.4637
264 120 -4.4192  0.2961 17.6627
288 120 -4.8215 -0.6520 15.9418
312 120 -3.1648 -3.6992 16.5333
336 120 -2.2383 -3.8522 14.5463
360 120  0.5279 -1.6956 15.8967
384 120 -0.2255  1.1987 19.9206
408 120 -0.1494  1.3152 16.4534
432 120 -0.3161  1.9976 18.0738
456 120 -0.7137  1.8917 17.1802
480 120 -0.6818  1.1733 15.7476
504 120  0.0577  2.6720 17.2831
528 120  0.5843  3.7838 17.3131
552 120  0.0359  6.2809 14.8133
576 120 -0.1069  5.5292 12.9945
600 120 -0.4645  1.8287 13.1730
624 120 -1.2284  0.1651 13.3342
648 120 -3.7225 -0.9043 13.1535
672 120 -1.4252 -0.2535 15.0303
696 120 -3.1960 -0.8081 13.0517
720 120 -4.3577 -0.5812 13.8948
744 120 -3.8873 -0.1736 16.7715
768 120 -5.2120  0.4558 17.6002
792 120 -6.9981  1.9493 14.2292
816 120 -8.7529  2.2144 16.2598
840 120 -7.8925  2.1844 18.7454
864 120 -3.2816 -0.1493 14.6527
888 120 -3.6857 -2.0546 17.4524
912 120 -2.1946 -3.0721 15.8873
936 120 -2.5674 -2.9278 16.7874
960 120 -0.1445 -3.1505 15.0160
984 120  0.4845 -0.0040  8.4901
 24 144 -0.0172  0.0338 12.5953
 48 144  2.0657  6.0451 10.3391
 72 144 -3.2507  5.8647 15.6699
 96 144 -7.2140  1.0415 17.4418
120 144 -8.8258  1.7846 15.9428
144 144 -0.7209 -5.3380 11.9793
168 144 -0.5510 -5.2361 19.3503
192 144  0.0122 -1.9695 15.2616
216 144 -1.6954 -1.4188 15.9653
240 144 -1.9914  1.3817 14.5303
264 144 -2.1918  1.3413 17.6927
288 144 -2.0056  0.2039 15.6091
312 144 -1.9703 -4.3136 18.6414
336 144 -2.1376 -4.3464 17.0916
360 144 -1.0431 -1.6905 12.9964
384 144 -1.6716  1.0109 14.5684
408 144  0.1590  4.1217 15.1239
432 144  0.6852  5.1351 15.6393
456 144  0.7055  4.1920 15.2979
480 144  1.7881  5.5699 16.9143
504 144  2.3691  5.5406 18.1683
528 144  2.6380  5.3663 18.0730
552 144  1.3798  4.1582 10.7131
576 144  1.5897  2.1018 13.7410
600 144  1.5474  1.8633 15.6888
624 144  0.1263  1.2607 13.5578
648 144 -2.6377  0.2066 14.4165
672 144 -1.9196  0.3602 17.8328
696 144 -2.0093 -0.2658 14.6100
720 144 -3.4138 -0.8781 13.4818
744 144 -2.2414  0.0232 14.3472
768 144 -4.7181  0.1303 12.3306
792 144 -5.2230  5.1257  7.4530
816 144 -1.8279  2.0381 12.2503
840 144 -2.3858  1.6574 17.1088
864 144 -2.6793  0.3748 17.6554
888 144 -2.8767 -1.8516 16.9370
912 144 -2.0011 -3.0500 13.7097
936 144 -1.1131 -3.8665 18.0345
960 144 -0.3093 -3.8811 18.8089
984 144  1.3954 -0.0772  8.5312
 24 168 -0.0197  0.0254 12.5751
 48 168  6.0118  2.1659 17.1579
 72 168 -13.2958 -13.8747  8.5579
 96 168 -7.2884  0.7170 11.5639
120 168 -8.9041  2.0017  9.9511
144 168 -0.4269 -4.6254 17.2578
168 168 -1.5807 -4.8472 17.5765
192 168 -1.1535 -1.1198 20.3493
216 168 -1.1099 -0.1782 22.8493
240 168  0.6991  1.1935 19.4544
264 168  2.6898  1.2082 18.0476
288 168  2.9078  0.8710 15.8815
312 168 -1.8979 -3.2082 11.1050
336 168 -3.2285 -5.8097 21.2043
360 168 -2.2595 -0.0043 14.5610
384 168 -4.0137  0.6296 14.4150
408 168 -1.9699  1.6008 13.8182
432 168 -0.6762  3.9522 13.9292
456 168  0.9548  3.6551 16.2600
480 168  0.9177  4.3636 16.4053
504 168  1.9780  5.3772 13.1018
528 168  4.8240  5.5405 15.8223
552 168  5.7259  4.3935 14.6546
576 168  4.1910  3.5837 13.9446
600 168  2.2734  1.8879 13.1503
624 168  1.6578  1.4705 13.2192
648 168 -1.2105  0.9599 15.9445
672 168 -1.2525  0.9589 17.7192
696 168 -0.5351  0.2528 18.1392
720 168 -1.1721 -0.2233 16.4358
744 168 -2.0032 -1.5179 16.2721
768 168 -1.9117 -0.2971  7.7097
792 168 -0.0276  4.4052  9.8752
816 168 -2.6305 -0.1097 16.6368
840 168 -3.0000  0.0718 17.2467
864 168 -2.8442  0.3454 15.2951
888 168 -2.3147 -1.9652 15.2498
912 168 -1.7405 -3.8715 13.1303
936 168 -2.1983 -5.7080 16.0519
960 168 -2.2601 -3.2948 14.5526
984 168  0.4895 -0.1313  8.2867
 24 192  0.0064  0.0062 11.6818
 48 192  4.9536  1.8551 20.0061
 72 192  7.8656  4.0419 16.5839
 96 192  8.1989  3.9897 18.0511
120 192  0.0121  4.3203  9.0946
144 192  1.0657 -1.6668 16.5824
168 192  0.4789 -1.7921 17.2183
192 192 -0.2661 -0.2751 15.5341
216 192 -0.0334 -0.6012 17.1978
240 192 -0.0750  0.9903 18.7931
264 192  0.0851  0.3288 15.5619
288 192  2.8148  1.0928 11.8407
312 192 -5.9537  1.8482 10.8612
336 192 -5.7654  4.3794  8.9383
360 192 -5.1341  0.5229 12.9618
384 192 -6.1639  4.0368 15.4845
408 192 -5.7638  4.2680 13.4398
432 192 -4.1618  2.8880 17.5048
456 192 -1.8821  2.1858 16.7703
480 192  0.0915  3.5114 17.6851
504 192  0.8590  3.5382 16.6488
528 192  2.2424  2.9299 13.3206
552 192  3.7564  2.9460 14.9973
576 192  3.6332  2.7098 13.4699
600 192  2.5179  1.7167 14.2354
624 192  3.7806  1.6769 14.8011
648 192  1.9007  2.2980 16.6506
672 192  1.7513  2.4966 17.5788
696 192  1.0818  2.6949 15.8366
720 192 -0.8339 -0.5026 14.6970
744 192 -0.1542 -1.7850 16.0010
768 192 -0.1756 -1.0333 10.1513
792 192  7.0378 -4.3360  6.0349
816 192 -2.2295 -1.8899 11.5146
840 192 -2.9640 -2.9153 15.3724
864 192 -3.1938 -2.7838 13.9209
888 192 -2.6305 -0.7747 13.7884
912 192 -0.2364 -2.0379 13.5530
936 192 -1.9270 -5.5871 14.2192
960 192 -2.5659 -2.5762 13.7115
984 192  3.5918 -0.1072  7.8852
 24 216 -0.0031  0.0255 12.1045
 48 216  0.4574  1.6124 15.8029
 72 216  1.2639 -1.0374 13.9691
 96 216  6.0067  2.9533 12.1683
120 216  2.0426 -1.8295 14.5956
144 216  1.9659 -1.5585 20.9359
168 216  0.9284 -1.8316 22.0763
192 216  0.1191 -0.1174 16.1332
216 216  0.0646  0.8736 17.4700
240 216 -0.2231  1.2084 20.3818
264 216 -0.9516  1.0135 16.0259
288 216 -5.8658  1.7146 15.9708
312 216 -10.0669  4.9272 16.1396
336 216 -9.3135  3.9489 18.5747
360 216 -7.8241  4.7890 15.6622
384 216 -7.3228  4.5506 19.8520
408 216 -4.0845  3.3738 12.4301
432 216 -5.7283  4.2926 18.5964
456 216 -4.0608  2.4200 17.9511
480 216 -0.1265  3.7146 12.9494
504 216  0.8718  2.9736 13.2345
528 216  1.7875  3.0704 13.1814
552 216  2.4082  2.7632 17.3714
576 216  3.1971  2.3334 14.9750
600 216  2.9638  1.5131 14.7063
624 216  2.9837  0.6322 11.9388
648 216  2.9130  3.3757 16.9168
672 216  2.5637  3.7716 17.8057
696 216  1.1463  3.0691 14.0483
720 216  0.1359  0.5378 12.6046
744 216 -0.0117 -1.7780 14.6933
768 216 -0.0134 -0.8721 12.1359
792 216  0.6134  0.4206  9.6934
816 216  0.0075  1.6359  9.6438
840 216 -5.9957 -4.3661 16.3868
864 216 -5.9299 -3.3031 14.0788
888 216 -3.3289 -0.9187 15.1377
912 216 -1.9257 -1.7607 14.5578
936 216 -0.9617 -4.8659 16.3069
960 216 -2.4397 -1.7206 13.0843
984 216  3.6226 -0.0539  8.3163
 24 240 -0.0147  0.0153 12.4853
 48 240 -0.7227 -2.3116 14.2926
 72 240 -4.4332 -3.8793 13.9808
 96 240 -3.7611 -3.3471 17.0222
120 240  1.9462 -1.3360 17.3316
144 240  2.0231 -2.5695 23.0619
168 240  2.0862 -1.4072 11.4896
192 240 -10.3579  3.0657 14.1362
216 240 -9.9646  3.6222 15.6866
240 240 -8.7250  1.1273  9.0966
264 240 -8.1036  1.0428 16.7672
288 240 -7.8907  1.6701 11.8083
312 240 -9.7750  4.4983 11.7503
336 240 -11.0014  4.2566 15.1149
360 240 -1.9520  3.0288 10.2998
384 240 -15.8137  4.4803 11.7034
408 240 -18.0391  6.3680  9.8350
432 240 -4.7373  4.7475 16.5852
456 240 -4.4740  2.3277 20.0365
480 240 -1.4820  1.1807 13.7705
504 240  0.3487  0.4530 14.6414
528 240  1.1738  0.9224 13.9407
552 240  2.0785  1.1875 15.1158
576 240  2.8047  2.2557 17.8354
600 240  2.3478  2.0258 16.1023
624 240  1.5205  1.2603 17.5135
648 240  2.0958  2.7413 13.8957
672 240  1.7599  4.9284 14.5212
696 240  0.9915  3.7198 14.8833
720 240  0.3328  1.3040 15.1846
744 240  0.3127  0.8958 13.4402
768 240 -0.2677  0.1522 16.4740
792 240  0.0209  0.6126 18.0237
816 240  0.0335  1.0653 18.7679
840 240 -3.9860 -1.2463 10.5000
864 240 -5.0330 -4.1153 11.8959
888 240 -1.0722 -0.2083 18.1197
912 240 -0.1626 -0.8412 19.9807
936 240 -0.2878 -1.8082 18.3011
960 240 -0.4877 -2.1762 15.4052
984 240  3.6357 -0.0244  8.8271
 24 264 -0.0203 -0.0223 12.5623
 48 264 -2.9954 -4.1341 16.6481
 72 264 -5.8165 -4.2623 21.8408
 96 264 -4.4473 -3.8775 18.3303
120 264 -4.3160 -3.1125 17.8319
144 264 -6.0357 -4.7634 18.0579
168 264 -10.1234  2.2611 13.5629
192 264 -10.7149  2.8914 16.7937
216 264 -10.7080  3.0901 18.8630
240 264 -8.3245  1.4809 13.3620
264 264 -8.1211  1.7257 15.9670
288 264 -6.0734  2.0963  9.6862
312 264 -14.6470  0.4072 13.4684
336 264 -14.2916  3.4312 11.6374
360 264 -12.7558  1.8737  8.4202
384 264 -16.1193  4.1404 13.2106
408 264 -10.4293  3.2233 10.6570
432 264 -5.6588  3.1604 12.0338
456 264 -4.3489  2.8364 14.1577
480 264 -0.1271 -0.4048 15.2294
504 264  1.2053 -0.8304 16.0596
528 264  1.5586 -0.2748 18.5746
552 264  1.3242  0.0170 17.0894
576 264  0.4467  0.6531 13.7929
600 264  0.3226  1.1412 16.4998
624 264  0.5357  1.1283 23.0165
648 264  0.7679  1.0668 15.0353
672 264  1.2976  3.7184 14.8667
696 264  1.6130  2.9029 15.8114
720 264  0.2910  1.8751 15.0041
744 264  0.7524  1.6611 11.6534
768 264 -0.1552  1.2398 12.5627
792 264 -0.6470  0.1648 20.9259
816 264 -0.2665  0.0985 17.1578
840 264  1.1010  0.1028 17.5672
864 264  1.5865  0.1048 18.6545
888 264 -0.1510  0.5156 17.5686
912 264 -0.2682  0.7838 16.2765
936 264 -0.0223  0.5915 18.4160
960 264 -0.2160  0.7691 17.3690
984 264  3.6140  0.0439  8.6401
 24 288 -0.0125 -0.0338 12.5736
 48 288 -2.8559 -0.3439 14.5242
 72 288 -2.9560 -4.2270 15.2174
 96 288 -1.0518 -4.2287 14.2105
120 288 -5.1456 -3.6238 21.3639
144 288 -5.2220 -3.6123 17.6669
168 288 -6.5814  2.0293 13.5240
192 288 -8.1713  2.3195 15.3996
216 288 -8.8566  1.0902 14.8723
240 288 -8.1431  0.8785 14.3289
264 288 -8.5460  1.3466 17.8347
288 288 -8.3188  0.9200 10.7644
312 288 -13.9178 -0.0755 12.7789
336 288 -13.0938  1.2357 14.8503
360 288 -11.8276  3.0652 12.4062
384 288 -7.9335  4.6205 11.5733
408 288 -7.1567  3.8202 13.8907
432 288 -4.3660  1.8259 13.7999
456 288 -3.6499  0.9858 12.2791
480 288  0.0020 -1.1396 13.7265
504 288  0.9749 -1.0213 15.4613
528 288  1.4282 -0.4416 17.6466
552 288  1.2304 -0.1356 16.6651
576 288 -0.0241  0.1768 17.7530
600 288 -0.0240  0.5332 18.0630
624 288 -0.0820  0.5295 18.3863
648 288 -0.1286  1.4454 20.4694
672 288  0.2228  2.7952 16.9755
696 288  0.2968  2.9090 14.9201
720 288 -0.0586  1.9488 15.1413
744 288  0.0964  1.8275 12.7967
768 288 -10.0793 15.9333  6.7952
792 288 -1.8798 -0.8291 14.4147
816 288 -1.2814 -0.8317 14.5854
840 288 -1.5547  0.0963 18.3332
864 288 -0.7611  0.3787 16.4516
888 288 -0.3234  1.0537 17.9282
912 288  0.6088  1.8917 16.8344
936 288  0.0298  0.7671 19.2803
960 288 -0.2109  1.1554 19.0212
984 288  3.6308  0.0092  8.8138
 24 312  0.0014  0.0235 12.2093
 48 312 -0.1491  2.0562 14.2705
 72 312 -1.0452 -6.3157 18.1248
 96 312 -1.9611 -7.1153 14.3562
120 312 -5.2267 -3.5686 13.1454
144 312 -6.8024 -2.9267 10.2704
168 312 -7.7669  2.8126 11.5203
192 312 -9.1871  1.2025 14.4414
216 312 -7.9314 -0.1010 15.7868
240 312 -8.0409 -0.4191 14.6421
264 312  0.5758  0.0265 11.2768
288 312 -8.1703  0.8913 19.2328
312 312 -10.2310  0.1389 11.4262
336 312 -14.3576 -1.4687 13.4889
360 312 -11.9245  2.3063 10.1098
384 312 -10.0045  3.2263  9.4773
408 312 -12.0492 -3.0810 10.2521
432 312 -4.9686  1.3552 10.6972
456 312 -4.0272  0.8164  9.9428
480 312  1.6442 -1.9484 13.9895
504 312  1.9220 -0.3996 16.4666
528 312  0.6984  0.0197 14.1844
552 312 -0.7392  0.2680 15.1727
576 312 -1.0010  0.0157 15.6697
600 312 -0.7757  0.0052 19.4495
624 312 -0.8002  0.0244 18.2940
648 312 -1.1865  0.4972 17.4740
672 312 -1.1086  2.0470 18.1640
696 312 -0.4385  2.2713 14.6892
720 312 -1.2382  1.7175 16.0601
744 312 -1.3891  2.2621 14.2904
768 312 -2.7001  4.1998 11.6924
792 312 -2.0633  0.1718 13.4257
816 312 -1.9034  0.2991 16.2107
840 312 -1.6021  0.3533 16.5865
864 312 -3.1050  0.5850 17.5176
888 312 -1.3868  1.7026 17.5506
912 312 -0.5479  1.7770 16.9765
936 312  1.0548  0.2872 16.3654
960 312  1.4635  0.2073 13.0252
984 312  3.6639 -0.1256  8.7702
 24 336  0.0026  0.0179 12.2647
 48 336  0.4789 -0.4674 11.1054
 72 336  0.1386 -4.0115 10.8353
 96 336  5.8331 -9.8655  8.8475
120 336  4.1385 -13.1671  8.9062
144 336  6.2663 -12.7502 13.9899
168 336  6.0506 -12.6090 12.3287
192 336 -4.0538  1.5015  9.7868
216 336 -7.9528 -0.8589 13.2146
240 336 -8.0100 -1.2164 11.0172
264 336 -9.8654 -0.0011 13.5663
288 336 -9.9283  0.0142 15.1061
312 336 -12.7612 -3.0135 11.7388
336 336 -13.3428 -3.1230 17.8965
360 336 -10.2883 -1.6455  9.0328
384 336 23.9071 -15.5673  8.6185
408 336 -12.2524 -3.2403 16.1322
432 336  1.4312 12.1011 12.8441
456 336  7.9669 -2.4523 14.3926
480 336  2.4031 -1.7430 15.9142
504 336  1.5344 -0.5725 17.3305
528 336  0.2552  0.3468 16.3841
552 336 -0.0343  0.3921 15.0896
576 336 -0.1657  0.0137 14.8729
600 336 -0.4264 -0.2100 22.7349
624 336 -1.5665 -0.5987 15.5799
648 336 -1.2287 -0.5606 18.3007
672 336 -1.2450 -0.1135 17.5017
696 336 -1.5955  0.1929 18.3903
720 336 -1.9146  1.4164 22.3147
744 336 -0.2634  0.2432 15.4534
768 336 -0.0841  0.7906 15.8495
792 336 -0.3267  0.5279 21.1898
816 336 -0.8681  0.6761 19.7778
840 336 -0.5803  0.7409 17.8774
864 336 -1.9385  0.9960 14.6508
888 336 -2.8770  1.3947 15.2654
912 336 -1.0975  1.6041 16.7954
936 336  0.5672  1.3010 14.6027
960 336  1.7290 -0.0372 15.1590
984 336  3.5587 -0.0518  7.9320
 24 360 -0.0124  0.0102 12.3855
 48 360  8.1125 -8.8667 15.2706
 72 360  8.2080 -9.8703 12.3174
 96 360  5.8704 -10.2509  8.5878
120 360 -0.0472 -10.6582 13.3951
144 360 -2.2200 -9.1895 12.5980
168 360 -0.2847 -10.9876 16.0474
192 360 -2.0170 -10.6707 11.4331
216 360 -0.8019 -5.9239 11.9220
240 360 -8.1234 -1.0301 14.8597
264 360 -9.6975 -0.1245 17.9724
288 360 -9.2223  0.2048 11.2028
312 360 -10.0335 -2.1013 15.6647
336 360 -11.8971 -3.4109 15.9054
360 360 -9.0880 -3.2965 14.7330
384 360 -8.0703 -2.7213 15.3265
408 360 -9.5047 -3.1928 13.0026
432 360 -8.8330 -5.3899 10.3054
456 360  7.9559 -1.7863 14.5441
480 360  2.5073 -1.2741 15.0505
504 360  1.3794 -1.2647 17.9172
528 360  0.5775 -0.1806 15.9124
552 360  1.2826 -0.1622 15.6356
576 360  0.6900 -0.1186 15.6436
600 360  0.7731 -0.0577 15.6922
624 360  1.0730 -1.9875 14.7420
648 360  2.6250 -2.0059 13.4004
672 360  0.0385 -1.0673 14.7629
696 360 -0.5710  0.1242 18.6967
720 360 -0.5414  0.4648 17.8057
744 360  0.0185 -0.2931 19.9679
768 360 -0.0842 -0.1138 15.6383
792 360 -1.5389  0.3555 17.8377
816 360 -1.6194  0.8101 15.7197
840 360 -1.6792  3.3014 15.9286
864 360 -1.9452  1.2708 16.5731
888 360 -3.0333  1.1407 19.5063
912 360 -2.5618  1.0756 16.3609
936 360 -0.3592  0.9734 15.1775
960 360  1.2297 -0.0705 16.8620
984 360  3.5859 -0.0123  8.4303
 24 384 -0.0210 -0.0062 12.5698
 48 384  7.3903 -8.2031 13.1324
 72 384  5.7835 -12.7821 12.1669
 96 384  4.7293 -13.7673 13.1767
120 384  2.8372 -13.9472  7.2659
144 384  1.0914 -8.2195  8.0537
168 384 -0.2146 -7.6169 16.2276
192 384  0.0436 -6.8404 17.8603
216 384  3.0379 -7.7228 17.3144
240 384  3.1164 -7.1602 10.5514
264 384 -7.9750 -1.3649 13.3069
288 384  1.0000  1.0000  7.5777
312 384 -9.9544 -2.0238 13.6385
336 384 -6.3408 -5.9268  7.7345
360 384 -7.0688 -4.7859 12.9583
384 384 -7.9170 -3.2416 14.3397
408 384 -7.9640 -4.9957 12.2350
432 384 -1.7637 -3.6367 13.9295
456 384 -1.5473 -3.0087 15.8980
480 384  0.5531 -1.6061 15.5720
504 384  0.4037 -1.8222 17.7640
528 384  1.4050 -1.8445 13.7502
552 384  2.0929 -0.9893 16.3799
576 384  2.1150 -0.7726 14.9280
600 384  2.4751 -0.6172 17.2885
624 384  3.1201 -2.8598 15.3309
648 384  4.2591 -2.2099 14.5278
672 384 -0.1582 -2.1256 15.2673
696 384 -0.6430 -0.0967 17.5360
720 384 -0.0168  0.4814 16.0554
744 384  0.4103  0.3075 19.5477
768 384  0.0421  0.2576 16.8230
792 384 -1.0473  0.2584 20.4336
816 384 -0.7193  1.7530 14.0605
840 384 -1.7456  5.0732 16.4086
864 384 -0.1705  4.8336 13.9709
888 384 -2.7247  1.2263 19.9579
912 384 -2.3551  1.1426 18.5825
936 384 -1.2690  0.5007 16.5204
960 384 -0.7633 -0.4037 13.7571
984 384  3.6095  0.0239  8.5033
 24 408 -0.0055 -0.0020 12.5453
 48 408  7.3221 -7.5755  9.0840
 72 408  6.2230 -12.3072 11.5505
 96 408  4.8369 -13.6060 11.0071
120 408  3.9211 -7.1127 13.4788
144 408  4.2584 -6.8972 17.2576
168 408 -0.3580 -6.2093 20.2334
192 408 -0.5871 -6.8220 18.8671
216 408  0.6960 -6.1139 14.2977
240 408 -1.7917 -6.2901 15.4031
264 408 -2.0980 -6.1338 21.2241
288 408  1.0000  1.0000  8.5208
312 408  1.0000  1.0000  7.2759
336 408 -18.2063 -6.5366 14.8793
360 408 -16.3612 -5.6631 14.0359
384 408 -17.0011 -5.8183  8.1688
408 408 -10.0155 -6.8185 15.2266
432 408 -4.0465 -5.1051 12.4870
456 408 -0.9795 -4.1582 15.9648
480 408 -0.2086 -3.5248 19.1360
504 408  0.3746 -3.6561 20.3073
528 408  1.3997 -3.3391 15.7159
552 408  1.7227 -3.3306 17.6620
576 408  2.4003 -1.9834 15.7598
600 408  2.6551 -1.9278 21.8231
624 408  2.7336 -3.7579 19.9404
648 408  2.3896 -3.8418 17.1084
672 408 -0.1130 -0.5759 15.3569
696 408 -0.2323 -0.2014 17.5327
720 408  0.4932  1.0682 14.9863
744 408 -0.6263  1.7566 16.7784
768 408 -0.1089  0.5036 18.4284
792 408 -0.3146  0.1965 14.5543
816 408 -0.0590  1.2762 15.9275
840 408 -0.1881  3.7945 17.9763
864 408  0.2209  3.5228 15.1412
888 408 -2.1625  1.5642 18.2549
912 408 -3.5143  0.5820 16.8894
936 408 -0.2773  1.2447 17.3898
960 408 -0.7941  0.1654 15.2835
984 408  3.6090  0.0120  8.4805
 24 432 -0.0079 -0.0077 12.5467
 48 432  2.1190 -5.4511 15.4791
 72 432  2.2710 -5.4649 13.6113
 96 432  1.4360 -6.5228 13.7165
120 432  1.2520 -7.5948 11.1414
144 432  2.2098 -8.8575 11.0022
168 432 -0.9392 -0.0463 20.2095
192 432 -0.5508 -0.5427 24.3419
216 432 -1.1176 -9.0183 22.8219
240 432 -2.1307 -7.0321 16.5480
264 432 -1.4355 -6.3668 24.3202
288 432  2.0781 -2.2265 10.1905
312 432  0.1313 -14.1143  9.1973
336 432 -18.5171 -7.5145 11.7507
360 432 -17.1909 -6.8414 14.0331
384 432 -16.1353 -6.9630 10.9151
408 432 -8.7281 -6.1405  9.6734
432 432 -4.8933 -5.2361 13.8742
456 432 -3.4087 -4.7313 12.5489
480 432 -0.2528 -3.8005 13.0878
504 432  0.9394 -5.2350 17.6979
528 432  1.9479 -4.8137 15.1463
552 432  2.0928 -3.0724 18.9842
576 432  2.2502 -2.7643 14.9776
600 432  2.7351 -1.6736 20.4631
624 432  2.6808 -2.9987 18.9064
648 432  1.7215 -3.2176 17.1878
672 432  2.1942 -1.7104 13.6905
696 432  4.1273  1.1172 16.0492
720 432  2.0347  1.2739 14.9428
744 432 -0.0126  1.7716 17.1595
768 432  0.1662 -0.8483 18.8641
792 432  0.4015 -0.2198 19.2146
816 432  0.0856  4.0054 19.6097
840 432  0.3326  3.8077 16.7150
864 432 -0.1467  3.1638 13.6350
888 432 -0.6110  2.4506 17.6511
912 432 -0.0696  1.9563 16.3416
936 432  1.7235  1.5954 17.6076
960 432  1.6406  1.9858 16.5925
984 432  3.6411 -0.0260  8.8066
 24 456 -0.0138 -0.0443 12.5567
 48 456  2.4011 -5.7015 16.3766
 72 456  0.7887 -5.2149 14.2542
 96 456  1.2568 -4.3120 15.2501
120 456  1.0126 -5.4080 13.9868
144 456  1.7810 -10.0993 17.3198
168 456  1.0279 -10.2622 18.7465
192 456  3.2373 -12.7688  8.8275
216 456 -1.9020 -7.8475 22.9591
240 456 -0.1482 -8.0710 19.3287
264 456 -0.3021 -8.5661 14.2970
288 456  2.1981 -1.8898  8.8969
312 456 -16.4748 -10.4254 10.1763
336 456 -14.1000 -8.3900 10.8344
360 456 -16.8545 -8.8970  8.2148
384 456 -16.8677 -7.8655  9.4175
408 456 -5.7207 -11.3137 11.6289
432 456 -9.9844 -3.8290 14.9335
456 456 -7.3714 -4.3038 12.0041
480 456 -0.2592 -5.8064 14.4153
504 456  0.6951 -5.7335 25.1184
528 456  1.5042 -5.4596 20.0339
552 456  1.1085 -2.6318 18.7188
576 456  1.1536 -1.7811 15.7708
600 456  1.0447 -1.6219 16.9960
624 456  0.3055 -2.5945 19.8587
648 456  0.5728 -3.1746 20.4267
672 456  0.8585 -3.3127 16.4975
696 456  4.2377  1.2502 12.5740
720 456  4.1391  4.3308 15.6339
744 456  2.8416  4.3871 15.0403
768 456  0.0796 -0.6126 12.8443
792 456 -1.0802  1.4700 15.5351
816 456 -1.9707  1.3647 16.5725
840 456  0.3055  4.4304 14.2590
864 456  2.7468  4.8406 11.4292
888 456 -0.0839  2.0322 13.4476
912 456  0.7371  1.5758 20.0224
936 456  1.6839  3.8293 18.2383
960 456  1.7134  4.0365 14.9752
984 456  3.5890  0.0475  8.9025
 24 480 -0.0089 -0.0426 12.3147
 48 480  2.2867 -4.4040 19.0269
 72 480  0.9333 -4.5486 15.8887
 96 480  0.5804 -4.4633 13.1690
120 480  1.5307 -4.8386 10.9061
144 480  1.5578 -10.1197 13.7063
168 480  3.2398 -13.2493 16.4540
192 480  3.3372 -13.7314 16.0316
216 480  0.2955 -5.9674 14.6596
240 480 -0.5798 -8.7246 14.2926
264 480 -0.3121 -8.8407 14.1862
288 480  2.3104 -11.9592 12.3185
312 480  2.3367 -11.8486  8.8170
336 480  8.7635 -8.1407 14.2844
360 480  6.6939 -6.7954 12.0924
384 480 -1.7188 -12.0019 13.5903
408 480 -2.1293 -11.9469  9.6600
432 480 -2.9219 -4.7130 16.6506
456 480 -3.0055 -4.9392 15.9249
480 480 -1.2873 -4.7847 15.2769
504 480 -0.6702 -4.3226 18.4721
528 480 -0.0937 -4.1893 18.2692
552 480 -0.1209 -2.0464 22.7702
576 480  0.3086 -1.8868 17.3671
600 480  0.3805 -2.0338 16.2356
624 480  0.3776 -2.0960 19.6834
648 480  0.3314 -2.2154 20.0050
672 480  1.3289 -1.9169 17.9150
696 480  1.6368 -0.5461 13.7599
720 480  1.6504  3.8404 15.9131
744 480  2.4797  5.7603 17.6808
768 480  0.2410  4.5323 13.6751
792 480 -1.5132  3.1725 17.8657
816 480 -1.1632  2.1945 22.9516
840 480  0.2036  4.0448 18.5461
864 480  0.1699  5.6547 16.1517
888 480  0.2403  4.3949 15.1850
912 480  1.7438  3.8448 14.5254
936 480  0.2802  5.4093 15.3260
960 480  0.9326  6.6670 13.4605
984 480  3.6364  0.0612  9.2528
 24 504 -0.0142 -0.0209 12.2049
 48 504 -0.0865 -5.9873 13.5542
 72 504  0.0646 -5.9643 14.7421
 96 504  1.1041 -7.6154 13.5335
120 504  1.1284 -7.8671 19.6539
144 504  0.9088 -9.2568 12.3568
168 504  1.9278 -12.0152 13.3578
192 504  2.4708 -12.9385 17.6244
216 504  1.9548 -13.7192 10.6965
240 504 -1.7821 -8.8941 14.2030
264 504 -0.8339 -9.6829 11.9996
288 504  4.1683 -13.6610 14.5146
312 504  4.7580 -12.9735 10.2230
336 504  7.9540 -7.1791 12.5551
360 504  6.0624 -7.6657 13.1930
384 504  0.2466 -2.3484 12.2397
408 504 -0.1903 -2.4089 15.5018
432 504 -0.8800 -2.4576 19.6234
456 504 -0.4981 -5.0907 17.4307
480 504 -0.2102 -4.7989 17.4979
504 504  0.5385 -3.7845 23.9653
528 504  0.0240 -3.3663 21.2047
552 504 -1.3151 -2.4820 21.7440
576 504 -0.5178 -1.9698 18.4874
600 504 -0.0167 -1.5277 20.3111
624 504  0.3232 -2.1232 18.6430
648 504  0.3365 -1.8823 20.9437
672 504  1.5879 -1.7435 17.2085
696 504  1.4010 -1.2371 16.0195
720 504  0.5375  3.3541 13.5251
744 504 -0.2624  6.8239 13.1297
768 504 -0.6402  6.7330 13.7488
792 504 -1.1039  2.7133 16.9375
816 504 -0.5802  2.0925 17.1939
840 504  0.2134  3.2236 15.6840
864 504  0.6757  4.4874 16.3454
888 504  0.0168  4.3406 14.1444
912 504 -0.1066  4.0358 13.5100
936 504 -0.6372  5.4697 12.1057
960 504 -1.0693  6.7825 14.4779
984 504  3.6450  0.0840  8.7238
 24 528 -0.0206 -0.0126 12.2212
 48 528 -1.0394 -8.1870 21.9159
 72 528  0.3249 -9.3637 15.3724
 96 528  0.0900 -8.7774 16.9341
120 528 -0.7646 -6.9080 20.4190
144 528 -1.0054 -6.9479 13.1194
168 528  1.5836 -10.5281 16.2518
192 528  0.0152 -8.2110 13.7890
216 528 -0.2669 -8.2387 14.0439
240 528 -1.4279 -10.6567 15.0729
264 528 -1.3042 -14.5295  9.8561
288 528  6.8283 -13.0020 11.3080
312 528  4.7076 -10.1870 14.7886
336 528  4.8426 -7.3594  9.8496
360 528  6.1362 -7.6361  9.0219
384 528  0.0034 -2.7079 11.1633
408 528  1.8495 -3.1321 18.9157
432 528  0.3182 -3.8088 17.7283
456 528  0.7072 -3.5415 14.7789
480 528  0.9732 -3.8329 20.0898
504 528  1.1503 -3.3032 25.6171
528 528  0.9037 -2.7054 21.1184
552 528 -1.0384 -2.1443 18.6958
576 528 -1.5473 -1.6722 15.2593
600 528 -0.1489 -0.5746 15.5865
624 528  0.3050 -2.1429 14.8556
648 528  0.1868 -2.9718 16.5436
672 528  1.9157 -1.5423 22.1083
696 528  1.6868 -1.1280 15.2748
720 528 -1.0965  8.1659 13.0438
744 528 -0.9786  9.1981 16.0187
768 528 -1.0178  9.7792 12.1945
792 528 -1.6997  5.1099 11.6753
816 528 -0.4560  3.5685 13.7860
840 528 -0.0458  3.4661 17.4946
864 528 -0.1281  3.1684 12.5435
888 528 -0.3663  3.1826 16.3132
912 528 -0.1639  4.0115 11.7251
936 528 -3.7827  7.7563 10.0719
960 528 -3.8853  6.3824 12.0562
984 528  3.6331  0.0171  8.6970
 24 552  0.0020 -0.0601 12.3836
 48 552 -1.6423 -8.1080 17.7158
 72 552  0.1325 -8.9573 15.6205
 96 552 -0.0459 -7.8491 15.7644
120 552 -0.3414 -6.8770 17.9846
144 552  1.7627 -11.9644 13.4621
168 552  1.5672 -10.2552 15.5987
192 552 -0.0630 -8.9047 13.4110
216 552  0.9391 -9.9888 13.5305
240 552  2.0489 -10.7731 12.3344
264 552  7.2929 -12.2380  7.6098
288 552  4.0794 -11.9158  9.4101
312 552  4.6290 -11.9146 11.8563
336 552  3.0926 -9.1093 11.6625
360 552  4.2182 -6.2943 13.8848
384 552  3.9437 -5.9667 15.8155
408 552  3.7159 -2.5838 15.0676
432 552  3.7770 -2.4385 16.2058
456 552  3.3602 -2.8538 17.5798
480 552  2.6515 -2.9480 19.6453
504 552  1.6670 -2.7786 21.7060
528 552  1.1604 -1.3889 18.0034
552 552  0.1055  1.5677 20.0842
576 552 -0.0728  0.4035 18.5203
600 552 -0.3855  0.2856 16.2475
624 552 -0.1057 -1.1511 15.0020
648 552  0.5697 -3.7295 15.9210
672 552  2.2510 -1.9103 14.7052
696 552  0.1775  4.9770 13.4889
720 552 -0.2420  6.7243 17.9868
744 552 -0.7452 10.6164 13.2528
768 552 -1.6434 11.2156 11.8246
792 552 -1.6251  8.0980  9.3688
816 552 -0.3060  6.8646  9.2032
840 552 -0.0910  6.2621  8.0818
864 552 -1.1433  2.3080 13.3981
888 552 -1.7274  3.0313 18.1590
912 552 -1.8500  5.0396 15.2863
936 552 -1.8839  4.4787  9.9793
960 552 -2.1895  1.3303 12.4362
984 552  3.6184  0.0355  8.7188
 24 576  0.0221 -0.0556 12.1740
 48 576  0.0342 -9.2269 17.6615
 72 576 -0.6994 -7.4651 14.1457
 96 576 -2.8808 -6.8490 17.1376
120 576 -2.2436 -7.4603 12.1886
144 576 -0.7518 -11.0209 10.9920
168 576  0.9599 -10.2784 10.7777
192 576  2.2351 -10.9914 12.4822
216 576  4.0364 -11.1130 12.8785
240 576  1.7961 -10.1952 13.7728
264 576 -0.5184 -13.1740 18.4398
288 576  0.9987 -10.9766 15.9515
312 576 -0.4065 -8.0404 18.6237
336 576  3.6107 -8.1463 14.3920
360 576  3.7665 -8.1494 17.3591
384 576  3.7821 -3.6778 15.9859
408 576  3.9441 -2.8061 17.4680
432 576  4.6483 -2.9035 17.4520
456 576  2.8484 -2.2192 16.9982
480 576  3.2460 -2.7985 18.9514
504 576  1.8233 -1.1401 16.0027
528 576  0.1680  1.6676 18.6292
552 576 -0.2148  2.5074 19.7797
576 576 -0.1900  2.0775 20.2601
600 576 -0.1953  0.7840 19.9756
624 576  0.5874 -0.5615 16.4021
648 576  1.2846 -3.3874 17.5922
672 576  1.3567 -3.9753 13.6480
696 576  1.7984  6.8299 17.2135
720 576  0.3871  6.4518 17.0389
744 576 -0.5965  9.6017  9.9332
768 576 -2.3275 11.2793 10.8131
792 576 -1.1963  9.8576 17.1142
816 576 -0.8220 10.1502 22.0364
840 576 -0.2830  9.6900 14.0914
864 576 -1.8260 -0.0483 14.1128
888 576 -2.0748  2.0403 13.4200
912 576 -1.5318  5.5980 20.0751
936 576 -0.1240  4.3786 13.2771
960 576 -1.8521 -0.8405 15.3413
984 576  3.6108 -0.0424  8.4250
 24 600 -0.0026 -0.0200 12.5780
 48 600 -4.9770 -6.0906 12.5396
 72 600 -5.9197 -5.9095 10.6691
 96 600 15.3483 -4.4652 12.8902
120 600 -4.6424 -3.7656 10.2663
144 600  2.8498 -12.2212 13.9343
168 600 -0.2312 -11.1950 13.2083
192 600 -0.0408 -9.1982 15.4101
216 600 -2.0193 -9.0362 15.1800
240 600  0.8486 -11.5277 14.2782
264 600  0.8717 -11.3029 14.0567
288 600 -0.3351 -7.4751 15.8190
312 600 -0.4834 -7.4725 17.3737
336 600  1.8730 -8.5491 19.8072
360 600  3.2064 -8.7456 18.5499
384 600  3.4250 -3.0175 10.9120
408 600  6.0155 -4.4376 11.9560
432 600  6.1638 -5.0079 13.9716
456 600  1.9462  0.0790 16.1428
480 600  1.6147 -0.0712 16.0931
504 600  0.8243  2.1591 22.9902
528 600  0.8418  2.0679 22.2960
552 600  2.1702  3.1350 18.2693
576 600  3.7872  3.1060 16.1510
600 600  2.0016  1.6973 15.0523
624 600  1.1649  0.1787 15.4892
648 600  1.4671 -0.3275 16.6497
672 600  0.3306  1.3789 15.6359
696 600  0.9514  0.8217 14.5098
720 600  0.2108  7.9758  9.2941
744 600 -0.8995 11.9610  8.1921
768 600 -1.6817 11.8122  9.6510
792 600 -1.5783 11.1515 10.3118
816 600 -0.8414 10.2673  9.9842
840 600 -1.0182 -0.3409 14.6109
864 600 -1.5636 -1.8036 16.5861
888 600 -1.9665 -5.5032 15.7119
912 600  4.0366  4.8068  8.9971
936 600 -1.8261 -1.9186 12.8436
960 600 -0.7512 -5.2780 16.2787
984 600  3.6506 -0.0592  8.6897
 24 624 -0.0195 -0.0300 12.9005
 48 624 -4.9751 -7.1888 13.3627
 72 624 -6.2464 -6.6086 11.5662
 96 624 15.3506 -4.4473 17.3318
120 624 -3.0696 -0.8804 11.1696
144 624  2.2968 -10.7262  8.8014
168 624  2.2431 -10.8739  8.9557
192 624  1.2021 -3.9598  9.4597
216 624  4.5054 -7.9972  9.1514
240 624  3.1620 -12.1898 15.4988
264 624  0.7973 -11.1367 13.9978
288 624 -0.1594 -7.1395 17.5820
312 624  1.6883 -7.1602 11.4987
336 624  6.1245 -8.4860 12.4611
360 624  7.0599 -6.1128 14.5038
384 624  7.2504 -5.9297 13.9152
408 624  6.1788 -5.2755 11.8308
432 624  0.1756  1.6947 11.1285
456 624  0.7372  1.9410 14.9796
480 624  0.9805  1.8872 16.2214
504 624  1.2233  2.3681 21.3517
528 624  1.3055  1.5987 22.2206
552 624  0.6312  1.5819 15.4656
576 624  2.2685  3.8419 16.2498
600 624  2.2426  4.0271 13.3411
624 624  2.5523  5.9472 11.4143
648 624  3.6085  4.6741 15.6040
672 624  2.7165  1.4533 17.0675
696 624  1.9767 -0.7964 14.9564
720 624  4.1379 -2.2954  9.5855
744 624 11.0657 -1.0523  8.0895
768 624  0.2840 12.5331 10.6976
792 624  0.0963 11.5898 13.5936
816 624 -0.3536  1.2018  8.8240
840 624 -0.8374 -0.2862 18.4365
864 624 -0.8996 -1.0512 15.9512
888 624 -4.4946 -3.1669 20.3919
912 624 -4.9688 -2.1685 18.5012
936 624 -1.1196 -4.6260 17.0454
960 624 -1.1512 -5.1436 23.8526
984 624  3.6364 -0.0197  8.2720
 24 648 -0.0003 -0.0467 12.2390
 48 648 -1.7763 -7.0994 12.1934
 72 648 -0.7519 -7.9538 12.5591
 96 648  0.3767 -9.9927 13.4723
120 648  1.5190 -10.1061 12.9773
144 648  2.0088 -10.6206 16.3335
168 648  2.0824 -11.8502 17.6109
192 648  4.8425 -11.6895 15.4462
216 648  5.1667 -9.8957 13.1655
240 648  6.0292 -10.2923 15.1363
264 648  6.6883 -9.8011 12.7285
288 648  6.7930 -10.1308 17.9464
312 648  5.9915 -10.2231 18.4161
336 648  5.3689 -10.1431 18.7568
360 648  7.5501 -6.3754 15.4978
384 648  8.5402 -6.0370 10.4374
408 648  9.9865 -10.9783 15.8598
432 648  2.3926  4.3823  7.5036
456 648  3.8972  1.3901 18.1147
480 648  3.8047  1.3108 14.6003
504 648  2.0366  2.2876 15.2426
528 648  0.9794  1.1727 19.9532
552 648  0.2681  1.8904 18.7308
576 648  0.7275  3.0634 20.1724
600 648  1.0116  4.9515 17.6027
624 648  2.1796  5.9250 15.5858
648 648  3.8228  4.1297 14.3007
672 648  2.4454  3.3887 14.6328
696 648  2.3036 -0.8032 13.8471
720 648  4.4360 -2.4433 14.5400
744 648  6.2118 15.2061 12.3421
768 648  5.6175 15.1194 12.4959
792 648  1.8577 10.8939 12.0432
816 648  1.0785  8.8289 13.7118
840 648  0.3399  1.6886 14.8391
864 648  0.2842  1.7135 16.4830
888 648 -1.0018 -1.2754 25.8156
912 648 -0.8068 -1.5604 31.0787
936 648 -0.5993 -2.0325 22.7992
960 648 -0.9745 -4.5478 11.8055
984 648  3.5957 -0.0068  7.9195
 24 672  0.0132 -0.0224 11.8833
 48 672 -0.2323 -9.1134 14.8126
 72 672  0.1097 -9.0252 13.9378
 96 672 -0.1212 -10.6365 14.7062
120 672  0.7510 -10.2577 15.7466
144 672  0.7631 -10.1103 13.7988
168 672  2.2204 -11.8323 15.9893
192 672  2.1738 -11.9339 15.9003
216 672  6.3309 -9.7562 13.3044
240 672  7.2610 -10.3941 17.5606
264 672  7.3960 -9.3877 17.0369
288 672  8.0713 -9.0197 19.9836
312 672  5.9211 -9.8201 13.6361
336 672  6.0952 -9.9771 16.8533
360 672  7.8926 -8.4389 12.6966
384 672  7.0022 -11.3127 11.1276
408 672 10.7382 -10.8088 17.9747
432 672  7.0206  3.1995  9.1561
456 672  4.7654  1.5715 10.3348
480 672 -5.9891 -11.7407 13.0192
504 672 -1.0328 -14.1289  9.2237
528 672  2.2749  2.3458 16.7332
552 672  0.0906  2.2966 18.5074
576 672  0.2087  2.6309 21.5646
600 672  0.2603  4.5859 19.1357
624 672  1.9675  5.9586 13.6086
648 672  1.2847  5.3474 14.8332
672 672  1.6185  4.0649 14.4119
696 672  2.6631 -1.9078 12.4134
720 672  4.3869 -2.4119 14.1349
744 672 -1.2808 -34.6329  8.0351
768 672 -0.3401 -35.2163  7.4227
792 672  1.8739 10.5334 17.4967
816 672  1.9446  9.8841 17.5678
840 672 -0.9935  2.4092 13.7076
864 672 -2.7167  3.1012 16.7768
888 672 -0.8209 -1.4868 27.9282
912 672 -0.6860 -1.9479 28.1192
936 672 -0.3266 -3.0553 24.7823
960 672 -0.4416 -0.9619  9.9954
984 672  3.5702  0.1172  8.0580
 24 696  0.0019 -0.0102 12.1534
 48 696 -1.2156 -8.7029 14.9880
 72 696  0.2292 -9.2757 12.0510
 96 696  5.0205 -6.8226 13.3353
120 696  1.7946 -7.9654 13.6973
144 696  0.3557 -11.9095 13.0586
168 696  0.6908 -12.0367 16.2110
192 696 -0.1735 -12.5473 11.4700
216 696 -17.2982 26.3279  9.0105
240 696  7.8755 -11.0365 10.1179
264 696  7.1606 -9.3456 10.2467
288 696  8.0468 -9.1377 13.8596
312 696  6.2004 -9.2227 13.7898
336 696  8.0280 -10.3190 14.9423
360 696  8.7054 -10.9394 14.7013
384 696  7.2071 -8.5392 10.3922
408 696  5.7785 -6.3251  8.6572
432 696 11.1535  1.0271 13.9925
456 696  9.7210  1.6044 12.4793
480 696 -7.1194 -10.5546 11.1313
504 696 16.1957 20.0648 14.0540
528 696  2.8411  2.7101 10.5723
552 696  2.1253  2.4524 16.7215
576 696  3.9627  3.0132 14.4284
600 696  3.3352  0.1630  7.9790
624 696  0.7453  8.0869  9.8606
648 696  0.8336  5.5340 15.1296
672 696  1.2927  5.1513 17.7154
696 696  1.1634  4.8049 13.3362
720 696  2.6899 -2.9245 10.1406
744 696  2.8928 -2.8227 14.5202
768 696  3.5022 -1.9303 10.8272
792 696  2.9182  6.0810  8.4192
816 696  1.7773  9.2905 12.4485
840 696 -0.1380  9.6461  9.7769
864 696 -1.2069  4.0872 14.7848
888 696 -0.4119  0.0062 16.1474
912 696 -0.9352 -0.4606 19.0510
936 696 -0.0501 -2.5585 18.4664
960 696  0.0857 -5.5322 12.9410
984 696  3.5947  0.0651  8.6702
 24 720 -0.0064  0.0157 12.5638
 48 720  0.6271 -8.9271 15.1460
 72 720  0.3822 -8.9916 17.4979
 96 720 -0.0080 -9.3642 11.4473
120 720  2.5212 -9.3592 11.1767
144 720  1.1794 -11.7913 14.4726
168 720 -0.1324 -12.5525 14.4608
192 720 -2.9508 -13.8428 13.4136
216 720 -4.2086 -13.7117 18.0808
240 720 -2.9777 -13.7772 12.2653
264 720  1.0809 -11.8504 13.6254
288 720  1.2170 -11.8231 13.5749
312 720  7.6331 -12.2560 12.4856
336 720  6.4164 -10.8045 14.5328
360 720  5.8264 -9.4011 14.4738
384 720  5.9474 -7.6805 15.6614
408 720  5.3980 -7.2193 13.9114
432 720  9.3874  0.4930  9.6054
456 720  9.7543  1.4461 15.5332
480 720 10.1431  0.6617 17.1946
504 720  9.6721  0.4656 14.7270
528 720 -33.8201  6.0617 10.3232
552 720  3.6889 -0.0219 22.3609
576 720  3.1728 -0.4731 18.1278
600 720  3.5357 11.9751 15.3891
624 720  3.4228 12.0469 18.4054
648 720  0.7594  7.7209 15.5393
672 720  1.1548  5.3261 17.0087
696 720  0.2689  5.5414 13.3869
720 720  3.7930 -3.7751 10.4958
744 720  6.0590 -2.5864 12.3574
768 720  3.3263 -3.8954 10.9254
792 720  3.7578 -1.9085 13.3870
816 720  7.7277  6.2160 12.4151
840 720  6.7095 13.2106 10.3686
864 720 -0.0998  5.7181 19.7785
888 720  0.1287  3.8404 16.3421
912 720 -1.6696 -0.2542 17.4372
936 720 -0.6965 -0.4008 14.4511
960 720 -0.1814 -5.2498 14.3267
984 720  3.5495 -0.0416  8.4555
 24 744 -0.0119  0.0067 12.6666
 48 744 -5.1069 -8.7540 14.7634
 72 744 -4.2074 -8.6388 14.3990
 96 744 -0.1826 -9.4197 11.6852
120 744  0.1869 -10.7852 11.4866
144 744 -0.4068 -10.8773 11.4747
168 744 -0.8216 -10.5540 12.8060
192 744 -0.9877 -10.8191 12.9525
216 744 -2.3269 -11.2120 13.5313
240 744 -2.1320 -11.9732 12.7264
264 744 -3.8269 -14.6939 12.3951
288 744  0.0431 -14.6333 11.3651
312 744  3.1791 -12.1015 10.4781
336 744  5.8188 -9.7842 10.9763
360 744  3.8045 -11.5624 14.7043
384 744  1.9907 -8.5622 14.2003
408 744  9.1446 -2.7963 10.4709
432 744  7.1217 -2.0755 10.5531
456 744 10.0738  1.1805  8.4740
480 744 10.4595  0.6631 18.2162
504 744 10.0750 -0.0575 20.7294
528 744  6.8760 -1.9585 12.5637
552 744  6.9627 -3.2383 16.3893
576 744  4.3937 -1.0535 11.1495
600 744  5.2036 13.0248 11.9758
624 744  1.9786 13.1835 12.7577
648 744  1.1046  7.3554 16.2022
672 744  0.2070  6.9755 17.6362
696 744 -0.8912  7.8809 13.0368
720 744  4.6615 -0.0841  9.4811
744 744  6.9624  3.4137 13.7239
768 744  2.4565  0.0914 10.9203
792 744  3.0514 -0.2615 13.0354
816 744  5.4182 10.0710  8.9758
840 744  6.2766 14.7834 10.5340
864 744  2.6440  6.4459 15.2295
888 744  0.6742  4.6947 14.0828
912 744 -1.2127  1.6612 18.3294
936 744 -1.3865  0.3383 15.8965
960 744 -0.3797 -2.9149 16.4644
984 744  1.0966 -0.0339  8.2284
 24 768 -0.0142 -0.0321 12.7663
 48 768 -6.9695 -6.4783 12.2149
 72 768 -5.6441 -6.2619 10.6076
 96 768 -7.0081 -6.3711 12.5346
120 768 -6.8625 -9.8772 11.2117
144 768 -5.7514 -10.2500 10.8926
168 768 -3.2308 -8.8664 14.8692
192 768 -4.1759 -8.4731 20.5551
216 768 -2.3062 -9.1917 11.8191
240 768 -3.7856 -12.0300 11.2765
264 768  1.0000  1.0000  9.2312
288 768  4.9503 -10.8424 10.8930
312 768  2.6717 -11.3063 12.3010
336 768  3.1340 -6.0681 12.7277
360 768  5.1464 -8.8574  9.2357
384 768  9.0030 -3.6309 15.0060
408 768  9.2063 -2.6685 14.1794
432 768  8.5935 -0.9797 12.6776
456 768  9.7847  1.0726  9.0119
480 768 11.8171  0.8001 11.8797
504 768 11.0951  2.4335 10.5848
528 768  7.7341  0.2736 16.2044
552 768  6.8385 -3.4707 19.4639
576 768  7.9771 -3.6304 14.3038
600 768  0.2745 -9.8036  9.7921
624 768  1.8021  7.1944 15.3495
648 768  0.7892  7.4521 14.3590
672 768  0.3531  7.1147 15.9493
696 768  1.0607  7.8936 11.5365
720 768  5.0482  7.1710 12.0324
744 768  5.7838  4.9276 15.0407
768 768  5.4065  3.8451 13.0573
792 768  6.9727 12.5159 11.8803
816 768  1.7680  6.1779 11.1664
840 768  1.8319  6.2116 10.7404
864 768  2.7179  6.9097 15.2100
888 768  0.1291  6.3942 14.2497
912 768 -1.9213  1.9332 14.0792
936 768 -2.0654  0.7406 20.7617
960 768 -3.9149 -1.7382 13.4535
984 768  3.5424  0.0302  8.3315
 24 792 -0.0312 -0.0462 12.9023
 48 792 -7.0941 -5.7510 14.4643
 72 792 -7.8172 -5.6051 15.3083
 96 792 -6.8114 -5.9984 14.2760
120 792 -6.9033 -6.3466 12.3562
144 792 -9.1836 -10.6661 11.3359
168 792 -5.1243 -8.5171 13.5546
192 792 -4.3817 -8.0261 18.6646
216 792 -3.8702 -9.3718 12.1448
240 792 -4.8636 -11.0602 15.4526
264 792  1.1956 -8.0200 10.0983
288 792  6.2642 -10.5083 15.6871
312 792  5.2352 -11.1925 15.4200
336 792  4.9002 -8.5078 14.7003
360 792  5.8650 -7.7510 15.1133
384 792  8.1179 -4.5803 13.8737
408 792  9.9360 -0.9956 11.6379
432 792 12.9277  4.4085  9.4164
456 792  9.9759 -2.1399  6.9867
480 792 10.1888  3.9347 11.3588
504 792  6.8386  1.7629 13.8976
528 792  6.8066  0.2979 16.0256
552 792  7.2087 -2.1667 14.5927
576 792 12.3116 16.8855  8.1009
600 792  7.8921 17.7522 12.8791
624 792  1.8410  8.8937 10.2380
648 792  0.7780  9.0646 16.1642
672 792 -0.9817  5.8006 17.7217
696 792  0.9241  7.1099 17.1726
720 792  1.2678  6.8211 10.4006
744 792  5.6204  4.2150 14.6923
768 792  6.1011  6.9500 17.6816
792 792  6.0654 12.1084 16.9070
816 792  0.1526  5.8388 11.4790
840 792  0.1740  5.8972 10.6060
864 792  1.1130  7.0855 13.1324
888 792  0.9218  6.6004 10.8472
912 792 -2.7544  2.8129 14.1890
936 792 -2.1141  0.2932 18.2639
960 792 -1.2577 -0.1516 20.3806
984 792  3.6045 -0.0128  8.4416
 24 816 -0.0217 -0.0177 12.5683
 48 816 -6.3664 -4.7859 16.5404
 72 816 -7.9402 -5.8521 15.6682
 96 816 -7.2051 -5.7278 15.1189
120 816 -6.6521 -4.1613 10.8157
144 816 -9.0128 -9.1163  9.9324
168 816 -8.3059 -9.6495 12.2628
192 816 -4.9582 -9.6181 12.3836
216 816 -4.4738 -8.5287 16.6077
240 816 -3.4324 -8.8964 12.8090
264 816  1.1707 -8.6369 12.9711
288 816  6.1709 -9.9941 10.4821
312 816  2.5566 -4.3811  9.8317
336 816  4.4103 -7.1460 11.4677
360 816  2.0245 -7.2991  8.4995
384 816  8.8786 -1.9109 14.1836
408 816 10.5084  2.0899  8.7281
432 816 12.8000  5.0887 15.9724
456 816 11.2044  9.2960  8.5778
480 816  6.6890  4.0088  9.5358
504 816  6.7760  2.0133 14.9592
528 816  5.9079 -0.5179 16.5491
552 816  7.8523 -1.9700 13.5091
576 816 11.2918 19.6944 13.2496
600 816 10.6046 20.0470 11.8355
624 816  7.1309 16.5076  6.4634
648 816 -0.9076  7.8576 10.0332
672 816 -0.8453  5.8764 18.8598
696 816  0.4810  6.8330 17.1721
720 816  1.8370  7.4929 12.9022
744 816  5.2957  3.8080 14.4122
768 816 -12.1754 -4.8285  7.9024
792 816 19.8905 -1.0252  9.7887
816 816  4.1301  5.6637  8.8610
840 816  3.2864  8.7817 13.9941
864 816  3.0934  8.7221 13.4659
888 816  1.8989  6.3576 14.9740
912 816  1.2076  6.2173 15.1057
936 816  1.0435  3.1326 11.6950
960 816 -1.0802 -0.1617 22.8429
984 816  0.4228 -0.0881  8.0310
 24 840  0.0099 -0.0063 12.1964
 48 840 -6.1334 -4.9580 16.2659
 72 840 -7.2375 -5.4525 15.6200
 96 840 -6.7708 -4.8744 12.0043
120 840 -5.7020 -7.5226 15.6233
144 840 -5.8193 -9.1204 16.4889
168 840 -7.7040 -12.0317 13.2647
192 840 -4.1518 -10.6673 12.1833
216 840 -4.0483 -8.2939 16.0818
240 840  0.1880 -7.8376 13.7704
264 840  1.5437 -6.9874 18.8790
288 840  3.7350 -3.8978 16.1921
312 840  5.0089 -3.8554 17.7763
336 840  5.8051 -2.9839 13.9150
360 840  7.1235 -4.1224 12.1865
384 840  8.6897 -1.4128 13.9151
408 840  8.8149 -1.0890  9.1163
432 840  0.9667  3.3362  9.3259
456 840  7.7947  4.7069 13.6344
480 840  5.6348  5.3696 15.9554
504 840  6.4690  3.8720 13.9173
528 840  6.8901  1.7435 12.3968
552 840  7.9595 -2.1384 11.2094
576 840  7.3586 -4.1672  8.0193
600 840 -22.9630 13.0345  8.0239
624 840  6.7766 20.1449  7.6494
648 840  7.8049  2.1503 10.7848
672 840  6.1055  3.4006 17.5151
696 840  6.8768  3.7655 15.9240
720 840  3.8347  1.2499 15.8901
744 840  4.0367  1.7615 19.3170
768 840  3.7552  2.2330 11.7694
792 840  4.1245  7.2448 16.6913
816 840  2.5905  7.7191 14.5046
840 840  4.0050  7.9882 14.6320
864 840  3.2429  7.1974 14.4256
888 840  3.5177  7.2693 13.2026
912 840  2.9304  5.2375 15.3834
936 840  2.8516  5.5244 16.1763
960 840  0.2005  0.7564 16.2529
984 840  0.4566  0.0030  7.9421
 24 864 -0.0003 -0.0014 12.0416
 48 864 -3.4864 -6.7869 16.2916
 72 864 -2.8667 -5.9448 14.9316
 96 864 -5.4071 -4.2832 14.1407
120 864 -4.3963 -6.6245 15.6793
144 864 -5.8518 -8.3842 13.0854
168 864 -8.1602 -9.7968 13.7630
192 864 -3.7845 -11.2625 15.9146
216 864 -2.4789 -9.8978 16.8106
240 864 -0.0560 -6.7730 12.4146
264 864 -0.8782 -5.2196 11.5998
288 864  0.2583 -5.0138 13.0836
312 864  5.7232 -3.9812 10.1677
336 864  7.4193 -3.7485 15.8678
360 864  6.7578 -3.9422 10.5408
384 864 -10.2502  2.2116 13.3123
408 864 21.8380 -10.0168 10.7403
432 864  4.9083  3.9007 14.0015
456 864  5.5035  5.6184 21.2335
480 864  5.6396  5.9250 19.6097
504 864  6.0133  3.8534 12.7645
528 864  8.7533  2.8880 12.1187
552 864  7.7612 -2.0683 11.9837
576 864  6.9389 -3.6789 11.1769
600 864  7.6723 13.6092  7.8058
624 864  8.8691 20.9174  9.3295
648 864  5.8160  3.9751 11.6198
672 864  5.9572  3.7659 17.1964
696 864  6.6126  4.1243 17.4620
720 864  2.8457  3.9162 16.8958
744 864  2.6343  2.6473 20.5621
768 864  0.2608  3.9343 10.5015
792 864  4.0786  9.1263 11.0829
816 864  6.7895  9.2037 13.1365
840 864  7.1582  9.1947 17.6213
864 864  5.0788  8.1261 12.7997
888 864  4.0214  7.2257 14.0611
912 864  4.1335  6.8703 14.7833
936 864  2.5560  5.3021 14.0439
960 864  3.1001  1.4697 14.6549
984 864  0.4391  0.0118  8.0646
 24 888 -0.0278  0.0019 12.1546
 48 888 -4.1666 -2.2246 14.6388
 72 888 -5.3316 -4.0855 17.1215
 96 888 -5.8027 -3.0401 21.0181
120 888 -5.9354 -2.7213 13.2177
144 888  2.7541  9.1480  9.3259
168 888 -4.1408 -4.7657  9.6860
192 888 -3.1723 -4.0897 10.3483
216 888 -6.2368 -5.0307 10.6451
240 888 -4.8845 -6.9754 12.6749
264 888 -1.1613 -6.2003 12.5038
288 888 -0.9455 -6.9916 15.5972
312 888 -1.3768 -6.8368 12.5272
336 888  7.6058 -3.0547 14.3048
360 888  6.2777 -0.2899 10.8604
384 888 -9.7533  2.6410  9.9658
408 888 -18.4453 -4.0418 10.1162
432 888  4.6661  2.7321 14.3170
456 888  5.3456  4.9815 20.7065
480 888  5.2004  5.3413 18.3829
504 888  5.0261  5.4753 12.9222
528 888  8.0122  2.9035 14.0118
552 888  7.2339 -3.1871 14.2928
576 888  7.7722 -3.7279 20.6772
600 888 31.8029  2.1643  8.3195
624 888 -20.0953 23.4235 10.0523
648 888  5.8592  5.0452  9.9282
672 888  3.8219  3.4937 14.3564
696 888  7.1527  5.7788 13.5078
720 888  3.7324  8.7410 13.0955
744 888  1.0291  0.2049 14.3412
768 888 -1.6661  9.9242 12.8839
792 888 -0.2114  8.8468 14.1441
816 888  6.0051  8.7231 12.4112
840 888  6.9057  9.1995 15.0098
864 888  7.8481  0.9635  9.7191
888 888  6.6788 10.1147 10.4549
912 888  4.1438  6.0474 14.8548
936 888  3.8180  4.3301 14.9600
960 888  4.0536  3.9965 13.8272
984 888  0.4336 -0.0332  8.0811
 24 912 -0.0258 -0.0122 12.4401
 48 912 -4.3198 -2.8600 19.9566
 72 912 -5.7720 -4.6367 19.0486
 96 912 -5.7805 -2.7573 18.8885
120 912 -5.8618 -3.0362 14.1192
144 912 -7.9183 -4.2309 10.3840
168 912 -6.6716 -3.4244 14.8248
192 912 -6.1479 -2.7893 20.2494
216 912 -5.6397 -3.1827 13.6100
240 912 -4.2694 -7.1200 15.9149
264 912 -4.9079 -5.1910 15.8126
288 912 -3.4806 -5.6747 14.7859
312 912 -4.6631 -7.2735 10.7076
336 912  9.7432 -0.8329 15.5248
360 912 10.3057  0.0238 20.7906
384 912  9.8052 -0.1214 14.4021
408 912  0.0211 -9.7794  8.9689
432 912  2.0094  1.7819  9.6653
456 912  1.8699  7.3351 11.0616
480 912  1.2253  7.8690 11.6371
504 912  4.1858  5.6494 10.9716
528 912  7.8321  3.1410 14.5063
552 912  7.0638 -4.1191 10.2040
576 912 -1.2761  8.1910 10.9620
600 912 14.6031 -24.3382 14.1415
624 912 -22.8395 -28.9494  7.8365
648 912  4.8492  9.3793 13.3399
672 912  3.2422  7.8494 13.3170
696 912  3.9738  8.9242 16.3109
720 912  4.1417  8.8042 14.7376
744 912  2.2826  0.4321 13.4075
768 912 -0.1078 13.7349 10.5365
792 912  2.6365 11.1728 12.3942
816 912  4.8854  8.0741 14.0018
840 912  5.2396  8.0608 16.1025
864 912  6.3461  5.8758 10.3986
888 912  7.0371  8.0701 12.1700
912 912  6.5095  5.1050 12.4713
936 912  3.8778  3.9758 14.7219
960 912  3.2821  2.9695 12.4345
984 912  3.5873  0.1240  8.4045
 24 936 -0.0143  0.0096 12.5030
 48 936 -5.4101 -4.1865 15.9463
 72 936 -5.6899 -4.9639 13.2209
 96 936 -4.8520  2.2425 10.4339
120 936 -6.9096  0.4184 13.0759
144 936 -2.4468  0.7479 17.0524
168 936 -2.1940  0.3646 17.3256
192 936 -5.2670 -2.8219 19.7042
216 936 -5.1425 -3.1495 16.5445
240 936 -6.5242 -4.1427 11.7707
264 936 -7.0187 -5.2036 18.4212
288 936 -5.7819 -6.2355 15.4770
312 936  4.8148 -2.3658 10.7603
336 936  9.0521 -1.7704 16.5413
360 936 10.4196 -0.5243 16.4496
384 936  8.9942  1.6657 11.6956
408 936  8.8969  3.2331 12.0612
432 936  1.2513  9.2257 13.3922
456 936  0.9094  9.0726 18.4309
480 936  0.2624  8.6425 13.2103
504 936  4.0374  5.6586 13.3707
528 936  3.9325  5.4539 17.1308
552 936  4.1023  3.5416 12.9513
576 936  0.4004  9.6153 12.2057
600 936 -0.4389  9.4298 11.5647
624 936  0.2050  5.6301 16.3732
648 936  1.3388  5.7559 14.9975
672 936 -0.0987  1.7076 12.5321
696 936  3.0853  7.9561 15.8122
720 936  5.2915  8.2622 13.4529
744 936  3.6139  0.9851 15.4826
768 936  3.0189  0.7589 12.4370
792 936  4.8839 11.7707 10.2834
816 936  6.7194  9.8604  6.9543
840 936 12.3321  1.7275 10.0176
864 936  0.1993  9.1749  8.6988
888 936 10.0200  8.1558 12.3132
912 936  6.7511  6.7619  8.2296
936 936  7.0339  3.8181 24.2828
960 936  5.0392  4.3195 13.9481
984 936  3.5748  0.0289  8.5537
 24 960 -0.0200  0.0231 12.5386
 48 960 -5.2233 -4.6702 12.1542
 72 960 -7.8764 -0.1249  9.9671
 96 960 -8.1856  0.3548 14.7647
120 960 -7.3906  0.1912 14.0177
144 960 -2.4779  1.2442 20.4585
168 960 -2.4900  0.9496 25.2948
192 960 -3.8005  0.5624 11.7681
216 960 -9.6848 -3.0925 17.1246
240 960 -8.3385 -1.4905 13.8803
264 960 -9.0645 -5.1487 16.5955
288 960 -8.2165 -6.1987 10.4654
312 960 -0.4212 -4.0597 21.2097
336 960 -0.9560 -3.4169 17.0718
360 960  6.9821 -1.8339 11.6261
384 960  7.1943  0.6019 12.7059
408 960  8.5928  3.1664 13.6963
432 960  2.6440  9.1196 13.3024
456 960  3.8166  8.9466 14.1361
480 960  5.1172  5.0734 14.3952
504 960  5.6525  5.0538 16.1871
528 960  4.4782  3.6262 14.9339
552 960  4.9997  2.1386 16.8638
576 960 -0.1454 -8.1831 16.1779
600 960  0.0989 -8.4891 17.9545
624 960  0.2877  5.6112 16.5705
648 960  0.8383  5.7919 15.4152
672 960  0.9410  0.1539 13.9465
696 960  1.8047 -0.4307  9.8317
720 960  5.4867  8.0315 16.4538
744 960  5.7550  7.6125 16.0410
768 960  4.5273  2.0437 20.9934
792 960  6.8372  7.5595  9.5782
816 960 16.0005 13.9583  8.0574
840 960 12.1414  1.2698 11.7307
864 960 -24.0177 -13.1093 12.5258
888 960  3.2902 13.1948 10.3685
912 960 -18.9042 25.0884 15.3433
936 960  7.3203  3.8950 21.2575
960 960  5.7823  4.1718 16.4161
984 960  1.7727 -0.0135  8.4590
 24 984 -0.0064  0.0053 14.6286
 48 984 -0.0237  0.0076 12.5883
 72 984 -0.0264  0.0035 12.3946
 96 984 -0.0163  0.0071 12.4183
120 984  0.0094  0.0034 12.4589
144 984 -0.0109  0.0092 12.5241
168 984 -0.0017 -0.0043 12.3251
192 984  0.0054 -0.0138 12.1369
216 984 -0.0224 -0.0027 12.3125
240 984 -0.0106 -0.0148 12.1346
264 984  0.0072 -0.0189 11.8706
288 984 -0.0314  0.0040 12.2308
312 984 -0.0294  0.0033 12.2296
336 984 -0.0216 -0.0150 11.6598
360 984 -0.0108 -0.0005 12.0845
384 984  0.0113  0.0247 12.6167
408 984 -0.0415  0.0122 12.5786
432 984 -0.0139 -0.0139 12.0002
456 984  0.0377 -0.0107 12.0425
480 984 -0.0016  0.0054 12.1592
504 984 -0.0097  0.0139 12.3698
528 984  0.0312  0.0134 12.6722
552 984  0.0094  0.0074 12.3202
576 984 -0.0087  0.0095 12.3277
600 984  0.0122  0.0135 12.6695
624 984  0.0499 -0.0055 12.1065
648 984  0.0451 -0.0175 11.5863
672 984  0.0077 -0.0253 11.7964
696 984  0.0220 -0.0350 11.9764
720 984  0.0513 -0.0064 12.2105
744 984  0.0720  0.0122 12.2733
768 984  0.0293  0.0147 12.4041
792 984  0.0058  0.0256 12.8455
816 984 -0.0212  0.0194 12.6469
840 984 -0.0235  0.0013 12.4822
864 984 -0.0202 -0.0298 11.8683
888 984 -0.0260 -0.0371 11.6178
912 984  0.0644  0.0036 12.3468
936 984  0.0189 -0.0017 12.2695
960 984  0.0412 -0.0316 11.7736
984 984  3.5067 -0.0243 12.1591
