 24  24  0.0127 -0.7303 13.7266
 48  24 -0.0009 -0.8136  9.9094
 72  24 -0.0005 -0.6509  9.9066
 96  24  0.0122 -0.6547 10.3788
120  24  0.0011 -0.6871 10.3561
144  24 -0.0589 -0.7107 10.3013
168  24 -0.0038 -0.7367 10.3506
192  24 -0.0072 -0.8614 10.9616
216  24 -0.0295 -0.8780 11.0567
240  24 -0.0609 -0.8059 10.9007
264  24 -0.0231 -0.8870 10.8127
288  24 -0.0033 -0.8010 10.6695
312  24 -0.0146 -0.8460 10.8436
336  24  0.0590 -0.8228 10.4773
360  24  0.0522 -0.6073  9.9889
384  24  0.0005 -0.4773  9.9156
408  24 -0.0083 -0.4579  9.5853
432  24 -0.0127 -0.7883 10.0710
456  24 -0.0041 -0.8769 10.8773
480  24 -0.0439 -0.8286 11.0530
504  24 -0.0254 -0.7726 10.7436
528  24  0.0003 -0.7856 10.6642
552  24 -0.0334 -0.8041 10.5648
576  24 -0.1698 -0.6450 10.4923
600  24 -0.0873 -0.6927 10.8632
624  24  0.0037 -0.7276 10.7431
648  24  0.0073 -0.6947 10.4290
672  24  0.0364 -0.7150 10.3832
696  24  0.0100 -0.7296 10.6191
720  24 -0.0039 -0.7885 10.4872
744  24  0.0243 -0.8311 10.2791
768  24  0.0094 -0.8889 10.6524
792  24  0.0548 -0.9432 11.0081
816  24  0.0220 -0.7333 10.6606
840  24 -0.0314 -0.4749  9.9166
864  24 -0.0193 -0.5142 10.0132
888  24 -0.0276 -0.7600 10.5402
912  24 -0.0375 -0.7742 10.5202
936  24  0.0060 -0.6777 10.5013
960  24 -0.0041 -0.8279 10.6137
984  24  4.7788 -0.7447 10.8294
 24  48 -0.0027 -0.0234 12.3613
 48  48 -11.9732  4.6520 10.1955
 72  48 -5.0385 11.0141 11.5113
 96  48 -0.2131 12.4838 10.6088
120  48 -0.2325 11.1253 13.6669
144  48 -1.6861  9.6118 13.4056
168  48 -0.9900  4.8313 15.5700
192  48 -0.7094  4.3863 17.0461
216  48 -1.7417  1.6297 22.2540
240  48 -2.8136  0.6258 21.4299
264  48 -3.5864 -1.7901 22.4429
288  48 -0.2348  0.7719 18.2352
312  48 -0.2534  1.1204 21.2386
336  48 -0.1647  1.6214 17.6185
360  48  0.2038  0.7864 17.3499
384  48  0.5840  2.0394 18.6589
408  48  0.3687  2.3131 21.6852
432  48  0.0781  2.5231 20.3610
456  48  0.1085  3.9788 16.5109
480  48 -0.4225  4.6922 19.9755
504  48 -1.3347  4.3248 16.5750
528  48 -1.8957  4.6456 16.9117
552  48 -3.1756  3.9451 16.8749
576  48 -3.8603  0.4149 16.0785
600  48 -2.3529  1.0981 15.9597
624  48 -0.5403  1.9486 16.7446
648  48 -0.1735  0.9724 19.1149
672  48  0.1209  0.8093 15.6836
696  48  1.7435  1.0663 14.4256
720  48  2.9579  0.6194 15.1182
744  48  6.2910 -0.2943 11.6338
768  48  5.6908 -1.8441 14.5624
792  48  4.2341 -1.3250 10.5279
816  48  3.1674 -0.4774 12.2026
840  48 -2.9448  0.5304 11.7191
864  48 -5.6757  0.2176 14.5698
888  48 -8.7997  0.1539 11.9204
912  48 -12.2128  3.4769 12.2832
936  48 -8.4178  1.8755 11.5837
960  48 -6.0721 -1.8285 13.4391
984  48  4.6668  0.0212  7.5045
 24  72 -0.0168 -0.0322 12.7173
 48  72 -11.2099  4.0290 10.9283
 72  72 -7.6209  7.9181 12.0544
 96  72 -3.9671  9.2240  9.2363
120  72 -6.6067 11.3384 12.5719
144  72 -6.1186 11.3339 10.8548
168  72 -0.8575  4.8161 16.4507
192  72 -2.9037  3.6030 13.9032
216  72 -1.9946  1.7467 18.1563
240  72 -3.5861 -0.0226 18.3189
264  72 -3.2684 -1.2531 18.2035
288  72 -1.2681 -0.0229 18.0085
312  72 -0.9705  0.8795 21.5812
336  72 -0.3603  1.0741 18.5845
360  72 -0.1343  0.9615 18.8800
384  72 -0.1987  3.2000 21.8591
408  72 -0.1097  2.9226 24.0031
432  72 -0.0782  2.2424 20.1864
456  72  0.3526  4.3612 15.3485
480  72 -0.4930  4.6313 17.7522
504  72 -1.3136  4.7449 16.2136
528  72 -1.1649  4.4830 17.0133
552  72 -2.6901  4.6357 13.2531
576  72 -3.8036  0.1461 11.5338
600  72 -4.5877  2.6017 14.7435
624  72 -1.1975  1.9033 20.5292
648  72 -0.2901  1.2483 16.0377
672  72  0.3344  0.2286 17.3806
696  72  1.2756  1.8300 14.3063
720  72  3.1915  1.7838 14.7562
744  72  4.7960  0.1214 15.5062
768  72  4.2447 -1.2069 13.7704
792  72  1.4494  1.5441 11.5460
816  72  0.1013  0.3400 14.2408
840  72 -5.1021  2.0976 13.9623
864  72 -11.5053  1.0758 14.2311
888  72 -13.0978  1.9435 11.2001
912  72 -13.2775  0.9104 15.7714
936  72 -12.1616  0.5407 11.2450
960  72 -6.3727 -3.9403 13.0687
984  72  4.5910  0.0686  7.3405
 24  96 -0.0123  0.0189 12.5941
 48  96 -7.0230  2.1835 17.3183
 72  96 -5.9481  5.0508 17.5873
 96  96 -4.4780  4.9767 11.8188
120  96  0.0571  1.7820 12.3059
144  96 -1.5770  4.3342 14.1802
168  96 -1.0141  4.8980 13.9470
192  96 -4.4028  2.4062 13.3466
216  96 -1.7642  0.5679 14.9604
240  96 -0.4778  0.1067 19.0783
264  96 -2.0789 -0.8612 15.9442
288  96 -1.1851 -0.3542 15.8481
312  96 -0.8536  0.7816 19.2770
336  96 -0.3101  0.7041 14.9189
360  96 -0.2630  0.8492 19.8190
384  96 -1.2214  3.2367 17.3632
408  96 -0.8730  3.1284 16.4052
432  96 -1.5507  2.2000 21.1608
456  96  0.3637  3.9761 17.4158
480  96 -0.3972  4.2832 19.0826
504  96 -0.6273  4.8512 17.5538
528  96 -0.6267  5.2279 14.3809
552  96 -1.7020  6.0194 12.9452
576  96 -5.2623  3.2279  9.9203
600  96 -4.8522  2.0370 10.0941
624  96 -1.5387  2.2320 16.9568
648  96 -0.0644  2.6168 21.4399
672  96  0.9273  2.4716 21.4349
696  96  1.2863  2.2528 15.6420
720  96  2.6215  2.2071 13.2756
744  96  3.1174  1.5939 15.1681
768  96  2.9415  0.2054 12.8137
792  96  0.1920  1.0382 13.6941
816  96 -0.2833  0.0188 14.8031
840  96 -5.9453  1.2086 11.2806
864  96 -11.6156  1.5298 13.7065
888  96 -10.0549 -0.1646 12.9026
912  96 -9.1681 -1.4575 12.2877
936  96 -7.9115 -4.7058 11.5830
960  96 -9.1762 -4.0549 10.6700
984  96  4.8372 -0.0225  7.6935
 24 120 -0.0085 -0.0149 12.2581
 48 120 -6.8729  1.8012  9.6475
 72 120 10.4472 36.6768  6.5239
 96 120 -14.3163 15.1240 10.6414
120 120  6.1587  1.9673 12.7589
144 120 -3.3866  3.8629 14.2110
168 120 -5.8597 -0.6181 16.2535
192 120 -6.9120 -0.7048 18.2674
216 120 -1.9818  0.2212 14.5469
240 120 -2.1114  0.0826 14.5313
264 120 -0.4002 -0.8178 14.7491
288 120 -2.0410 -0.5724 16.6979
312 120 -0.8117  0.5487 12.9604
336 120 -1.6386 -0.1296 14.5155
360 120 -1.5067  0.1667 20.1442
384 120 -1.6860  0.9835 16.9681
408 120 -1.7833  1.4769 17.0620
432 120 -1.8867  0.4394 18.8112
456 120 -0.7303  4.7909 18.0906
480 120 -0.4842  4.2805 18.0795
504 120 -0.2601  4.5440 16.3038
528 120  0.2845  6.6566 17.0890
552 120  0.3473  6.2517 15.2336
576 120  0.1254  5.1867 13.2986
600 120 -1.0349  2.9746 13.0187
624 120 -1.8998  2.0397 13.8736
648 120  0.0904  4.9791 15.2076
672 120 -0.0401  4.6562 15.4756
696 120  0.2590  2.6033 16.1177
720 120  0.6600  1.3388 17.8444
744 120  1.2031  0.6463 17.0468
768 120  0.7478 -0.0337 19.6429
792 120  0.2086  0.9614 17.4488
816 120 -3.8964  1.6729 12.4670
840 120 -4.7097  1.0860 15.6588
864 120 -6.4075  0.5601 14.4840
888 120 -8.2763 -0.7824 16.3281
912 120 -8.8298 -1.3593 14.9904
936 120 -8.1677 -2.2792 10.8176
960 120 -8.1311 -1.7958 11.5817
984 120  4.8455 -0.0149  7.7898
 24 144 -0.0064  0.0138 12.0170
 48 144  3.8472  2.4774 14.1938
 72 144 36.5782  0.2969  9.3085
 96 144 -13.9016 14.1040 10.7626
120 144  8.6957 -8.6966 11.5076
144 144 -5.0457 -1.4502 16.2594
168 144 -6.1282 -0.8028 16.7901
192 144 -8.1168 -1.8355 18.4117
216 144 -4.1085 -0.1323 16.4035
240 144 -5.0446  1.0041 19.7564
264 144 -5.0480  0.7105 15.5140
288 144 -7.8835 -1.7869 15.0796
312 144 -7.2478 -1.1219 14.4900
336 144 -4.7493 -0.4698 12.9287
360 144 -4.1684 -0.0301 16.8182
384 144 -3.9308 -0.1096 17.3060
408 144 -2.0559 -0.0569 21.7203
432 144 -1.9806  0.0459 19.0849
456 144 -1.5281  2.1666 16.0558
480 144 -0.0809  3.3556 18.5104
504 144  0.6207  3.5622 17.3450
528 144  2.6704  6.1280 13.6507
552 144  2.8030  7.2453 12.2339
576 144  2.0239  5.7907 11.8754
600 144  0.3298  5.0967 10.9153
624 144 -3.4527  0.4943 12.6532
648 144  0.5354  4.9738 11.7054
672 144  0.1910  4.9829 17.3758
696 144 -0.7421  3.0575 15.9706
720 144 -0.3020  0.9501 13.4868
744 144 -0.4323 -0.3365 15.0440
768 144  0.1638  0.4548 17.6100
792 144  0.8483  1.7645 20.4336
816 144 -0.0435  0.9547 14.7343
840 144 -1.8505  0.3343 14.6709
864 144 -3.8630  1.0407 14.4342
888 144 -6.8332 -0.4627 12.2124
912 144 -6.8681 -2.0302 11.6392
936 144 -6.2545 -4.9653 12.8493
960 144 -6.7754 -5.8742 16.3087
984 144  4.8250  0.0301  7.8336
 24 168  0.0070 -0.0006 12.0114
 48 168  5.4204  1.8436 13.7090
 72 168  4.0803  1.2014  8.4147
 96 168 -14.9397  7.1010  7.4995
120 168 -3.8215 -0.1356 13.3178
144 168 -5.0176 -1.1645 16.1977
168 168 -7.1035 -1.9730 16.1862
192 168 -7.8911 -2.4110 20.3543
216 168 -3.8036 -0.1804 12.8570
240 168 -4.1820  0.7566 19.3056
264 168 -4.1819  0.7217 16.5304
288 168 -3.4599  0.0886 11.8949
312 168 -8.0705 -0.9680 19.1133
336 168 -5.5912 -0.5864 16.8815
360 168 -4.2477  0.1772 14.7235
384 168 -4.0722 -1.9943 13.3845
408 168 -3.1040 -1.2502 17.0050
432 168 -3.1143 -0.7669 19.5170
456 168 -0.2775  2.9187 16.4159
480 168 -0.9353  2.3348 19.0953
504 168 -0.3621  2.9443 16.3242
528 168  1.3477  3.7643 16.4153
552 168  2.9627  4.7842 14.8679
576 168  2.5639  5.9524 13.0774
600 168  4.7926  6.7293 16.5723
624 168  1.9893  2.1880 11.1170
648 168  3.0270  4.9546 11.6603
672 168  1.2594  5.6682 14.0703
696 168 -0.3832  3.4071 15.4844
720 168 -0.3160 -1.3962 12.1383
744 168 -0.4986 -0.4289 13.8499
768 168 -0.5438  0.9970 19.5978
792 168 -0.4510 -0.2907 18.9116
816 168 -1.5477 -0.2586 16.6823
840 168 -1.2420  0.2624 16.7515
864 168 -2.8214  0.3544 17.4894
888 168 -3.1955  0.0350 11.4126
912 168 -4.2299 -3.3961 12.0938
936 168 -1.6127 -8.3319 11.8192
960 168 -0.2978 -7.7887 16.5998
984 168  4.8933 -0.0685  7.9394
 24 192 -0.0037  0.0531 12.3330
 48 192 -0.7352 -0.8261 14.1465
 72 192 -0.1497 -2.0029 18.3636
 96 192 -1.0634 -2.2712 20.9774
120 192 -4.0943 -0.0178 13.9324
144 192 -6.5420  0.3493 19.3953
168 192 -7.0883  0.1627 15.1615
192 192 -7.8248  0.0123 15.1820
216 192 -8.8673 -0.2966 13.2050
240 192 -4.1391  0.5058 15.3225
264 192 -2.2795  0.6215 15.6415
288 192 -1.7473  1.7603 16.3588
312 192 -3.4825  1.0621 10.2864
336 192 -5.9548 -0.4061 20.7707
360 192 -6.6764 -0.3339 18.4247
384 192 -6.4494 -1.5941 14.7558
408 192 -6.9702 -2.3315 16.9440
432 192 -5.9701 -0.9875 16.4540
456 192 -3.4129 -1.0224 16.7475
480 192 -2.0979 -0.1542 16.7126
504 192 -1.2519  1.7020 14.3405
528 192  0.2250  2.7791 14.2904
552 192  1.9675  4.0769 14.7346
576 192  3.1726  5.1045 11.9826
600 192  5.9609  7.3210 13.7676
624 192  4.7381  6.2839 11.3969
648 192  4.5805  2.9522 12.0696
672 192  4.1218  3.1446 14.8781
696 192  3.1115  5.0443 10.9216
720 192 -6.5925 -17.9305  6.0984
744 192  0.1512  0.1984  9.0400
768 192  0.0505  0.3005 16.9423
792 192 -0.3254 -1.3179 17.0747
816 192 -1.9007 -0.6227 17.0671
840 192 -2.5364 -0.5322 18.4305
864 192 -2.9647  0.0693 14.5052
888 192 -2.8166  0.3316 13.1651
912 192 -3.9294 -0.8941 11.5417
936 192 -6.8485 -9.9910 12.7781
960 192 -2.6415 -8.7930 13.6246
984 192  4.7521 -0.0349  7.4629
 24 216 -0.0003  0.0561 12.1440
 48 216 -2.4094  0.2303 18.0954
 72 216 -1.2003 -2.9407 13.2085
 96 216 -2.0661 -2.6986 12.0220
120 216 -6.4258  0.9266 18.7335
144 216 -6.1515  0.3444 18.5328
168 216 -7.3571  0.8707 17.8108
192 216 -8.9896 -0.1956 15.8273
216 216 -9.1825 -0.9949 18.1932
240 216 -7.3662 -0.3249 17.1413
264 216 -6.9913 -0.5051 13.7144
288 216 -6.8119 -0.3470 12.7382
312 216 -6.9158 -0.0152 14.4595
336 216 -4.8109  1.0549 16.5592
360 216 -5.2029  0.8439 18.3278
384 216 -8.7840 -1.9474 13.2314
408 216 -9.1569 -1.8954 18.5947
432 216 -8.1986 -1.8638 11.0476
456 216 -5.2099 -3.0092 13.7658
480 216 -2.8272 -1.0698 13.3513
504 216 -1.4203  1.3435 15.3151
528 216 -0.2805  2.1074 13.0400
552 216  1.5582  3.2879 16.2274
576 216  1.9447  3.0730 14.0427
600 216  4.1186  6.1752 12.1959
624 216  5.2172  6.4627 10.6435
648 216  5.3554  2.8620 18.4128
672 216  4.8534  2.9650 16.7357
696 216  6.1218  4.4048 11.4528
720 216 -6.8635 -18.3700  6.3184
744 216  4.1561 23.2089  6.4487
768 216  1.1032 -0.4474 15.3713
792 216  1.4922 -0.7748 16.8293
816 216 -0.1936 -0.9227 17.8649
840 216 -1.0449 -1.7551 19.1296
864 216 -1.7895 -0.9002 14.2818
888 216 -1.3722  1.8190 16.7575
912 216 -2.2568 -0.3497 16.3405
936 216 -3.9687 -1.2270 15.8898
960 216 -4.8459 -3.3589 11.9581
984 216  0.4837 -0.0726  7.0926
 24 240 -0.0051  0.0231 12.2368
 48 240 -2.7167 -0.1241 21.1025
 72 240 -2.1760 -0.0484 20.1686
 96 240 -5.0230 -0.8284 14.9202
120 240 -6.9409  0.9864 14.8632
144 240 -5.4353 -0.4912 13.3189
168 240 -5.2428  0.0559 18.6939
192 240 -6.1105  1.4699 14.8878
216 240 -10.1745 -0.1878 16.7243
240 240 -9.8905 -0.1196 15.8865
264 240 -8.3630 -0.2612 18.9010
288 240 -8.7009 -0.2329 18.3806
312 240 -8.5407 -0.5445 17.6079
336 240 -12.5639 -2.0275 12.8482
360 240 -8.1848  0.0292 14.9196
384 240 -9.7913  0.7938 11.1344
408 240 -11.0636 -0.8822 23.4040
432 240 -9.8097 -1.6867 17.2679
456 240 -6.1190 -3.4983 13.3738
480 240 -2.4904  0.0618 11.7254
504 240 -1.1643  1.1273 15.1901
528 240 -0.6750  1.0003 17.8976
552 240  1.7085  2.6207 19.0943
576 240  1.8937  2.7131 14.6587
600 240  2.3721  3.7328 15.3963
624 240  3.8809  4.0881 12.8971
648 240  5.6887  2.3863 15.6043
672 240  4.9422  2.7645 10.4636
696 240  3.0567  2.3714 11.2869
720 240  2.2074  4.1260 11.4815
744 240  2.1844 -0.1632 11.9206
768 240  3.7565 -0.7916 17.6136
792 240  3.4064 -0.7399 18.3840
816 240  1.7372 -0.6226 14.1324
840 240 -0.0526 -1.2583 17.6630
864 240  0.2175 -0.9006 13.3863
888 240 -1.2812  3.1114 19.3924
912 240 -1.9717  1.8806 16.5529
936 240 -4.2435 -1.1219 17.4312
960 240 -3.8672 -2.3816 18.1307
984 240  4.7949  0.0389  7.4406
 24 264 -0.0207  0.0103 12.6609
 48 264 -2.6960 -0.5573 23.6921
 72 264 -2.6759 -0.8848 22.2413
 96 264 -0.0499 -2.8804 14.6135
120 264 -0.8299 -3.0076 14.4363
144 264 -3.3513 -1.7541 16.7179
168 264 -4.7799 -1.0892 20.1476
192 264 -4.1057  1.8001 14.8720
216 264 -11.1560  0.4943 13.3642
240 264 -8.9668  0.8862 13.9434
264 264 -7.6911 -0.5221 16.1183
288 264 -8.0044 -0.5967 13.0618
312 264 -8.2284 -0.6036 13.7327
336 264 -11.9060 -0.9752 15.6578
360 264 -11.7177 -0.5755 19.0545
384 264 -9.5437  1.0023  8.9862
408 264 -10.0885 -0.1331 16.3983
432 264 -9.5053 -1.6587 15.2861
456 264 -6.8605 -3.8185 15.1180
480 264 -5.9273 -3.2791 14.1703
504 264 -3.9599 -1.8231 13.0728
528 264 -0.0917 -0.2990 18.7480
552 264  0.3501 -0.2587 17.4159
576 264  1.6657  1.0786 14.3768
600 264  2.4218  2.5787 16.7665
624 264  3.3858  3.2550 14.7122
648 264  3.1250  3.2708 15.7860
672 264  1.7771  3.2590 16.7246
696 264  1.7754  4.2520 12.3282
720 264  2.6567  3.8997 10.4424
744 264  3.7824  0.2841 13.4385
768 264  4.3330 -0.3535 16.2609
792 264  3.6223 -0.3557 18.8468
816 264 -0.0874 -0.3963 12.6686
840 264 -0.3289 -1.0644 14.2158
864 264 -0.0174 -0.7747 14.0738
888 264 -1.4854  3.0511 19.9848
912 264 -1.9667  2.8286 17.3816
936 264 -2.3073  0.1864 16.6878
960 264 -2.1655 -0.3070 14.5813
984 264  4.8611  0.0327  7.9808
 24 288 -0.0334 -0.0113 13.0697
 48 288 -2.7655 -0.7219 15.6527
 72 288  6.9837 -6.0834 14.4450
 96 288 -3.8435 -6.0127 10.1125
120 288 -2.2993 -3.5986 20.8690
144 288 -1.2787 -3.1516 18.9072
168 288 -0.1175 -2.4627 13.1916
192 288  3.6279 -1.1085 12.1020
216 288 -9.7397 -3.9428  9.3863
240 288 -8.6691  0.3512 10.8094
264 288 -8.0220 -0.2940 16.8345
288 288 -6.2049  0.0768 16.6217
312 288 -5.7699 -1.6660 12.0367
336 288 -11.3658  0.2359 12.9089
360 288 -13.5652  1.7954 16.7526
384 288 -10.2218  0.3305 12.7041
408 288 -8.8505  0.0142 16.1397
432 288 -8.3162 -1.7059 10.2960
456 288 -5.5869 -4.1621  9.8619
480 288 -2.3937 -2.7185 10.7365
504 288 -1.8979 -2.8692 16.9382
528 288 -0.9469 -1.6107 14.0564
552 288 -0.0733 -0.3700 17.6185
576 288  0.1259  0.2386 19.5543
600 288 -0.1459  0.8302 16.1503
624 288 -0.6666  1.1301 17.0644
648 288 -0.2569  2.3554 17.7888
672 288  0.9086  3.1532 15.8602
696 288  0.9908  2.9224 11.7981
720 288  4.2911  2.1363 10.8913
744 288  5.8122  0.1345 12.4347
768 288  1.3348 -0.2391 12.3565
792 288  1.3917 -0.5662 16.4025
816 288 -3.5303 -0.5937 12.6119
840 288 -4.0179 -0.3198 17.3987
864 288 -4.2440  0.0380 14.2465
888 288 -4.0020  3.7708 15.9952
912 288 -3.3805  3.7313 13.6228
936 288 -2.2403  0.2028 12.7178
960 288 -3.1540 -0.9349 16.3875
984 288  4.8170 -0.1706  7.8887
 24 312 -0.0198 -0.0127 12.7578
 48 312  1.9077 -0.6637  9.3793
 72 312  7.1523 -6.0968 15.9228
 96 312  6.4239 -5.8634  8.7684
120 312 -2.3600 -3.7501 25.4827
144 312 -0.4498 -3.2584 21.2835
168 312  1.0973 -4.1234 13.4094
192 312  0.3157 -4.3583 11.0620
216 312 -8.6930 -4.8608 10.0212
240 312 -9.8937 -0.0673  9.6662
264 312 -9.4173 -0.4721 21.0315
288 312 -9.6670 -0.0353 21.7303
312 312 -12.7307 -0.1128 15.0313
336 312 -14.6547 -0.2886 13.1528
360 312 -12.8744  1.7826 13.9126
384 312 -11.2529  1.2554 12.2766
408 312 -9.2205  0.0202 15.8458
432 312 -4.8873 -4.1785 11.0432
456 312 -2.0488 -4.6987 12.3115
480 312 -0.1456 -1.7214 13.9347
504 312 -0.7441 -1.1325 15.1812
528 312 -2.2325 -0.7983 14.8988
552 312 -1.5732 -0.2676 15.9620
576 312 -0.9188  0.3129 17.3507
600 312 -0.3303  1.0107 14.9817
624 312 -0.4418  0.7995 16.3315
648 312 -0.6159  2.0035 17.8562
672 312  0.0804  2.6483 13.4686
696 312  1.3292  2.3351 16.2981
720 312  2.2629  1.6984 17.2373
744 312  1.7542 -0.9847 10.4263
768 312 -0.0083 -1.5964 16.4344
792 312 -0.0699 -1.7123 15.1443
816 312 -2.4078 -0.5383 11.5750
840 312 -3.5599 -0.7257 17.0585
864 312 -5.1174 -0.0254 17.1104
888 312 -4.2079  1.1172 16.2528
912 312 -0.1721  3.2584 12.9618
936 312  0.9869  3.1084 11.9134
960 312 -1.2401 -2.7023 12.3263
984 312  4.6757 -0.1951  7.4630
 24 336  0.0162  0.0179 12.2418
 48 336  9.5491 -5.9979 11.0278
 72 336  7.6449 -5.9092 14.6386
 96 336  0.1604 -6.4823 23.2509
120 336 -0.1956 -6.8438 17.3428
144 336  0.5950 -7.7337  8.4219
168 336  1.8875 -5.1867 13.1519
192 336 -2.7708 -3.0770 11.1391
216 336 -5.6109 -4.1923 13.6911
240 336 -4.7793 -4.6540 14.2665
264 336 -9.8331 -0.2710 15.5887
288 336 -10.4651 -0.0542 18.8578
312 336 -10.9661  0.3055 14.3929
336 336 -9.7664  0.5627 16.2842
360 336 -10.4495  0.5380 17.7800
384 336 -9.0907  1.4255 13.6246
408 336 -7.2134  0.4565 15.3920
432 336 -4.2815 -3.2220 14.8315
456 336 -1.9747 -2.7598 13.2862
480 336 -1.5294 -1.9418 16.9172
504 336 -0.7196 -1.3870 16.9082
528 336 -2.1525 -1.1552 15.0255
552 336 -1.1851 -0.3093 16.1159
576 336 -0.8578  0.3980 18.1753
600 336 -0.0868  0.7752 15.4898
624 336  0.0840  0.9378 15.8777
648 336 -0.1238  1.2284 15.7416
672 336  0.9754  1.2361 15.4979
696 336  2.0106  0.7041 17.7661
720 336  2.3192  1.2017 21.2341
744 336  1.0098 -0.9464 16.7135
768 336  0.6156 -1.2825 20.0241
792 336  0.0109 -0.1176 15.9516
816 336 -0.6850 -0.1745 14.8837
840 336 -2.1175 -0.4966 16.3847
864 336 -3.3901  0.9693 16.4316
888 336 -3.5963  1.1061 15.8766
912 336  0.0387  2.6358 15.3586
936 336  0.3311  1.5500 16.0536
960 336  1.0362 -0.3306 14.1779
984 336  0.4344  0.0245  7.2696
 24 360  0.0204  0.0119 11.9699
 48 360  8.8245 -5.9203  8.4530
 72 360  0.9787 -5.9468 14.1387
 96 360  0.6492 -5.5655 18.5671
120 360  0.3141 -5.8892 16.8899
144 360 -0.2483 -8.3669 11.6342
168 360  0.4097 -8.0251 17.4234
192 360  0.0684 -5.8998 15.4393
216 360 -3.6969 -4.3370 13.9331
240 360 -3.3756 -4.2426 17.1339
264 360 -9.9090  0.5700  7.8477
288 360 -10.0734 -0.1713 17.3122
312 360 -9.8890 -0.2446 15.2973
336 360 -9.8512  0.1114 18.5904
360 360 -10.0033  0.2367 20.8930
384 360 -8.9309  0.6408 14.2426
408 360 -6.0235 -0.0322 13.5669
432 360 -4.4548 -2.0050 17.2497
456 360 -1.8782 -2.1159 14.8622
480 360 -1.9166 -2.0833 18.2628
504 360 -1.2075 -1.3035 15.3955
528 360 -2.2548 -1.1703 16.6706
552 360 -0.4587 -0.2569 16.5705
576 360 -0.0417  0.3588 15.9784
600 360  0.2270  0.6764 16.8608
624 360  1.0889  0.1681 19.8667
648 360  2.2259  0.0360 15.4056
672 360  3.7632  1.0418 14.4230
696 360  2.5557 -0.0639 16.4101
720 360  0.7027 -0.4240 15.2079
744 360  2.8338  1.2678 12.2234
768 360  2.2213  0.5831 14.5093
792 360  1.9275  0.8883 17.1752
816 360  0.4958  0.2166 16.6013
840 360 -1.6199  0.1679 16.1723
864 360 -2.7234  1.3065 18.6325
888 360 -1.0329  2.9950 16.2026
912 360 -0.5676  2.9330 16.2865
936 360 -0.0623  0.8887 19.7455
960 360  0.2965  0.1049 19.4160
984 360  4.6250 -0.0598  7.5788
 24 384 -0.0049  0.0164 12.0115
 48 384  1.0231 -5.0041 17.1397
 72 384  0.0595 -4.4871 19.2182
 96 384  0.3719 -4.7637 15.3879
120 384  0.4263 -5.1138 13.6051
144 384  0.6847 -8.2842 10.7627
168 384  4.5480 -10.2994 15.8573
192 384  0.5582 -5.3591 17.3230
216 384  0.3024 -4.9295 15.3800
240 384 -0.0126 -4.4947 17.2272
264 384 34.2713 21.7690  7.2649
288 384 -15.0833 -2.2736 12.8441
312 384 -15.2374 -1.8284 13.8000
336 384 -11.5073 -0.2414  8.5643
360 384 -10.7634 -0.7487 16.7561
384 384 -10.5392 -1.9194 12.8269
408 384 -5.6930 -1.6080 12.9585
432 384 -4.8273 -1.6799 15.6839
456 384 -4.5241 -1.6369 14.6952
480 384 -3.4803 -1.6865 16.7025
504 384 -2.0068 -1.1388 13.2171
528 384 -2.6978 -1.1443 15.8862
552 384 -0.4625 -0.2262 16.0107
576 384  0.2666 -0.0486 15.1020
600 384  2.6951  0.3768 15.2914
624 384  3.3320 -0.0808 17.0168
648 384  4.3194  0.1111 13.2126
672 384  6.6458  2.6178 12.8004
696 384  5.8166  0.9011  8.3030
720 384 -0.1709 -2.0909  9.1373
744 384  1.5238 -0.7737 10.3476
768 384  2.7262  1.0520 16.7046
792 384  2.0813  1.1173 22.0621
816 384  1.4626  1.1590 19.0529
840 384  1.0592  1.7339 15.8921
864 384  0.8444  6.2331 15.9866
888 384 -0.0098  5.2665 17.9024
912 384 -0.0160  4.6248 19.8404
936 384  0.0753  1.2593 17.3109
960 384 -0.1350  0.3337 20.3210
984 384  4.7723 -0.0309  7.9856
 24 408 -0.0248 -0.0346 12.5659
 48 408  5.7453 -10.4580  9.9496
 72 408  4.3563 -10.7970 13.1511
 96 408  3.7345 -7.4851 12.8737
120 408  4.0205 -7.7627 10.7019
144 408  5.2055 -8.7166 10.5468
168 408  7.8826 -8.2229 12.9382
192 408 -0.0786 -4.2738 18.9197
216 408 -1.1095 -4.7870 16.9701
240 408 -1.8496 -5.1924 19.8314
264 408 26.1187 -10.2213  6.7554
288 408 -15.5753 -3.0832 16.1013
312 408 -16.2011 -2.8779 15.7542
336 408  7.9890 17.2682 10.2669
360 408 -9.6802 -2.0625 13.8965
384 408 -10.5385 -2.3248 14.6523
408 408 -7.2750 -3.7971 14.0321
432 408 -6.5864 -3.1104 14.8580
456 408 -5.9424 -0.9452 16.3598
480 408 -4.4082 -1.9316 13.2142
504 408 -0.4703 -1.4319 13.2946
528 408 -0.8275 -1.0595 19.3828
552 408 -0.0087 -0.6514 17.6017
576 408  0.7867 -0.4135 18.7892
600 408  2.1943 -0.6874 20.9893
624 408  3.7252 -0.4079 19.7165
648 408  4.7256 -0.5297 13.5942
672 408  8.4597  1.2800 13.7797
696 408  8.8870  1.0896 11.8047
720 408  8.0334 -0.0228 10.0670
744 408  1.5992  0.0115 13.2285
768 408  1.9414  0.0626 18.0328
792 408  1.1493  0.5180 16.8919
816 408  0.5429  1.0035 19.6043
840 408 -0.3716  1.1854 16.6616
864 408  0.3074  7.9157 15.6702
888 408  0.7314  8.0378 13.8226
912 408  0.2257  6.6587 15.1372
936 408  1.7330  3.6364 19.5309
960 408 -0.8186  0.9453 20.2974
984 408  4.7629  0.0675  7.8995
 24 432 -0.0164 -0.0333 12.7080
 48 432  5.9309 -10.2527 11.4650
 72 432  4.8173 -10.3922 10.8947
 96 432  0.9677 -7.7735 12.2195
120 432 -1.7138 -5.8256 17.3813
144 432 -0.8567 -5.3028 18.8491
168 432 -3.2761 -4.3662 14.0431
192 432 -0.3422 -4.0437 22.2445
216 432 -2.0096 -5.2494 17.2020
240 432 -2.9652 -4.9792 16.6603
264 432 -12.1586 -5.9555 10.9209
288 432 -12.1554 -3.3270 12.0091
312 432 -11.0408 -5.0255 10.3337
336 432 -10.6936 -6.1277 10.9691
360 432 -7.7720 -8.1191 12.4218
384 432 -8.8663 -1.3587 10.7587
408 432 -9.2278 -3.6392 14.9127
432 432 -8.2258 -2.9701 14.0366
456 432 -4.4925 -1.9698 12.9553
480 432 -4.6595 -3.5731 20.7685
504 432 -2.2184 -2.8792 16.3795
528 432 -0.0043 -0.7832 18.5651
552 432  0.4535 -0.5040 22.5238
576 432  1.0393 -0.5156 21.1875
600 432  1.9248 -0.8697 20.7508
624 432  3.2041 -1.0895 16.3085
648 432  3.4066 -2.3015 12.7368
672 432  4.7784 -0.9408 13.2571
696 432  7.0908  0.7072 13.4595
720 432  5.4729  0.6639 12.5913
744 432  2.5327  1.1593 18.2062
768 432  1.2458  0.5781 18.9629
792 432 -0.1717 -0.0024 19.3972
816 432 -2.1572  0.2176 21.6742
840 432 -1.7851  0.7524 16.1891
864 432  0.1842  9.6072 14.1317
888 432 -0.2058  9.3903 12.9215
912 432  0.0579  7.0917 12.5872
936 432  1.8129  4.0400 16.1319
960 432  0.1852  0.3572 15.4755
984 432  4.7812  0.0773  7.7159
 24 456 -0.0316  0.0338 12.9013
 48 456 -9.5628 24.8471  8.4008
 72 456  0.2196 -3.7156  8.9448
 96 456 -0.2322 -4.7783 12.7907
120 456 -1.7804 -5.6851 19.3515
144 456 -1.9795 -5.1404 18.0551
168 456 -2.9394 -5.6338 18.3112
192 456 -1.0218 -5.1116 15.9187
216 456 -1.6961 -5.0881 16.0756
240 456 -4.7393 -5.4290 11.8515
264 456 -3.0285 -6.5978 12.6173
288 456 -3.2187 -6.2642 10.6332
312 456 -4.4607 -8.9566  8.8150
336 456 -7.8122 -9.0638 17.3087
360 456 -7.6293 -9.0721 18.5948
384 456 -9.8286 -5.0775 11.0788
408 456 -8.7150 -2.1902 14.3618
432 456 -6.3483 -3.7891 12.4760
456 456 -4.4784 -3.7601 16.6216
480 456 -4.5553 -3.3290 19.1345
504 456 -4.0291 -3.4677 16.5275
528 456 -0.0974 -0.7158 14.9311
552 456 -0.2839 -0.1767 16.7530
576 456  0.1992  0.2853 18.1833
600 456  0.1670  0.0092 14.1462
624 456  3.4275 -2.3720 16.4423
648 456  2.2330 -2.7938 19.4911
672 456  1.3768 -2.9601 14.7317
696 456  2.0465 -0.7070 14.5434
720 456  1.2179  0.7636 12.5043
744 456  0.9115  0.9877 13.5991
768 456  0.2148 -0.2440 17.6866
792 456 -1.2013 -0.8189 15.7034
816 456 -2.0279  0.0299 18.5959
840 456 -2.2455  0.2788 16.4865
864 456 -2.4204  8.9651 13.7420
888 456 -2.5855  9.4643 14.6001
912 456  0.0442  3.3578 10.2735
936 456  2.0742  4.1424 19.1653
960 456  1.0894  2.9119 15.6758
984 456  0.4559  0.1292  7.3974
 24 480 -0.0433  0.0470 12.7588
 48 480 -4.4101 -19.3078 10.0687
 72 480 -0.5488 -0.3972  7.4509
 96 480 -1.5577 -4.0726 12.8942
120 480 -1.1918 -5.5481 17.1613
144 480 -3.0971 -5.7395 17.7793
168 480  0.0517 -6.6631 12.1620
192 480  1.3569 -8.0894 16.3938
216 480  0.1714 -6.1844 14.5248
240 480 -2.8159 -7.2633 15.0346
264 480 -2.7824 -7.5625 15.8629
288 480 -4.7894 -8.2555 15.0901
312 480 -4.8095 -9.0262 12.4979
336 480 -7.9477 -8.3230 10.4954
360 480 -6.2574 -8.9550 14.6541
384 480 -7.2927 -4.2408 12.7671
408 480 -4.9257 -2.5150 16.9286
432 480 -4.6078 -3.0494 14.8578
456 480 -3.5205 -3.9533 14.3795
480 480 -2.8210 -4.6174 13.3732
504 480 -2.1978 -2.8624 15.7646
528 480 -3.9722 -0.1806 17.9980
552 480 -1.6654  0.7122 19.6211
576 480 -1.6542  1.3171 20.3582
600 480  0.3595  0.2126 16.4017
624 480  0.4672 -1.2108 14.7060
648 480  0.5807 -1.3939 17.4076
672 480  1.8233 -1.3975 18.2898
696 480  1.7045  1.0286 12.0794
720 480  0.9741  3.7917 12.0482
744 480 -0.0574  3.0604 18.3680
768 480 -0.3933 -2.1353 13.5507
792 480 -0.2275 -2.2204 19.0175
816 480 -0.4355  0.2075 14.8013
840 480  0.5846  1.1353 17.2438
864 480 -1.9542  4.2473 11.5761
888 480 -2.0555  7.8848 14.0371
912 480  0.0412  2.6886 13.8912
936 480  1.4438  1.4955 14.4656
960 480  1.3975  2.9380 18.1819
984 480  0.4968  0.1436  7.4818
 24 504  0.0075 -0.0082 12.1206
 48 504  0.2056  1.0868  8.3728
 72 504 17.0253 16.4534  8.7181
 96 504  7.3599  7.3475  8.8269
120 504  3.6091 -7.2516 19.1983
144 504  2.0723 -12.2390 15.7403
168 504  2.8547 -10.9099 10.9079
192 504  0.1702 -6.4600  8.9991
216 504 -2.8626 -9.4072 15.1995
240 504 -2.5796 -9.2972 14.9748
264 504 -2.6897 -8.1065 12.9825
288 504 -0.2392 -11.8128 14.4431
312 504  0.4398 -11.3138 16.0977
336 504  0.1186 -10.7546 12.7090
360 504 -6.9171 -5.0962  8.8585
384 504 -6.8606 -5.0676 23.9968
408 504 -4.8384 -3.8054 18.7087
432 504 -3.5805 -3.5969 18.3427
456 504 -1.2614 -4.0197 16.3046
480 504 -0.4748 -3.1070 24.1836
504 504 -0.7337 -2.9476 17.5666
528 504 -4.9742 -0.6238 18.8807
552 504 -2.3288 -0.0419 17.0613
576 504 -0.6158  0.6733 18.4831
600 504  0.5055  0.0886 17.4333
624 504  0.3577 -0.3992 15.8122
648 504  1.3155 -1.1942 14.7539
672 504  2.2057 -1.4188 16.6800
696 504  2.1071  3.0651 11.2089
720 504  2.2529  4.6850 11.7091
744 504  1.2530  3.7489 15.6538
768 504 -0.4065 -1.9412 12.9648
792 504  0.4013 -2.8272 17.6699
816 504  1.7393  1.0093 17.6597
840 504  1.3327  1.8912 20.8850
864 504  0.5172  4.2017 14.4731
888 504  0.1921  5.4125 14.5525
912 504  0.7503  1.5406 18.7861
936 504  0.9880  0.7369 20.0675
960 504  1.0196  2.1505 13.8510
984 504  2.4406  0.0470  7.7207
 24 528  0.0207 -0.0388 11.6627
 48 528 -0.4052 -1.0686  8.2499
 72 528 11.0346  3.1758  7.8627
 96 528  7.8647  6.1519  8.5051
120 528  3.9753 -7.0701 11.1120
144 528  0.8526 -13.1888 11.0383
168 528 -5.4240 -3.4798 11.2932
192 528 -4.9536 -3.5675  9.7031
216 528  1.7796 -13.7841 12.7890
240 528  2.6963 -9.8747 11.3274
264 528  4.9764 -11.5382 16.0359
288 528  0.1576 -11.4908 10.6471
312 528 -0.8844 -11.7275 14.4668
336 528 -1.5711 -8.7661 11.9402
360 528 -1.6053 -7.9637 11.9368
384 528 -3.8274 -3.0017 14.6835
408 528 -1.8919 -3.3445 13.6490
432 528 -1.4883 -4.8154 17.0889
456 528 -1.2453 -4.8928 20.8238
480 528 -0.4562 -2.7785 25.5223
504 528 -0.7195 -1.9172 20.6208
528 528 -3.9644 -0.9999 17.3220
552 528 -2.5115 -2.2005 11.6428
576 528 -0.0155 -0.5418  8.7534
600 528  1.1625 -0.1038 13.8429
624 528  2.5965 -0.1316 14.8675
648 528  2.1430 -0.8102 16.2116
672 528  2.6982 -0.7532 16.4720
696 528  2.5342  1.4112 14.2181
720 528  1.9239  3.2208 13.1906
744 528  2.5115  2.8415 13.9854
768 528  2.1203  1.7417 11.3328
792 528  0.6771 -3.0085 14.2731
816 528  1.0542  0.1973 19.0609
840 528  0.9251  1.6524 20.5118
864 528  0.3295  4.5651 13.3369
888 528 -0.0105  5.3353 14.5156
912 528  0.9656  2.3167 18.3560
936 528  0.8021  1.7194 17.2379
960 528  0.6966  1.7953 15.9569
984 528  4.6110 -0.0068  7.8773
 24 552 -0.0025 -0.0013 11.9579
 48 552 -4.2122 -4.4518 12.3043
 72 552 -4.5417 -2.8331 16.1991
 96 552  2.0838 -12.9581  9.0107
120 552  1.7233 -13.2577 14.3620
144 552  1.2246 -13.8860 17.5537
168 552  0.9980 -14.9675 10.3410
192 552  2.3338 -11.8679  9.3915
216 552  2.0679 -11.9275 10.1483
240 552  2.5249 -9.8783 10.8094
264 552  4.8581 -10.9799 13.4269
288 552  0.1556 -8.2609 16.3769
312 552 -0.2018 -8.0224 21.2480
336 552 -0.4147 -7.8383 20.4301
360 552 -0.1202 -7.5548 17.2042
384 552  0.2365 -6.4754 17.2448
408 552  2.7197 -1.9669 15.9819
432 552  2.3257 -2.2315 15.5812
456 552  0.0121 -3.2350 14.1608
480 552 -0.9554 -1.6052 21.0840
504 552 -0.4190 -0.9772 18.2102
528 552  0.0764 -0.7213 17.1072
552 552  2.7066 -1.7644  7.9760
576 552 12.9484 10.7584  7.9656
600 552  3.2743  0.1921  6.9531
624 552  3.0041  0.2177 13.5930
648 552  2.1495  0.0730 15.9378
672 552  2.1484  0.0603 18.4421
696 552  2.4089  0.8683 16.2049
720 552  2.5632  2.8898 20.4791
744 552  2.7668  2.5582 17.8457
768 552  3.5004  1.0153 17.0709
792 552  1.4272 -0.9415 16.6541
816 552  0.6673  0.5997 18.9917
840 552  0.1603  1.4110 14.1573
864 552 -2.3780  6.3965 16.4104
888 552 -0.7047  4.0276 15.2377
912 552  0.0070  3.9110 19.0283
936 552  0.0800  2.3551 21.0362
960 552  0.0561  1.8147 17.3006
984 552  4.6484  0.0220  7.8495
 24 576  0.0207 -0.0992 11.8564
 48 576 -9.0697 -4.6252 11.1972
 72 576  0.0108 -9.2197 12.9423
 96 576  0.4057 -10.3496 12.1773
120 576  2.7520 -12.9368 10.6502
144 576  0.7978 -14.7495 10.0806
168 576 -3.3709 -12.3322 12.9886
192 576 -3.9524 -12.8078 14.8502
216 576 -4.2061 -12.3669 15.7057
240 576 -4.2577 -12.2400 18.7496
264 576 -0.8867 -8.1922 17.3603
288 576 -0.9930 -8.4066 17.9086
312 576 -0.1997 -8.2901 22.0297
336 576 -0.1481 -8.7733 20.6137
360 576  0.0757 -7.4566 15.7690
384 576  0.1209 -6.2217 14.7528
408 576  3.6329 -2.1967 16.7530
432 576  4.5426 -2.3350 18.8563
456 576  2.1131 -1.8648 14.4129
480 576 -0.5427 -0.0759 18.6421
504 576 -0.1890 -0.6969 21.1523
528 576  1.2911 -0.9913 15.0688
552 576  2.2161 -1.8504 16.8219
576 576  0.4750  0.3474  8.2104
600 576 -0.0480  2.3943 10.7393
624 576 -0.4486  2.3211 16.8499
648 576 -2.2618  1.9301 20.4615
672 576 -0.6571  3.2129 14.4722
696 576  1.9604  3.7471 21.9107
720 576  2.2598  3.6126 20.9579
744 576  3.8784  1.5866 15.7032
768 576  4.1489  1.0213 16.1939
792 576  2.5617  0.1831 15.8530
816 576  0.7116  1.4314 21.2671
840 576 -0.8486  4.2954 12.0918
864 576 -2.2346  7.0422 21.2566
888 576 -0.9050  5.7039 17.2258
912 576 -0.1974  4.3789 22.1731
936 576 -0.1634  1.8811 17.8063
960 576 -0.2179  1.0755 15.8269
984 576  4.5593  0.0430  7.5982
 24 600  0.0114 -0.0691 12.0000
 48 600  0.8621 24.0394  9.6920
 72 600  0.7225 -7.6578 15.1075
 96 600  2.9996 -7.8517 17.2340
120 600  3.0868 -10.9944 12.2487
144 600  0.0963 -9.7338 13.4066
168 600 -0.0049 -9.9825 12.6411
192 600 -0.8998 -12.7340 11.0713
216 600 -2.5627 -12.3186 11.7154
240 600 -2.3774 -12.1790 13.7484
264 600 -2.0879 -9.8746 14.9201
288 600 -1.7139 -8.8756 13.8197
312 600  4.0484 -11.5444 12.4930
336 600  4.3455 -11.5160 13.4696
360 600  3.8734 -11.7503 11.3519
384 600  5.0642 -9.4077 14.2056
408 600  4.5874 -5.5949 12.5726
432 600  3.3287 -3.2185 17.2741
456 600  2.1241 -1.3612 14.8207
480 600  0.0895  0.1578 17.4991
504 600  0.0803 -0.2861 21.1526
528 600  1.8390  0.7564 18.3315
552 600  1.1943  1.1124 20.1615
576 600  0.1818  0.9323 19.3252
600 600  0.0005  2.5046 22.4856
624 600 -0.2282  2.7080 21.6086
648 600 -0.9338  3.2912 16.0677
672 600 -1.0479  3.4639 14.6074
696 600 -0.6467  2.7883 17.6260
720 600  0.3371  2.7799 17.9301
744 600  5.4679  5.7137 16.3028
768 600  5.6823  4.8433 14.1074
792 600  3.0348  1.8170 12.6377
816 600  2.5815  2.1181 13.4223
840 600 -0.5464  7.7255 12.8456
864 600 -0.7992  7.6322 18.0993
888 600 -0.7777  5.6799 20.1139
912 600 -0.2075  5.1305 21.1488
936 600  0.4324  2.1672 16.5222
960 600  1.2309  2.3841 16.2730
984 600  4.7277  0.0513  7.9084
 24 624 -0.0035  0.0203 12.3550
 48 624 -4.2063 -11.0116 10.8648
 72 624  0.1955 14.1368  8.3552
 96 624 -4.3217 17.9705  8.1396
120 624  0.3032 -9.5561  9.2693
144 624  0.1638 -9.0751 12.5411
168 624  1.8128 -5.1544  8.5437
192 624 -0.0522 -13.8174  6.1415
216 624 -0.5783 -13.2674  9.5641
240 624 -1.7747 -13.1660 11.5008
264 624  3.6249 -13.1262 14.1363
288 624  3.7996 -12.4465 21.0806
312 624  4.0373 -11.4830 18.4238
336 624  4.2047 -11.8631 18.9451
360 624  3.8452 -11.4919 17.3102
384 624  3.1256 -9.6090 11.7445
408 624  2.8375 -5.9640 14.5413
432 624  1.6020 -3.1484 14.4173
456 624 -0.0058  1.0908 14.1309
480 624 -0.3164  1.0174 18.7158
504 624  0.4243  0.0745 23.6384
528 624  1.8800  0.9884 18.5537
552 624  2.0679  3.3984 15.7762
576 624  2.1764  4.1175 17.8934
600 624  1.7491  3.1056 16.9989
624 624  1.9992  3.1422 18.0641
648 624  2.6011  5.2525 13.0940
672 624  2.1651  5.1265 16.5858
696 624 -0.6378  2.8330 15.9311
720 624  0.7523  2.3314 14.9221
744 624  4.8891  4.9134 11.4684
768 624  6.3085  5.9780 14.6269
792 624  2.2245  7.9760  8.1566
816 624  1.0623  8.5639 15.1096
840 624  0.1697  8.7315 14.5093
864 624  0.1251  8.1532 11.8319
888 624  2.0152  5.3643 14.6939
912 624  1.8771  5.2284 17.3535
936 624  1.0550  1.2534 17.7134
960 624  0.5055  0.3410 18.0494
984 624  4.8352  0.0078  7.7621
 24 648  0.0068 -0.0014 12.2577
 48 648  4.0864 -10.7528 11.7427
 72 648 -6.6957 -13.6452 13.5076
 96 648 -8.2389 -15.7571 15.8536
120 648 35.0540  0.4729 18.3718
144 648 -30.8995 19.0629  7.0065
168 648 17.1212 -17.5900  7.1308
192 648 -2.9491  1.9411  7.6649
216 648 -7.8822 -16.7946 11.7800
240 648 -7.2692 -16.4383 13.0244
264 648  4.3844 -12.8074 15.7043
288 648  4.4863 -12.7096 16.6000
312 648  4.6962 -12.1007 12.8697
336 648  4.9562 -12.0857 11.4381
360 648  7.8613 -9.8684  8.7101
384 648  2.4098 -7.2060 10.8832
408 648  2.6598 -6.1539 15.1960
432 648 -0.1729  0.7613 14.4019
456 648 -0.1802  2.9506 18.5476
480 648  0.1466  2.7112 14.9864
504 648  2.6756  0.0844 22.6732
528 648  2.1792  1.1039 12.8328
552 648  2.7676  3.8216 17.1359
576 648  2.4053  4.3614 16.9535
600 648  1.9992  4.4800 15.2829
624 648  2.8201  5.7574 17.4134
648 648  3.6992  7.6387 20.0441
672 648  3.8140  6.3741 17.4864
696 648  4.0270  5.8676  9.5937
720 648  8.0717  4.7523 10.7374
744 648  0.0229  3.7643  9.9789
768 648  0.0590  2.6981  9.5816
792 648  1.2819  8.7021  9.4801
816 648  0.7655  8.5843 14.1007
840 648  0.1377  7.2634 14.1903
864 648 -0.0795  0.4111 19.9130
888 648 -1.9006  1.7349 25.5530
912 648 -2.0236  1.5345 22.8684
936 648 -0.5015  0.3825 17.1536
960 648 -1.1008 -0.5063 16.1077
984 648  4.8859 -0.0288  7.6364
 24 672  0.0218 -0.0149 11.9303
 48 672 11.9837 -5.3023  9.5620
 72 672 -6.3122 -25.6105 16.6853
 96 672 -7.2052 -25.5042 16.2124
120 672 34.8928  1.4806 20.7800
144 672 -2.6731 -6.9325  7.8947
168 672  4.4754 -5.1177  8.3215
192 672  2.8591 -15.9854 13.7506
216 672  0.6125 -16.8598 10.5062
240 672 12.0948  1.2397  6.5605
264 672 -0.9677  3.7059 10.5795
288 672  9.7909 -12.9692 10.2941
312 672 10.9265 -10.3494 12.3092
336 672 10.3206 -6.4092 10.9405
360 672  8.3530 -6.9188 12.9413
384 672  5.9176 -6.1530 10.5462
408 672  4.8947 -2.9039 10.4528
432 672 -1.6937  2.9280 16.6930
456 672 -0.0062  5.0277 19.5245
480 672  1.6080  5.8840 12.8427
504 672  2.5652  0.9010 12.6670
528 672  3.4214  2.6471 16.6158
552 672  3.9340  3.1784 17.1493
576 672  3.2754  4.2023 18.9882
600 672  2.7815  4.4571 17.7100
624 672  3.2839  6.9012 18.0344
648 672  4.1334  7.6366 18.8467
672 672  4.9599  8.7735 14.7534
696 672  8.0027  6.7226  9.9786
720 672  3.8031 10.6810 11.0120
744 672  2.9229  8.4901 10.9087
768 672 -1.7960  5.6405 10.7817
792 672  0.3160  7.8129 12.8382
816 672  0.2362  6.8178 11.8449
840 672 -0.1476  6.0784 13.2454
864 672 -1.6961  3.6479 19.7362
888 672 -1.9785  2.3132 26.6327
912 672 -2.0620  1.9100 26.1934
936 672  0.3121  0.0568 10.3265
960 672  5.5809 -3.8256 14.5458
984 672  4.7626 -0.1748  7.5604
 24 696  0.0197  0.0271 12.1266
 48 696  6.0088 -7.8528 15.8375
 72 696  6.0324 -7.7785  9.2982
 96 696 18.6280 23.1281  7.2227
120 696 11.7708 -3.8687  8.0562
144 696  4.3717 -14.8165  7.8557
168 696  3.6721 -14.8613 10.4366
192 696 12.9943 13.0564 10.1433
216 696  9.8528 11.2737  8.9045
240 696  7.9797 -12.7183 11.7295
264 696  7.5827 -13.3255 12.8860
288 696  6.5783 -13.0042 10.2082
312 696 10.6901 -10.1569  9.3481
336 696 11.1626 -9.1080  9.9636
360 696  0.1445 -2.7861  9.1880
384 696  2.3224 -1.9941 12.9802
408 696  3.3210 -2.5237 20.1930
432 696 -2.8231  6.2585 12.7835
456 696 -0.3347  6.0747 14.3373
480 696  2.1583  9.5651 11.8199
504 696  3.3325  4.7907 11.7891
528 696  3.7622  2.1558 18.9978
552 696  4.2440  2.9103 17.3139
576 696  3.1453  5.1553 19.7809
600 696  2.8699  3.9166 16.9989
624 696  2.1771  6.6567 11.8583
648 696  4.2171  9.9654 11.3869
672 696  4.9666 10.7815 12.2168
696 696  4.2033  8.8213 12.0617
720 696  1.9905  6.2120 11.9823
744 696  5.9004  5.7338  8.1760
768 696  1.7933  6.8818  9.4169
792 696  1.0088  4.3274  9.8381
816 696  1.1280  4.0851  8.7931
840 696  0.8845  5.6382 12.4188
864 696 -1.1990  3.1897 14.6295
888 696 -1.9033  0.3880 25.2422
912 696 -1.2323  0.1563 24.3276
936 696  3.4115 -1.8567 15.2922
960 696  5.3822 -3.3891 17.1038
984 696  4.6732 -0.1727  7.5413
 24 720  0.0175 -0.0139 12.0076
 48 720  4.1666 -7.8239 12.0792
 72 720  4.4571 -7.0194 14.2383
 96 720  3.3467 -8.7951 12.0450
120 720  5.5405 -8.6485 11.7236
144 720  1.7614 -15.7305 12.5432
168 720  1.3425 -15.8627 13.2523
192 720  2.1658  5.7314  6.2894
216 720  2.0983 12.0015 10.2618
240 720 -1.3626 10.0115 10.0503
264 720  4.9317 -15.2246  9.7430
288 720  1.0000  1.0000  6.8219
312 720 19.0718 -14.3343 14.9118
336 720 -7.2535 17.0136  7.5610
360 720  2.0689 -2.1296  8.2540
384 720  2.5107 -2.7509 11.0457
408 720  2.9923 -2.4777 17.7651
432 720 -1.9015  6.2991 13.6429
456 720 -1.2930  6.6614 18.5746
480 720 -0.0607  7.8693  9.8881
504 720  6.9827  6.4918 14.5019
528 720  4.0721  4.0596 13.3916
552 720  3.9587  6.1643 12.7946
576 720  4.7659  6.6968 17.5852
600 720  5.1700  7.5007 12.6771
624 720  3.8777  9.1411 11.4695
648 720  5.7413 13.1964 11.3562
672 720  6.7697 11.9801 12.9131
696 720  5.8250  9.6648 16.5211
720 720  3.9202  8.5746 14.6133
744 720  4.7959  5.0262 12.4388
768 720  3.1407  4.6625 12.4071
792 720  1.6844  1.0655 12.1323
816 720  0.1791  2.7857  8.9626
840 720  0.1421  5.6567 10.6800
864 720 -1.5209 -0.0661 11.3014
888 720 -0.1126  1.9847 14.4766
912 720  1.6758 -4.0452 13.2029
936 720  1.4503 -3.9617 14.3723
960 720  4.3417 -0.2965 13.4126
984 720  4.7902  0.0497  7.9085
 24 744  0.0369 -0.0195 11.7683
 48 744  0.0070 -8.0795 12.2050
 72 744  3.9358 -6.9966 13.3419
 96 744  3.6393 -8.0457 11.7850
120 744  3.5671 -7.9544 14.8764
144 744  2.1023 -17.1635 18.8142
168 744  1.7520 -17.5903 18.1437
192 744  2.1278 -21.2363 10.3062
216 744 -0.3053 -24.0174 12.9723
240 744 -0.6653 -22.8240 10.4133
264 744 -17.8396 17.7382  8.1117
288 744  8.8685 -4.8926  8.2470
312 744 18.3194 -14.7760  6.6781
336 744  1.8168 -14.2197  8.8720
360 744  5.8767 -9.2956  9.9635
384 744 -4.3054 -21.0270 12.6623
408 744 -3.9844 -21.0057 11.8056
432 744 -4.9438 -10.2042  8.5676
456 744 -8.1124  1.9337 11.1872
480 744  7.1108  7.9689 15.0985
504 744  8.8057  8.1889 17.5030
528 744  7.2060  5.4063 10.9698
552 744  4.5247  8.1217 15.4072
576 744  4.9589  6.8656 16.4286
600 744  6.4226  6.3062 17.3331
624 744  7.8913  6.1118 20.1652
648 744  7.8935 13.2529  8.1586
672 744  7.4062 11.1199 11.9549
696 744  7.1532 11.0376 13.6930
720 744  3.1227  7.4267  9.2546
744 744  3.1838  7.0470 14.7164
768 744  4.8411  6.0135 14.7735
792 744  4.1882  2.0267 14.3184
816 744  2.6661  2.3188 14.1346
840 744 -0.6550 -1.1912 14.0201
864 744 -1.6814 -1.9332 15.7178
888 744 -1.8258 -1.8008 10.7322
912 744  2.1631 -1.2874 17.8792
936 744  1.1888 -3.3963 18.8292
960 744  3.2404 -11.5208 14.9079
984 744  4.7674  0.0288  7.1132
 24 768  0.0147 -0.0556 12.1438
 48 768 -3.9444 -7.7016 11.0951
 72 768 -10.4305 15.8012 10.5034
 96 768  5.6220 -26.8274 10.8839
120 768 -6.1422 -4.7700  9.9487
144 768 -30.2568 24.9276  5.5387
168 768 14.1055 22.7508  8.6445
192 768 -5.2340 -15.9535  9.0522
216 768  5.9383  5.1503  8.1271
240 768  5.9289  4.9196  6.9287
264 768  8.5550 -7.6009  8.1838
288 768  8.9654 -5.3691 19.8770
312 768  8.1385 -4.9140 16.9217
336 768  1.9868 -15.6961 13.1517
360 768  1.8240 -16.8516 16.4314
384 768 -5.9938 -19.3380  8.7436
408 768 -4.3809 -9.6216  9.3608
432 768 -1.8031 -10.4408 11.4677
456 768  0.6257 -9.0874  8.9907
480 768  6.6994  7.5358 10.4106
504 768  8.1848 10.5985 16.1740
528 768  4.4562 10.3064 12.7141
552 768  3.9892 10.7198 18.5417
576 768  3.4325 10.9693 15.1170
600 768  8.1677  6.0341 20.1494
624 768  7.7922  6.0068 18.6228
648 768  6.0789  7.0681  8.4380
672 768  4.2528 14.9078  8.0395
696 768  3.7937 14.7911 10.6299
720 768  3.8908 12.9923 10.9928
744 768 -0.0285  7.9646  8.2858
768 768  5.0592  6.2430 13.0461
792 768  6.1785  6.2979 13.4434
816 768  3.1238  1.8467 12.9530
840 768  1.8926 -1.9074 10.7717
864 768  3.2795 -3.1246 13.1796
888 768  3.6537 -1.9210 12.1675
912 768  4.0880 -1.5864 17.8564
936 768  4.2670 -0.8456 19.7435
960 768  2.7379 -9.0154 10.9902
984 768  4.8298  0.0036  7.0809
 24 792 -0.0004 -0.0582 11.9226
 48 792 -6.8799 -3.9791 10.4307
 72 792 -8.7019 16.3362 13.5448
 96 792 -9.2022 17.3629 14.4043
120 792 -6.6465 -5.1734 11.7845
144 792 -5.1368 -12.6431 11.7713
168 792 -5.8632 -16.1212 14.2555
192 792 -6.8147 -17.5405 14.4061
216 792 -2.1928 -1.9605  8.4450
240 792  3.1919 -13.1514 11.3629
264 792  3.2763 -13.1428 10.9988
288 792  8.8094 -5.7637  8.8506
312 792  9.0559 -6.0886 10.1941
336 792 -28.2203  0.7437  7.3910
360 792  1.2260 -12.9083  5.9270
384 792 -0.5484 -13.2356  6.4318
408 792  1.0000  1.0000  9.2002
432 792 -0.1801 -10.0520 10.9834
456 792  0.2668 -10.2502  8.4087
480 792  5.7347  1.1632 10.9862
504 792  5.2436  9.5182  8.6807
528 792  9.8729 -4.5222 15.8718
552 792  6.1700 -5.9075 18.9163
576 792  2.8355 10.9600 12.0421
600 792  6.9733  5.7835 11.3375
624 792  5.1289  3.2395 13.3172
648 792  5.2925  4.8403  8.7490
672 792  8.7969 16.7508 11.4315
696 792  7.6460 16.3188  9.1547
720 792  0.2524 12.2619  9.8092
744 792  0.2145 12.1195 14.7552
768 792  1.3946  9.8729 12.7978
792 792  4.2155  7.6508 14.2066
816 792  7.1810  7.9689 13.3761
840 792  3.1463  1.2903  8.9491
864 792  5.2140 -0.3275 15.8725
888 792  3.7555 -1.9140 15.5333
912 792  4.1881 -1.6580 19.8448
936 792  4.2964 -0.7506 19.2655
960 792  5.5322 -2.2997 17.0384
984 792  4.9561  0.0028  7.8228
 24 816  0.0065 -0.0250 11.9234
 48 816 -4.2586 -1.5570 15.3231
 72 816 -10.1617  2.0435 11.6428
 96 816 -9.4776  1.9858 11.7973
120 816 -11.7665 -7.3373 15.2000
144 816 -10.6634 -9.1470  9.2093
168 816 -3.2827 -15.6720 10.9769
192 816 -3.7220 -16.2247 12.1825
216 816  1.7589 -15.7125  9.4297
240 816  2.7088 -13.3056 17.2995
264 816  2.6607 -12.9162 16.9391
288 816 -1.6646  1.0352 14.3636
312 816 -0.0978  0.7996 16.1097
336 816 -0.6263  2.5290  9.0300
360 816 -0.1768 -11.1891 13.6065
384 816 -2.0625 -13.6132 15.7504
408 816 -0.8389 -13.9187 10.7537
432 816  5.9451  1.7849 14.0482
456 816  6.7645  1.4852 15.9396
480 816  6.5447  1.3972 14.1563
504 816  6.9383  2.7239 14.6808
528 816  3.2471 17.0961 11.9684
552 816  7.8001 -5.0220 13.6558
576 816  0.1517 -8.5964 16.3214
600 816  0.3508 -8.7265 15.7545
624 816  0.7978 -8.2077 15.6248
648 816  0.8568 -7.2158  9.4433
672 816  4.8280 14.8996  9.3913
696 816 -28.1755  3.0962  7.0928
720 816  7.2628 22.1580  7.4350
744 816  0.3423 13.0351 10.4371
768 816  2.8134 12.3367 13.7227
792 816  4.0836  7.8746 14.4736
816 816  4.7809  7.2384 15.7890
840 816  6.1790  4.0616 11.6867
864 816  5.9048  1.9633 17.7581
888 816  5.6547  0.1603 15.2496
912 816  1.9741 -2.1712 17.0858
936 816  3.6122 -0.7708 18.4485
960 816  4.8337 -2.3565 20.8760
984 816  4.7934 -0.1046  7.0801
 24 840  0.0005 -0.0432 11.9567
 48 840 -1.7951 -1.0526 19.1633
 72 840 -9.8290  1.7989 13.3742
 96 840 -22.7421 -9.7894  9.9194
120 840 -11.9359 -7.4156 14.0652
144 840 -3.5137 -15.9592 11.2374
168 840 -3.0762 -15.1191 13.7340
192 840 -4.2401 -14.1287 10.2137
216 840 -8.2131 -17.0735  8.5608
240 840 -19.9152 25.9574  7.7164
264 840  1.5911 -12.2163  8.7998
288 840  5.2268 -2.1454 14.9268
312 840 -1.9400  1.2451 14.6844
336 840 -0.6369 -5.2227 10.7930
360 840 -0.7170  0.0183  9.9748
384 840  0.0516 -10.8955 10.6734
408 840  0.1600 -11.6402 14.5454
432 840  6.1405  1.6398 12.0337
456 840  6.9823  1.1490 18.3943
480 840  3.8107  2.0599 12.4556
504 840  5.1979  2.2908 18.5046
528 840  6.2181  0.2085  8.8544
552 840  6.0612 -1.6650  6.9111
576 840  3.6396 -7.3431 13.3692
600 840  2.4137 -7.1359 14.2711
624 840  2.2850 19.0476  7.2337
648 840  4.5504  2.3650  8.7196
672 840  2.6575 -5.1149  9.4174
696 840  3.1363 12.1335  7.7513
720 840  5.0089 16.9711  6.6058
744 840  5.9185 17.8332 12.9948
768 840  2.8991 12.0370 13.2312
792 840  9.4434  3.8395  9.1264
816 840  9.7230  4.1393 10.8885
840 840  7.9454  4.9158 15.2653
864 840  6.7444  3.0645 18.1184
888 840  6.2459  1.7261 18.8846
912 840  4.0663 -0.3937 19.8180
936 840  4.2847  0.0933 14.6582
960 840  4.1743 -2.1123 17.7292
984 840  4.6682 -0.2077  7.1701
 24 864  0.0001 -0.0448 11.9534
 48 864 -2.4418 -0.8286 14.5780
 72 864 -5.8218  0.5741 11.4293
 96 864 -0.8133 27.9441 10.6499
120 864 -0.6520 28.0067  9.2060
144 864 -20.8841 -4.2823  6.6593
168 864 -5.8966 -13.0407  8.9767
192 864 -7.7188 -13.8773 13.1534
216 864 -7.8169 -16.8355 11.2162
240 864 -7.2611 -17.1116 10.9589
264 864 -0.2934 -10.3612 11.3394
288 864 -1.6989 -10.8124 15.0114
312 864 -2.7178 -6.6325 11.7484
336 864 -3.5594 -6.2589 17.6810
360 864  0.2824 -4.1743 16.0709
384 864  0.4588 -4.4388 14.9903
408 864  2.0624 -7.5174 14.1871
432 864  1.0212 -2.2969 10.9126
456 864  7.2168  1.0281 15.9571
480 864  7.2313  1.2225 14.6041
504 864  5.6725  1.8814 12.8526
528 864  6.0026  2.2439 14.2382
552 864  3.8521 -7.1457 13.2537
576 864  2.6430 -6.0959 11.1438
600 864 -3.8013 -8.6286  6.2626
624 864  4.8801  0.7911  8.7937
648 864  2.9565  2.0796 16.4700
672 864  0.2795 -9.8091 11.5477
696 864 -5.8876  7.6806  7.2260
720 864  1.7026 15.5946  9.7507
744 864  3.7158 14.8258 10.0871
768 864  6.9073 11.1563 10.3181
792 864  9.4221  3.7214 20.4529
816 864  7.7478  1.3316 13.4581
840 864  5.0893  1.4544 16.4167
864 864  6.7917  2.3812 17.4271
888 864  6.3488  1.6864 15.7024
912 864  5.2888  0.5606 17.4513
936 864  4.9647  1.0924 17.4834
960 864  5.5887  0.1901 13.8489
984 864  0.8121 -0.0185  7.3840
 24 888 -0.0284  0.0173 12.8608
 48 888 -4.8131  0.4552 18.0298
 72 888 -5.7124  0.4412 17.5021
 96 888 -5.3168 -2.1599 10.9987
120 888 -11.8904 -13.9202  9.3960
144 888 -11.8466 -12.7821 16.7852
168 888 -10.0197 -14.1489  9.4917
192 888 -6.6375 -14.4390 10.8427
216 888 -12.3056 -14.6256  7.7731
240 888 -12.0593 -14.4863 10.4462
264 888 -0.2322 -8.1957  9.6564
288 888 -2.2662 -8.1497 10.9319
312 888 -2.6773 -6.9100  9.3476
336 888 -3.2016 -6.0436 12.1271
360 888  0.2646 -1.4049 18.4551
384 888  1.0277 -1.7025 18.3044
408 888  2.2882  1.4588 14.6512
432 888  5.1350  7.6832  9.2954
456 888  4.5045  4.6550 17.4376
480 888  6.9136  3.1390 17.1711
504 888  4.2209  2.4393  9.9786
528 888  4.3446  2.8471 14.0241
552 888  1.8819 -7.0209 20.8350
576 888  1.1832 -7.4156 16.0495
600 888 -1.9538 -8.2762 11.2293
624 888  6.0780 -3.1470  6.3998
648 888  4.6713 -8.2026 12.5758
672 888  0.4919 -9.5508 12.0759
696 888 -4.2091  4.2087 13.4619
720 888 -7.6774  7.9854  9.0838
744 888  3.9449 12.4310 14.9713
768 888  8.4224 10.5075  9.5298
792 888  8.4881  3.8184 18.1126
816 888  4.8112  1.4653 12.5422
840 888  4.5101  1.6374 23.8664
864 888  5.5186  0.9396 14.9456
888 888  6.3321  1.9977 15.2271
912 888  7.1901  1.3488 16.6701
936 888  4.7242  0.8891 16.1128
960 888  4.9215  1.2211 18.9223
984 888  1.2588  0.0175  7.3292
 24 912 -0.0246  0.0355 12.2662
 48 912 -2.0195  1.6892 22.0644
 72 912 -2.0297  2.2316 14.8559
 96 912 -5.8061 -0.6049 12.3815
120 912 -10.9436 -9.0358  8.7777
144 912 -11.7629 -14.7226 16.6409
168 912 -11.0326 -14.6967 13.2239
192 912  5.2326  9.8270  7.0924
216 912 -11.5239 -12.1049 16.8516
240 912 -11.8063 -12.3428 13.6960
264 912 19.6262 38.9770  6.0872
288 912 -16.7605 -9.5604  7.1046
312 912 -14.8136 -8.4392 11.8517
336 912 -0.3243 -0.0524 11.7137
360 912 -0.5039 -0.7341 18.5877
384 912 -0.6969 -0.7567 16.7379
408 912 -0.2465 -0.7772 19.4757
432 912  5.4581  7.4512 12.1447
456 912  6.0245  3.2344 13.6521
480 912  7.7516  1.6236 14.6091
504 912  4.7136  0.0440  8.8013
528 912  1.7801  6.0533 11.4525
552 912  2.6267 -6.0801 11.8267
576 912  2.9561 -6.4460 14.1333
600 912  3.6955 -7.1362 13.5395
624 912  3.7146 -6.8996 12.7755
648 912  4.3076 -7.5212 18.9166
672 912  0.2912 -6.9583 11.7599
696 912 -4.7797  4.0814 11.1307
720 912  0.0343  2.1692 17.8157
744 912  1.0828 12.3835 12.1487
768 912  7.6696 13.6406  8.8608
792 912  7.7080 13.9945 11.8759
816 912  5.2625  2.8596 13.2311
840 912  5.6024  1.7647 19.0974
864 912  6.6915  1.0170 14.7472
888 912  7.4362 -0.1262 12.6800
912 912  7.9170  0.6992 16.2853
936 912  5.8523  1.7095 13.9619
960 912  4.0837  0.3877 17.7108
984 912  1.0946  0.0092  7.4144
 24 936  0.0047  0.0145 11.7659
 48 936 -1.2760  2.0831 16.5969
 72 936 -2.8730  0.8030 11.8884
 96 936 -6.1387 -0.2029 17.1348
120 936 -5.9221 -4.6055 20.7591
144 936 -6.5806 -4.1920 13.8827
168 936 -9.2024 -14.8808 11.5290
192 936 -9.6295 -15.9792 13.0177
216 936 -11.1043 -11.8143 14.6451
240 936 -11.7488 -11.6777 12.2753
264 936 -22.9233 -10.6580  9.8129
288 936 -21.8512 -10.6997 15.8483
312 936 -19.0128 -8.8774 12.3816
336 936 -0.2957 -0.0681 13.9929
360 936 -0.6860 -1.3477 17.6049
384 936 -0.8923 -1.2784 12.5513
408 936 -2.7939  2.8513 11.2801
432 936  1.9757 -1.2007  8.4712
456 936  7.9868  1.6774  9.1750
480 936 10.5455  1.4890 18.4064
504 936  9.1944  0.8195 14.3259
528 936 -1.2337 30.8310  7.4844
552 936 -25.5788  4.6258  7.7309
576 936  3.6245 -6.8585 11.8295
600 936  3.6709 -8.5664 13.9212
624 936  3.0182 -4.8036 11.7878
648 936  4.0550 -3.2089 19.3424
672 936  4.1622 -3.2704 22.2567
696 936  0.1984  2.1125 12.3027
720 936  0.1959  2.6684 18.5298
744 936  0.8757 13.2480 15.4569
768 936  0.9116 13.0643 13.9907
792 936  8.7042 13.5417 11.4367
816 936  6.7484  3.3257  9.7439
840 936  7.1814  2.6350 17.8320
864 936  7.4851  1.8807 15.9173
888 936  7.1904  1.3808 13.5036
912 936  7.4237  2.1093 18.3130
936 936  6.6290  2.8067 12.6206
960 936  4.8114  1.9633 15.1946
984 936  4.7483  0.1075  7.6310
 24 960 -0.0017  0.0042 12.3196
 48 960  1.0000  1.0000  7.3229
 72 960 -6.8541  0.1483 12.0582
 96 960 -4.9778 -2.7009 15.4957
120 960 -5.8975 -4.5991 22.9152
144 960 -5.7862 -4.4506 24.8982
168 960 -8.5872 -15.4433 14.0994
192 960 -7.5426 -13.9721 10.9497
216 960 -8.0714 -10.0257 11.0430
240 960 -3.9406 -11.4977  7.7356
264 960 -22.2121 -9.1111 15.6585
288 960 -22.4064 -10.4678 11.4563
312 960  2.6982 32.1032  9.2662
336 960 -9.1365 -16.1873  9.6234
360 960 -8.6965 -16.5230  9.1848
384 960  8.0598  0.9273 12.6040
408 960  8.1270  2.5216 15.3557
432 960  6.0874  0.8523 11.3881
456 960  4.5457 14.4451 11.7987
480 960  3.9644 14.2658  9.5316
504 960 37.1880  4.6890  5.9576
528 960  7.9114 -16.2967 13.9423
552 960  2.9468 -17.3297 12.5639
576 960 -0.4069 -2.7332 17.3032
600 960  0.5996 -9.1948 10.8050
624 960  0.2617 -2.4637 15.6407
648 960  3.1369 -2.6223 18.4973
672 960  3.3308 -2.5803 17.8431
696 960  5.9324 -6.0323  8.7344
720 960 -0.8604  3.1198 17.6750
744 960  1.1739 13.2803 16.6812
768 960  1.5815 13.4865 10.6814
792 960  9.1537 13.6421  9.7190
816 960 12.3839  8.9306  8.7599
840 960 15.0295  8.1322  9.0473
864 960  9.6542  5.9623 14.6095
888 960  8.7381  2.6706 13.6471
912 960  7.0649  0.8224 20.2072
936 960  2.7243  3.9657 13.0230
960 960  4.1991  2.5290 15.4928
984 960  4.5573  0.1254  7.9942
 24 984 -0.0170  0.0110 15.3262
 48 984  0.0265  0.0100 12.3673
 72 984 -0.0278 -0.0020 12.3440
 96 984 -0.0202 -0.0105 12.1829
120 984  0.0191  0.0045 11.9828
144 984  0.0178  0.0137 11.9903
168 984 -0.0133  0.0256 12.1666
192 984 -0.0036  0.0073 11.7559
216 984 -0.0019 -0.0158 11.3644
240 984 -0.0283  0.0058 11.8730
264 984 -0.0120  0.0111 12.4254
288 984 -0.0199  0.0178 12.6846
312 984 -0.0198  0.0232 12.7265
336 984 -0.0190 -0.0034 12.3904
360 984 -0.0475  0.0003 12.3578
384 984 -0.0052  0.0068 12.1490
408 984  0.0331 -0.0118 11.8015
432 984 -0.0168  0.0090 11.3527
456 984 -0.0163  0.0020 10.8731
480 984  0.0112  0.0081 11.9792
504 984  0.0232  0.0205 12.2118
528 984 -0.0243 -0.0082 11.9777
552 984 -0.0237 -0.0127 12.2705
576 984 -0.0213  0.0086 12.6112
600 984 -0.0033  0.0026 12.3910
624 984  0.0255 -0.0238 12.4311
648 984  0.0416  0.0016 12.6998
672 984 -0.0050  0.0050 11.7912
696 984  0.0002  0.0019 11.8961
720 984  0.0094  0.0166 12.4543
744 984 -0.0002  0.0089 12.2697
768 984 -0.0008  0.0307 12.7085
792 984 -0.0566  0.0308 12.7260
816 984  0.0328  0.0003 11.9843
840 984 -0.0482  0.0161 12.3355
864 984 -0.0454  0.0062 12.0352
888 984  0.0775  0.0019 11.9040
912 984  0.0159  0.0325 12.7487
936 984  0.0118  0.0347 12.2957
960 984  0.0976  0.0287 12.3686
984 984  2.4961  0.0094 11.5441
