 24  24 -0.0047  0.0268 15.1622
 48  24 -0.0235  0.0284 12.5546
 72  24 -0.0182  0.0251 12.4999
 96  24 -0.0085  0.0232 12.3949
120  24 -0.0188  0.0209 12.2256
144  24 -0.0229  0.0124 12.2870
168  24 -0.0730 -0.0090 12.2428
192  24 -0.0202  0.0060 12.3771
216  24  0.0224  0.0255 12.5641
240  24 -0.0180  0.0164 12.6485
264  24 -0.0149  0.0310 12.4971
288  24 -0.0002  0.0330 12.4781
312  24 -0.0240  0.0178 12.6261
336  24 -0.0116  0.0157 12.5515
360  24  0.0072  0.0120 12.7533
384  24  0.0102  0.0084 13.0036
408  24 -0.0111  0.0083 12.7938
432  24 -0.0212  0.0063 12.7105
456  24 -0.0073  0.0232 12.6079
480  24 -0.0447  0.0363 12.4737
504  24 -0.0461  0.0322 12.6312
528  24 -0.0383  0.0402 12.0991
552  24 -0.0048  0.0238 12.0725
576  24 -0.0100  0.0099 12.3472
600  24 -0.0634 -0.0001 12.4880
624  24 -0.0500  0.0072 11.8015
648  24 -0.0313  0.0330 11.9227
672  24 -0.0158  0.0307 12.3746
696  24 -0.0081  0.0089 12.4968
720  24 -0.0107  0.0057 12.5930
744  24  0.0226  0.0081 12.1007
768  24 -0.0389 -0.0037 12.2558
792  24 -0.0432  0.0263 11.9270
816  24 -0.0165  0.0432 11.7479
840  24 -0.0095  0.0251 12.2431
864  24 -0.0126  0.0252 12.2120
888  24 -0.0031  0.0109 12.7237
912  24 -0.0042 -0.0039 13.0089
936  24  0.0032  0.0044 12.4601
960  24 -0.0111  0.0152 12.2053
984  24  2.5992  0.0287 12.1998
 24  48 -0.0064  0.0161 12.2379
 48  48  0.1863  9.1168 10.0885
 72  48 -3.3233  9.0812  9.8792
 96  48 -3.3063  9.0981  6.1533
120  48 -3.7278 -0.0905  6.7180
144  48 -1.9958  4.2459 12.8907
168  48  0.9353 12.1374  9.2070
192  48 -17.1655 -1.3572  9.7055
216  48 15.9214  4.4880 10.5671
240  48  0.3144 -2.2885 14.7818
264  48  0.3313 -2.1492 22.1533
288  48 -2.1175 -0.2525 21.4618
312  48 -1.5309 -0.4387 21.4962
336  48 -0.3092  0.0127 19.5836
360  48  0.1604  0.3189 16.6636
384  48  0.8362  1.0448 17.4102
408  48  0.2308  3.0475 20.4189
432  48  0.0882  2.7886 22.6725
456  48 -0.6995  2.3942 20.3078
480  48 -0.1187  3.9852 15.6254
504  48  0.0142  3.8658 18.0198
528  48  0.0686  3.6343 15.0086
552  48  0.1639  3.9079 14.3662
576  48 -1.8480  3.7632 14.7237
600  48 -1.6447  0.3747 15.7125
624  48 -2.2456  0.5728 15.0795
648  48 -2.1824  2.0190 17.4725
672  48 -2.6866  3.4301 15.7816
696  48 -2.3443  3.7640 12.0727
720  48 -9.6841 -0.0142 12.8279
744  48 -7.9925 -1.5897 14.4063
768  48 -8.3890 -1.0938 14.4193
792  48 -8.1282 -0.9791 13.4674
816  48 -10.3475 -0.4605 12.4062
840  48 -10.1504 -0.2512 14.0217
864  48 -10.6819  0.9160 12.8831
888  48 -1.8885 -1.8647 11.8379
912  48 -1.6326 -1.9342 13.2046
936  48 -0.3191 -1.1587 17.0972
960  48 -1.1572 -1.1511 18.5441
984  48  2.7664  0.0128  8.8559
 24  72 -0.0163  0.0160 12.2096
 48  72 -1.2910 11.2352 17.2310
 72  72 -2.8837  9.4831 18.5905
 96  72 -4.6551  0.1953 14.6599
120  72 -4.3741  0.1338 20.5328
144  72 -3.8596 -0.5374 12.3895
168  72 -12.3745  2.6626  8.0717
192  72 -16.1674 -5.0224 11.3281
216  72 15.1179  3.9362 14.2323
240  72  0.3174 -2.2497 10.8269
264  72  0.1783 -1.9392 17.0747
288  72 -0.4624 -1.2869 16.6953
312  72 -1.1512 -1.0317 18.6664
336  72 -0.3114 -0.6346 17.5600
360  72  0.3472 -0.3386 17.5037
384  72  1.2336  1.2050 17.3345
408  72  0.7099  3.2953 17.0822
432  72  1.2350  2.8557 17.0353
456  72  1.7139  2.3714 19.2626
480  72  0.0062  2.1052 19.4560
504  72  0.2213  3.5050 19.5691
528  72  0.8636  3.9866 17.6426
552  72  0.4722  4.3171 17.1473
576  72 -0.2679  4.3260 16.1783
600  72 -1.7834  2.9426 11.8810
624  72 -3.2494  0.0137 12.8259
648  72 -2.8369  1.6766 15.0742
672  72 -6.0353  1.0006 14.7599
696  72 -5.0140  0.0238 11.1726
720  72 -5.7780 -0.4314 13.6810
744  72 -6.2085 -1.0893 15.4814
768  72 -6.7979 -1.9095 16.9191
792  72 -7.9699 -0.8791 13.0498
816  72 -8.4709 -0.2750 11.0017
840  72 -11.1193 -0.4090 18.5990
864  72 -10.8304  0.5451 12.2086
888  72 -7.7893 -2.2798 14.9904
912  72 -5.1059 -3.0164 16.3745
936  72 -3.8857 -3.6902 14.6336
960  72 -2.1106 -2.0348 22.6931
984  72  2.6800  0.0071  8.7042
 24  96 -0.0228  0.0043 12.2401
 48  96 -2.3031 10.1378 11.4264
 72  96 -4.9818  9.9424 10.4009
 96  96 -4.7786  0.2765 13.8832
120  96 -5.7099  0.3955 20.6862
144  96 -5.0122  1.8085 15.3084
168  96 -3.5763  2.1303 18.1443
192  96 -3.0528  1.2874 15.4229
216  96 18.1344  0.0641 13.3556
240  96  0.9139  0.1790 17.0040
264  96  0.2214 -0.2600 18.1544
288  96 -0.0623 -1.2695 19.1176
312  96 -0.6855 -2.8174 18.0881
336  96  0.6881 -2.0029 14.9231
360  96  1.2525 -1.2151 16.0383
384  96  0.0545 -0.7244 15.9131
408  96  1.9186  3.6764 19.0713
432  96  1.6606  3.0819 15.6522
456  96  1.8380  1.0415 17.0841
480  96 -0.2128  2.9330 19.6753
504  96 -0.0464  3.5738 19.1116
528  96  0.8474  3.8994 17.0463
552  96  1.0377  5.0896 17.1423
576  96 -0.8697  3.8803 15.3018
600  96 -0.3987  2.0676 13.0350
624  96 -3.7695 -0.0569 12.1554
648  96 -4.1899 -0.1830 14.4955
672  96 -6.6048 -1.0638 15.1598
696  96 -5.7559 -1.4164 15.9030
720  96 -4.9989 -1.8863 15.4689
744  96 -4.5951 -1.8582 14.7898
768  96 -6.8811 -0.2332 15.6704
792  96 -7.1509  0.0653 14.6424
816  96 -9.6984 -3.0345 11.6114
840  96 -7.9470  0.0845 14.9724
864  96 -5.6158 -1.6387 12.8746
888  96 -3.0155 -2.9771 12.4434
912  96 -3.0548 -3.6282 16.4693
936  96 -2.2348 -2.0058 12.8355
960  96 -1.8895 -2.2209 18.4163
984  96  0.4616 -0.0410  8.7089
 24 120 -0.0119  0.0103 12.3723
 48 120 -0.7823  4.0121 14.8622
 72 120 -1.4329  3.7958 18.1124
 96 120 -2.2359  4.8641  8.3173
120 120 -11.3368  1.1460 18.6078
144 120 -13.3262  0.1069 16.8626
168 120 12.0411  0.8211  7.6099
192 120  0.9151 -2.0310 13.4404
216 120 -1.0973 -3.0417 18.8257
240 120  1.5714 -0.0798 14.4758
264 120 -0.0723 -0.1392 22.2475
288 120 -1.1465 -1.6446 18.5095
312 120 -0.7495 -2.4686 21.4585
336 120 -0.3982 -2.9564 16.6324
360 120  0.3782 -1.9756 16.0321
384 120  0.3331 -0.0972 22.2654
408 120  0.4120  0.3514 16.6422
432 120  1.7913  4.0285 16.8688
456 120  1.1823  2.6771 15.8947
480 120  0.7437  2.5038 16.1791
504 120  0.2412  4.8365 14.5588
528 120 -0.0506  5.5017 13.7245
552 120  0.0307  3.2728 12.3522
576 120 -0.2337  3.0730 14.0686
600 120 -1.7114  0.8183 13.6452
624 120 -2.0035  0.3826 15.5288
648 120 -3.8504 -0.1235 15.4597
672 120 -3.0046 -0.4195 15.5762
696 120 -5.8243 -1.7863 13.7308
720 120 -6.9612 -2.3674 15.8393
744 120 -5.1007 -1.3701 13.2617
768 120 -7.1798 -0.4059 17.4312
792 120 -6.2782 -1.8870 18.5499
816 120 -6.0211 -1.6982 14.2161
840 120 -5.0124  0.8090 21.4244
864 120 -5.0413  0.6288 17.3527
888 120 -3.4506 -3.1976 18.1559
912 120 -2.7285 -3.1979 14.7967
936 120 -0.3333 -3.8219 14.2326
960 120 -0.4220 -3.6774 15.1890
984 120  2.7326  0.0194  9.0845
 24 144 -0.0097  0.0252 12.5570
 48 144 -0.4074  2.2421 16.3201
 72 144  0.0436  2.7575 18.1509
 96 144 -1.9542  3.9773  9.4171
120 144 -11.1639  0.7984 18.6884
144 144 -13.9204 -1.1624 11.9548
168 144  0.3441 -5.9740 17.0032
192 144  0.7006 -3.7404 14.4753
216 144 -0.4715 -3.1616 14.3710
240 144  1.9344 -0.3427 13.7912
264 144 -0.0571  0.0292 19.2108
288 144  0.8415  0.2568 17.4588
312 144 -0.3243 -2.5053 18.6695
336 144 -0.6243 -2.7213 19.5380
360 144 -0.8387 -2.6574 18.6930
384 144 -0.0951  0.2987 15.7537
408 144  0.6538  2.0150 15.9182
432 144  1.9024  5.1584 20.5848
456 144  1.9405  4.7276 17.6807
480 144  1.8101  4.0545 17.4781
504 144  1.6143  5.3959 17.9112
528 144  3.2173  5.4805 20.3900
552 144  3.5815  4.7084 14.6875
576 144  1.0028  1.2868 12.7721
600 144 -0.2317  0.2335 13.8739
624 144  0.0499  0.0577 14.6551
648 144 -0.1723  0.0287 15.4390
672 144 -2.9061  0.2086 19.0577
696 144 -2.9482 -0.0509 15.3956
720 144 -7.0908 -2.2114 16.2579
744 144 -5.2010 -1.2803 12.1131
768 144 -6.3043 -1.2095 17.7870
792 144 -6.7266 -1.3567 15.9866
816 144 -5.9067 -0.0128 15.1171
840 144 -4.2288  0.8382 17.8568
864 144 -3.7554  0.7284 20.1184
888 144 -4.0447 -1.9042 16.6408
912 144 -2.5819 -3.0254 13.9388
936 144 -1.8243 -3.9365 15.6902
960 144 -0.3710 -3.8849 16.0646
984 144  2.8675 -0.0216  9.1673
 24 168 -0.0075  0.0571 12.3169
 48 168  0.4648  2.6585 14.4112
 72 168  0.2608  2.7351 12.8048
 96 168  8.1062  2.2430 14.8849
120 168 -14.0157  1.9380 10.6563
144 168  0.0441 -3.5887 16.5230
168 168 -0.7529 -4.7773 19.4483
192 168  0.0734  0.5666 14.0448
216 168 -1.6896  1.7404 20.1614
240 168  3.0784  1.2933 18.2722
264 168  4.8498  1.8343 19.3420
288 168  4.5064  1.2709 17.8198
312 168  1.7203 -0.2903 16.4589
336 168 -0.7538 -2.7121 21.3426
360 168 -0.9125 -2.4458 15.0602
384 168 -5.0589  0.1047 17.7372
408 168 -2.4315  0.8948 17.4187
432 168 -3.1982  1.9593 16.2827
456 168 -2.0591  1.0167 14.2387
480 168  0.2468  3.1407 17.5825
504 168  1.8263  4.5695 13.7197
528 168  3.7346  4.1479 15.3480
552 168  4.3022  3.7743 14.6674
576 168  3.9370  3.5548 13.5142
600 168  3.4085  1.9151 12.3379
624 168  2.1561  0.4047 13.2492
648 168  0.3105 -0.1112 16.4581
672 168 -2.5444  0.4137 17.8659
696 168 -1.9530  0.1857 16.0950
720 168 -3.6528 -0.1091 13.6673
744 168 -2.8126 -1.0879 14.8412
768 168 -3.4294 -0.9939 13.5541
792 168 -6.0250 -5.9364  9.2717
816 168 -2.9623 -1.3429 11.5781
840 168 -4.2163  0.5298 15.8292
864 168 -3.2270  1.1064 16.5578
888 168 -3.6370 -0.6814 17.9537
912 168 -4.2147 -1.9682 14.2811
936 168 -4.8670 -3.4860 15.3395
960 168 -4.6878 -2.8527 12.4760
984 168  2.7669 -0.0655  8.6326
 24 192  0.0073  0.0334 11.8090
 48 192  4.7013  2.5582 16.0869
 72 192  7.5285  1.8759 13.8902
 96 192  6.9149  0.0038 16.4010
120 192  7.2012 -0.0678  7.6523
144 192  0.6342 -3.8530 17.2332
168 192  0.9953 -3.5508 16.9695
192 192  0.0577  0.7236 15.8777
216 192 -0.0818  0.8547 19.0724
240 192 -0.0262  1.6899 19.0135
264 192  0.4744  1.4181 13.9559
288 192  4.8726  0.7767 11.9698
312 192 -3.1615  3.2751 11.5958
336 192 -9.2105  7.4078 13.6557
360 192 -5.1521  5.8580  8.4272
384 192 -5.5073  3.7700 19.4016
408 192 -4.9339  3.1487 16.8103
432 192 -2.0813  2.7127 16.3118
456 192 -1.6204  1.0972 21.2224
480 192 -0.0519  1.2492 15.4176
504 192  0.7700  1.3713 15.6320
528 192  2.5536  1.4397 14.7891
552 192  3.2762  1.9411 16.5122
576 192  3.4571  2.1217 12.7886
600 192  4.7634  2.7217 13.6001
624 192  4.9936  1.4528 14.7587
648 192  4.1432  1.3915 18.8464
672 192  2.6499  0.8378 15.3619
696 192 -1.8273  1.2622 14.7980
720 192 -2.8779  0.8896 17.2538
744 192 -2.8288 -1.0164 14.4364
768 192 -2.9638 -1.1615 13.5124
792 192 -3.5359 -1.3697 10.7095
816 192 -3.9892 -0.3966 13.3648
840 192 -4.2530  0.2428 18.7663
864 192 -3.9213  0.4279 18.0830
888 192 -4.5689  0.2575 16.6265
912 192 -5.1703 -0.3115 16.3649
936 192 -6.0089 -2.3130 15.4086
960 192 -8.7682 -0.1246 11.8035
984 192  2.6199 -0.0468  8.4507
 24 216  0.0100  0.0085 11.8288
 48 216  0.9043  1.9672 14.0938
 72 216 -2.7583 -1.6862 16.3451
 96 216 -1.0561  0.0661 11.8934
120 216  1.6590 -0.5986 13.0120
144 216  1.2956 -1.0440 20.4641
168 216  0.9610 -1.1306 20.9112
192 216 -0.0848  0.5830 17.8883
216 216 -0.2401  0.9300 15.5646
240 216 -0.1288  2.2514 19.7054
264 216  0.0688  2.0515 19.8364
288 216 -4.9648  1.7111 17.3340
312 216 -3.8195  4.4264 12.8092
336 216 -8.4730  5.9161 17.5882
360 216 -7.9578  3.5950 17.8618
384 216 -5.6378  4.2661 17.0086
408 216 -5.8588  4.0997 17.1714
432 216 -1.9658  2.8558 18.6496
456 216 -0.1312  1.7643 23.3292
480 216  0.1380  0.8869 19.0115
504 216  0.4372 -0.1359 14.9266
528 216  2.5834  1.1600 13.8946
552 216  2.8658  1.3300 18.2433
576 216  3.6311  2.1708 18.1650
600 216  3.8892  2.6138 16.1659
624 216  4.4080  1.9130 14.1053
648 216  4.5032  2.1215 18.6285
672 216  2.6225  1.6779 13.1561
696 216 -0.0606  3.2122 14.2650
720 216 -1.0730  1.8357 14.8609
744 216 -0.0045  1.1253 15.1197
768 216 -1.8482 -0.0755 14.1966
792 216 -3.0444 -0.4751 15.3553
816 216 -3.7107  0.0769 16.5543
840 216 -5.2862  0.4087 15.5452
864 216 -5.7273  0.6265 19.3551
888 216 -5.3941  1.1131 16.7231
912 216 -4.1860  1.8093 14.6050
936 216 -8.2627 -0.1177 13.9342
960 216 -3.9617 -0.6711 11.7911
984 216  2.6175 -0.0572  8.2913
 24 240  0.0009  0.0253 12.1179
 48 240 -2.6988 -1.8681 16.5094
 72 240 -0.6632 -4.8564 14.6067
 96 240 -1.3183 -4.9854 21.2864
120 240 -0.2210 -3.5078 16.8655
144 240  0.0290 -2.8419 22.9518
168 240 -0.1088 -0.1057 16.0351
192 240 -5.9226  2.7336 18.8988
216 240 -5.6117  3.7160 16.8557
240 240 -5.5291  3.9824 15.6874
264 240 -4.9289  1.1699 18.0526
288 240 -5.7222  1.8496 16.2801
312 240 -8.8967  4.7848 11.0599
336 240 -7.7339  3.2727 13.7459
360 240 -7.8365  3.4339 15.5922
384 240 -7.8828  5.9241 12.4133
408 240 -8.2042  5.9671 23.5309
432 240 -3.8109  3.9712 14.4780
456 240 -0.0763  1.4210 20.7073
480 240  0.3314 -0.0161 19.5193
504 240  1.3510 -0.7685 17.1070
528 240  2.1677 -0.1017 16.8530
552 240  1.9525  0.1213 18.7830
576 240  2.7353  0.9737 17.2797
600 240  3.5947  1.8652 16.3436
624 240  3.4727  1.3535 19.3142
648 240  3.2089  1.5823 15.2625
672 240  0.9253  5.3421 14.2858
696 240  0.3568  4.9876 19.7173
720 240  0.0926  2.8594 16.1142
744 240  0.7573  2.8511 13.7690
768 240 -1.9166  1.7079 13.9706
792 240 -2.5999 -0.0070 17.7144
816 240 -2.9086  0.3899 15.5387
840 240 -2.3830  2.9078 13.1098
864 240 -6.0460  0.4045 14.4103
888 240 -4.1064  2.5531 14.0223
912 240 -2.3505  1.2934 15.4541
936 240 -2.6822 -0.1187 16.9177
960 240 -0.3756 -2.3121 15.6798
984 240  2.8233 -0.0028  8.7967
 24 264 -0.0083  0.0024 12.0869
 48 264 -5.6123 -3.3363 17.2917
 72 264 -1.2386 -5.2095 21.1830
 96 264 -1.4877 -5.0952 26.2027
120 264 -1.5330 -5.0263 14.2914
144 264 -4.8655 -4.7571 19.0580
168 264 -5.6215 -5.8455  9.9189
192 264 -5.7758  2.3526 13.5598
216 264 -6.7707  3.5353 11.5257
240 264 -4.6608  1.0293 17.0440
264 264 -5.1750  1.2999 17.9938
288 264 -5.5187  1.6934 14.9071
312 264 -7.8949  1.9682 16.5650
336 264 -8.1222  4.8197 12.2673
360 264 -7.2334  5.0223 14.1131
384 264  0.0377 -26.1491  9.2998
408 264 -5.2573  4.8058 12.8565
432 264  0.0237  2.9955 10.3164
456 264  1.4619  1.9793 16.1238
480 264  2.4171 -0.1081 16.2853
504 264  3.1635 -0.7653 17.0220
528 264  2.7024 -0.4053 18.3004
552 264  1.7597 -0.5289 19.6542
576 264  1.5321  0.0581 13.9942
600 264  1.3618  0.2756 15.4077
624 264  1.8106  0.4938 20.0267
648 264  1.8001  0.4579 16.9796
672 264  1.0978  4.6787 15.7371
696 264  0.4815  4.7193 14.9430
720 264  0.2183  4.0418 14.9006
744 264 -0.0184  4.0311 12.1311
768 264 -0.9959  4.0197 11.3487
792 264 -2.2763  0.2538 18.7303
816 264 -2.4896  0.4071 16.9239
840 264 -1.6993  2.7867 18.7828
864 264 -2.2868  3.0184 18.0610
888 264 -0.2852  2.7819 14.9011
912 264 -0.8609  1.3259 15.4827
936 264 -1.5901 -0.8209 14.4530
960 264 -2.6871  0.0584 13.3235
984 264  2.8724 -0.0204  9.1121
 24 288 -0.0084 -0.0359 12.1640
 48 288 -5.8656 -3.4282 14.9534
 72 288 -0.5375 -5.6602 13.0088
 96 288 -0.2033 -5.8362 14.6627
120 288 -5.1001 -5.5460 16.4337
144 288 -5.1882 -4.6911 17.9213
168 288 -5.4783 -6.0401  9.4003
192 288 -1.8781  0.5599 13.3162
216 288 -1.8538 -0.4422 15.5542
240 288 -4.8206  0.5922 15.8930
264 288 -5.0975  1.1487 17.8738
288 288 -5.6319  0.8904 18.2346
312 288 -4.1037  2.1152 12.9929
336 288 -4.1911  2.9387 13.6067
360 288 -4.1901  3.7717 17.0961
384 288 -3.8932  2.7935 18.5980
408 288 -3.4828  2.9231 15.1659
432 288 -0.0722  0.6122 12.4154
456 288  1.2139  0.2850 13.5965
480 288  2.9277  0.1388 13.7056
504 288  3.0716 -0.2410 16.2585
528 288  2.3928 -0.2391 17.1241
552 288  1.8273 -0.4997 18.0808
576 288  0.2198 -0.1744 16.2208
600 288 -0.7718  0.2345 15.4497
624 288  0.0651  0.2787 13.6498
648 288  0.9681  0.4683 14.8613
672 288  0.0060  4.6137 17.3215
696 288  0.0271  4.8216 16.3546
720 288 -0.0476  3.6324 12.2544
744 288 -0.3122  3.6283 15.4990
768 288 -0.3265  3.7434 15.6433
792 288 -2.5224  2.6269 12.0469
816 288 -2.7417  2.3812 14.8356
840 288 -1.9342  2.6377 15.9967
864 288 -2.4506  2.8155 19.0709
888 288 -1.8827  3.1202 16.3698
912 288 -0.7636  3.0304 18.4235
936 288 -0.3497  2.3303 14.3373
960 288 -2.0691  1.2120 15.1508
984 288  2.9521 -0.0374  9.1461
 24 312 -0.0061 -0.0340 12.5882
 48 312 -2.2275 -2.8699 16.6564
 72 312 -0.9821 -8.0758 16.8931
 96 312  0.1509 -6.8743 18.8016
120 312  1.1110 -6.1600 13.0518
144 312  1.0388 -7.1831 11.3253
168 312  0.7258 -1.8242 10.0517
192 312 -1.1823 -0.4540 19.4266
216 312 -1.2330 -1.8618 17.5455
240 312 -3.0174 -2.0821 15.6817
264 312 -4.3404  0.1781 13.1266
288 312 -3.7695  0.7201 16.3546
312 312 -4.9298  0.0615 20.4140
336 312 -4.7255 -1.8624 17.0059
360 312 -4.5271 -1.9600 15.7556
384 312 -4.0796  2.2908 12.0709
408 312 21.5013 -3.7893  9.7250
432 312  0.3549 -0.3753 11.4158
456 312  1.1125 -0.5160 14.1412
480 312  1.5331 -0.2072 17.1921
504 312  1.6865  0.0331 18.3171
528 312  1.3329  0.4007 14.4313
552 312  0.5554  0.3069 16.1039
576 312 -0.6581  0.0432 15.1681
600 312 -1.9470 -0.0889 17.7692
624 312 -1.5238 -0.1893 17.7052
648 312 -2.1726  1.7766 16.9709
672 312 -1.9662  3.6878 19.7335
696 312 -0.3815  4.1611 15.6586
720 312 -0.4610  2.6631 11.3905
744 312 -0.8309  2.8386 15.8787
768 312 -1.3135  2.3470 14.8554
792 312 -3.2430  3.2508 16.3608
816 312 -3.8637  4.2633 17.3396
840 312 -2.7833  2.7110 13.1535
864 312 -3.0362  1.8440 14.3815
888 312 -1.9824  1.6361 14.2643
912 312 -0.5309  1.6097 15.4631
936 312  0.4392  1.9760 15.0819
960 312  1.5129  1.1908 11.1003
984 312  2.9850  0.0090  8.9929
 24 336 -0.0007 -0.0173 12.5345
 48 336 -2.1170 -2.7362 15.0192
 72 336  0.8325 -8.8196 10.9251
 96 336  2.1930 -5.4399 13.8984
120 336  3.2192 -7.0777 23.9754
144 336  2.8474 -7.1000 22.3533
168 336  1.3883 -8.1225 15.6741
192 336  0.0760 -1.2358  8.3505
216 336 -3.1190 -2.5895 15.1585
240 336 -2.9607 -2.1827 14.4658
264 336 -4.2900 -0.9262 14.2462
288 336 -4.4330  0.0728 20.5945
312 336 -4.0429  1.0067 17.2714
336 336 -3.6092 -2.5508 17.7812
360 336 -5.2624 -3.0584 13.1734
384 336 -17.3307  3.1188 14.5259
408 336 18.7296 -10.5047 14.5468
432 336 -15.1101 -10.2511 13.0147
456 336  0.9194 -1.0263  9.2222
480 336  0.4265 -0.4092 19.7226
504 336  0.3072 -0.1154 17.2216
528 336  0.2941  0.3719 15.3815
552 336  0.2286  0.1977 16.1506
576 336 -0.3424  0.3612 15.5410
600 336 -0.9541  0.2639 19.6353
624 336 -0.9374  0.1301 16.2049
648 336 -2.1287  1.7254 18.0600
672 336 -1.9579  3.5046 14.8939
696 336 -2.2446  2.9070 14.9694
720 336 -3.3363  2.5058 17.0309
744 336 -3.6286  3.0244 14.9332
768 336 -4.0471  2.9822 13.8428
792 336 -4.0324  3.6264 17.3741
816 336 -4.1391  3.5076 17.0310
840 336 -3.6421  3.2890 13.7482
864 336 -2.4537  2.3759 14.5462
888 336 -2.1898  0.8456 18.1254
912 336 -2.7633  0.1401 17.8123
936 336  0.1560  0.9237 14.9445
960 336  2.5255  0.1318 14.7298
984 336  2.8045 -0.0032  8.3196
 24 360 -0.0026 -0.0117 12.2165
 48 360  6.0010 -8.9483 16.1737
 72 360  4.6964 -8.7228 11.7587
 96 360  2.6609 -7.7439 12.3076
120 360  7.9113 -4.0034 10.7819
144 360 12.8613 -4.8061 14.6289
168 360 -31.9960 -3.8904  9.0692
192 360 -3.2266 -3.8265 20.0266
216 360 -3.0372 -4.7315 16.1315
240 360 -3.2880 -2.1513 12.8773
264 360 -4.1668 -1.2002 19.8908
288 360 -3.6397 -0.6628 19.2380
312 360  4.7830 -5.1480 13.1577
336 360 -1.9243 -4.0158 14.5480
360 360 -3.2058 -3.4191 13.2729
384 360 -18.2014  0.2863 13.1487
408 360 -17.6274  0.0605  7.8495
432 360 -3.4660 -1.8666  9.5063
456 360 -1.7029 -1.4981  8.9354
480 360 -0.4125 -0.8562 17.4055
504 360 -0.4459 -0.6764 17.1954
528 360 -0.2115 -0.3235 15.2975
552 360 -0.0960 -0.2606 14.1973
576 360 -0.1846  0.4010 14.4073
600 360 -0.2119  0.2100 16.0304
624 360 -0.0224  0.3269 18.3463
648 360 -1.1585  2.0792 16.2451
672 360 -0.3056  2.9895  7.4878
696 360 -2.4012  2.7765  7.6627
720 360 -0.3660  1.3782 14.5524
744 360 -1.0631  0.8001 19.9923
768 360 -2.0920 -0.5666 17.3040
792 360 -3.8562  0.7892 15.6851
816 360 -3.3738  0.7509 15.1987
840 360 -3.0983  2.4642 17.6804
864 360 -2.9793  2.1233 15.4948
888 360 -3.0146 -0.0141 25.4329
912 360 -3.4158 -0.6160 21.6605
936 360 -2.5400 -0.8145 14.8064
960 360  1.5465 -0.0638 17.0098
984 360  2.8192  0.0182  8.7253
 24 384 -0.0133  0.0022 12.3922
 48 384  7.1706 -7.9003 13.2179
 72 384  7.9725 -8.1958 13.8119
 96 384 10.2109 -7.0176 13.1973
120 384  4.6981 21.0456 11.5639
144 384 13.3403 -5.6308  8.1568
168 384 27.6586  0.0982 15.5650
192 384 -2.7671 -3.9339 14.8867
216 384 -2.8360 -4.5669 19.5060
240 384 -3.3702 -4.6492 15.7612
264 384  0.2314 -6.0553  8.3713
288 384 -1.8127 -2.1528 11.3970
312 384  4.6238 -4.9944 14.8917
336 384  2.5251 -6.0030 14.6973
360 384 -0.4506 -4.7541 14.6285
384 384 -2.0842 -5.0846 19.4995
408 384 -1.8148 -5.3871 13.7558
432 384 -3.2058 -3.7963 13.6697
456 384  0.3463 -1.0277 14.9783
480 384  0.1899 -1.6190 16.1072
504 384  0.2116 -1.7869 17.0860
528 384  1.7207 -2.8025 14.1083
552 384  1.7354 -0.6668 15.8081
576 384  2.3639  0.2086 13.7588
600 384  1.2461  0.5942 18.7341
624 384  0.3655  0.3360 17.6857
648 384 -0.3001  0.9306 15.7487
672 384  9.8957  9.8638 14.2164
696 384  8.7092  8.5490 13.5427
720 384  0.1425  1.6301 13.2410
744 384 -0.2588  1.2762 16.9401
768 384 -0.9963  0.2822 18.6323
792 384 -1.2791  0.0057 21.2399
816 384 -1.8014  0.2523 14.8084
840 384 -3.0027  2.0454 12.1855
864 384  0.1154  2.3751 12.9409
888 384 -2.7347  0.3796 19.7364
912 384 -4.4994 -0.0393 19.9426
936 384 -3.8435 -0.3124 19.0129
960 384 -1.6289  0.1771 14.1936
984 384  2.8456  0.0776  8.8638
 24 408 -0.0099  0.0218 12.4927
 48 408  9.3243 -7.2187 10.4842
 72 408  9.8908 -7.2520 18.3459
 96 408 10.1692 -7.0894 15.7531
120 408  6.1143 11.0150 10.2078
144 408 -18.2200 -7.2868 16.9180
168 408 27.2677 -1.9520 21.6519
192 408 -2.2655 -4.7922 12.0053
216 408 -2.0717 -4.9457 16.9712
240 408 -0.3835 -7.0033 13.4333
264 408 -0.3910 -7.0112 17.6185
288 408  0.9765 -5.0820 12.5512
312 408  1.0000  1.0000  9.0955
336 408 -4.8722 -3.6462 14.1177
360 408 -5.5323 -5.2150 20.3140
384 408 -4.7478 -5.5262 17.9561
408 408 -3.1215 -3.9970 14.2965
432 408  0.0060 -4.0647 15.1902
456 408  0.6737 -3.9137 17.1163
480 408  0.9120 -3.2603 17.5655
504 408  0.3618 -3.5781 19.0201
528 408  1.8432 -3.0546 15.4920
552 408  2.2557 -1.8963 17.4701
576 408  2.7285 -0.2527 14.5862
600 408  1.2871 -0.1106 19.9178
624 408  0.8477 -0.4703 20.5429
648 408  0.3641 -0.2586 20.1446
672 408  0.6056  1.2260  9.5862
696 408  1.4012  3.6640  8.6460
720 408  0.2226  3.0332 12.8110
744 408  0.2330  2.3797 15.7828
768 408 -0.8509  0.1700 15.3568
792 408  0.7360 -0.8480 13.0499
816 408 -1.0002  0.2400 12.0397
840 408  0.0241  4.4597 14.2469
864 408 -0.9794  4.7241 13.6067
888 408 -3.0542  2.1429 20.6270
912 408 -3.3838  1.2853 17.7829
936 408 -1.7982  1.0499 19.6539
960 408  0.0571  0.7081 16.4084
984 408  2.8660 -0.0147  8.7372
 24 432 -0.0100 -0.0084 12.5197
 48 432  3.8732 -5.9023 12.4495
 72 432  5.9289 -7.6576 13.2160
 96 432  3.2409 -5.2341 12.5657
120 432  3.2195 -5.6772 14.6511
144 432 -30.7400 23.8098  8.7709
168 432 26.7171 -6.6942 22.4334
192 432 22.9037 -1.8539  8.2632
216 432 -0.8147 -6.3238 18.4490
240 432 -2.0939 -7.3339 21.4064
264 432 -1.8154 -7.1667 24.7043
288 432 -3.7394 -8.8824 13.2820
312 432  1.0000  1.0000  7.3061
336 432 -5.4381 -6.7803 12.8131
360 432 -5.7427 -5.2716 17.5741
384 432 -5.7319 -5.0460 17.5717
408 432 -4.1329 -5.8151 12.4032
432 432 -0.0426 -3.4377 19.9174
456 432  0.4705 -3.5983 18.9629
480 432  0.3835 -3.4912 17.6813
504 432  1.6494 -4.0544 20.3000
528 432  2.5799 -3.8029 16.3871
552 432  2.2720 -2.0563 18.7490
576 432  2.1870 -1.7299 13.4490
600 432  1.2880 -0.4416 17.0628
624 432  1.1815 -0.4164 22.7476
648 432  1.3974 -0.4744 20.4602
672 432  1.7581  0.7077 14.8017
696 432  2.7501  3.4002 14.6990
720 432  2.3316  3.6826 14.8357
744 432  0.3780  2.9603 16.6155
768 432 -1.9457 -0.7898 13.6692
792 432 -1.8673 -1.0775 14.9371
816 432  0.0190  3.1211 15.6368
840 432 -0.2346  3.6829 15.5852
864 432 -0.1659  3.7846 14.6869
888 432 -0.2803  3.3936 18.4137
912 432 -0.1330  2.5426 16.2359
936 432 -0.0407  1.1037 16.9141
960 432  0.2338  1.2965 20.3791
984 432  2.8966  0.0207  8.9387
 24 456 -0.0061 -0.0168 12.7213
 48 456  4.0439 -4.2091 16.4532
 72 456  3.0516 -5.4992 13.1622
 96 456  4.5982 -7.1779 16.1013
120 456  3.8242 -7.0898 16.5619
144 456  3.0965 -7.4537 17.1023
168 456  3.4700 -8.1942 18.3566
192 456  1.0000  1.0000  8.0142
216 456 -2.5917 -6.9813 22.3321
240 456 -2.5979 -6.8780 21.4746
264 456 -2.8157 -6.8567 18.5251
288 456  0.8125 -7.9786  7.0505
312 456  1.0000  1.0000 10.0576
336 456 -6.2084 -8.1540 16.0512
360 456 -7.1319 -7.6898 11.6174
384 456 -4.7920 -4.2826 16.6962
408 456 -1.9395 -3.9335 15.9942
432 456 -0.6380 -3.6996 20.9719
456 456 -0.2320 -3.3624 17.2424
480 456  0.1551 -3.2058 18.8372
504 456  1.9301 -4.2475 23.4900
528 456  2.3946 -4.1372 20.7463
552 456  1.8198 -2.6707 19.4786
576 456  1.5759 -1.9252 15.7684
600 456  0.8336 -1.2994 17.4360
624 456  0.3152 -3.1384 18.8502
648 456  1.6429 -1.5964 18.6340
672 456  1.2992 -0.8816 17.7494
696 456  1.8516  1.4774 13.5934
720 456  2.3139  3.0080 18.6457
744 456  2.2372  3.9371 18.2091
768 456  0.0816  3.5365 13.8675
792 456 -0.8449  3.6810 17.6772
816 456 -0.3360  4.5232 17.8365
840 456  0.0951  3.6158 17.8814
864 456  0.2646  3.8041 13.8056
888 456  0.3775  2.3696 14.2124
912 456  0.4003  1.8528 17.3454
936 456  0.2742  1.1898 15.2991
960 456  0.0154  4.6818 15.3214
984 456  3.0036  0.0423  9.6886
 24 480 -0.0102 -0.0381 12.7564
 48 480  3.8472 -4.2788 17.6963
 72 480  2.8316 -4.7531 13.9608
 96 480  4.5850 -6.7283 13.7384
120 480  3.8042 -6.9174 13.9629
144 480  2.3489 -7.0735 16.0538
168 480  2.3467 -7.6519 16.2415
192 480  0.6066 -9.2341 15.6338
216 480 -2.6297 -6.9051 15.1284
240 480 -2.4459 -7.0054 15.3091
264 480 -0.9856 -9.1052 14.4816
288 480 -1.0470 -9.2590 15.2891
312 480  1.0000  1.0000  6.3776
336 480  7.4295 -5.7509 13.3814
360 480  8.7652 -5.4251 10.0191
384 480  0.2325 -4.5580 15.6746
408 480  1.8156 -4.2763 15.1297
432 480  2.7591 -4.1207 15.2934
456 480  3.0854 -4.6505 15.2296
480 480  2.1326 -4.0065 16.1096
504 480  1.4342 -3.6583 18.9777
528 480  1.3543 -3.5464 22.0734
552 480  0.7194 -2.7624 24.8383
576 480  0.5352 -1.5207 16.5509
600 480  0.6518 -1.3693 16.1200
624 480  0.0050 -1.9707 18.3020
648 480 -0.2621 -2.3005 18.0637
672 480  0.3801 -1.5802 19.8789
696 480  1.0843 -0.6342 15.7794
720 480  0.9896  2.2412 18.4770
744 480  1.8736  3.7479 18.8841
768 480 -0.2387  4.1387 13.7530
792 480 -1.0912  4.8919 16.6115
816 480 -0.4871  5.0434 17.2999
840 480 -0.4257  5.7085 17.4464
864 480 -0.8576  6.0407 19.6082
888 480 -0.6732  5.8823 16.0688
912 480  2.0857  5.1240 11.8147
936 480  0.0156  5.8145 14.8315
960 480 -0.1175  5.5224 17.7577
984 480  3.0440 -0.0082  9.4739
 24 504 -0.0123 -0.0485 12.4742
 48 504  0.0617 -4.5180 14.4444
 72 504  0.1200 -5.3842 10.5367
 96 504  0.5617 -7.5591 13.3406
120 504  1.9443 -6.6689 19.9588
144 504  1.7848 -6.4409 18.0188
168 504  0.4023 -6.9211 19.1388
192 504  0.5296 -8.0423 17.9982
216 504  0.2977 -7.3560 14.8668
240 504  0.2115 -9.0327 11.4870
264 504 -0.0368 -8.9329 14.2110
288 504  0.4320 -9.8407 14.1636
312 504  6.0757 -9.5656  8.2022
336 504  7.4022 -5.0104 15.3728
360 504  8.6110 -5.7646 14.3610
384 504  2.9506 -4.8330 15.0120
408 504  4.1391 -3.0555 16.1971
432 504  3.7968 -3.5797 19.4331
456 504  4.0295 -4.0180 18.0423
480 504  3.0678 -3.0732 16.2849
504 504  2.1167 -1.8660 22.6109
528 504  0.2135 -3.0428 20.9883
552 504  0.1498 -2.8595 23.4158
576 504  0.3907 -2.0732 18.7527
600 504  0.7439 -1.7636 18.4944
624 504  0.1851 -1.6291 18.2437
648 504 -0.0590 -1.6807 19.6143
672 504  0.4634 -2.1787 17.0393
696 504  1.0193 -1.7949 15.1751
720 504  0.3721  1.5428 17.0282
744 504 -0.7644  2.6350 18.4240
768 504 -0.8255  4.6166 13.5048
792 504 -0.4623  5.9406 14.3004
816 504 -0.2924  5.8565 18.2879
840 504 -0.2842  6.5963 20.6909
864 504 -0.1782  6.6598 16.7875
888 504 -0.8390  3.8384 13.6218
912 504 -3.3273  5.6237 12.1330
936 504 -1.0878  5.0542 11.0041
960 504 -0.7559  4.8722 11.6696
984 504  2.7932  0.0102  8.5422
 24 528 -0.0099 -0.0442 12.5661
 48 528 -0.9677 -4.8574 20.5677
 72 528 -0.8596 -6.7319 20.4793
 96 528  0.2147 -7.1080 19.2465
120 528  0.2773 -5.9436 22.0716
144 528  0.2436 -6.1912 13.4011
168 528  3.8198 -8.8471 14.7998
192 528  1.9626 -7.2417 12.5011
216 528  0.8757 -7.9074 13.2484
240 528 -0.0642 -9.2420 16.7269
264 528  0.2077 -8.7899 13.7963
288 528  2.9624 -8.0564 13.7049
312 528  2.2814 -7.6689 14.0787
336 528  2.7337 -6.9362 12.1044
360 528  3.8072 -1.1515 11.4052
384 528  4.3641 -2.3293 12.9633
408 528  4.5019 -2.9450 19.3746
432 528  4.2794 -2.7308 20.3951
456 528  4.2924 -2.6307 17.4449
480 528  3.1627 -2.2690 20.0254
504 528  3.2321 -1.5503 25.0295
528 528  3.3727 -1.4311 23.2106
552 528  0.6423 -2.1255 19.4594
576 528  0.1865 -2.1081 19.2174
600 528  0.3615 -1.5628 19.2479
624 528  1.5211 -1.7887 16.8878
648 528  1.8294 -1.9163 16.2494
672 528  1.5059 -2.5676 21.4621
696 528  1.3076 -2.5278 17.9393
720 528 -0.6583  2.8042 17.6380
744 528 -0.7315  2.8784 17.1251
768 528  0.0349  4.7798 12.1655
792 528 -0.7273  7.2094 10.9969
816 528 -2.1490 -11.1181 10.7500
840 528 -0.0579  6.2671 10.3274
864 528 -0.3511  6.5489 13.3217
888 528 -2.3679  3.6196 17.7039
912 528 -3.2726  1.7696 13.5384
936 528 -6.4682  0.0832 11.0885
960 528 -19.8674 -3.0914  6.9305
984 528  2.8178  0.0017  8.5372
 24 552 -0.0022 -0.0475 12.5723
 48 552 -1.0115 -5.0311 20.4688
 72 552 -0.6474 -5.6947 18.5778
 96 552 -1.3422 -4.9033 17.8728
120 552 -0.3307 -4.3454 20.9195
144 552  3.0170 -10.4061 13.8707
168 552  3.6658 -9.6581 17.7966
192 552  2.3667 -7.3142 16.5476
216 552  2.2878 -7.1237 14.4222
240 552  0.0780 -10.9652 11.0649
264 552 -1.9774 -2.9933  8.2783
288 552  3.1469 -7.8666 13.2326
312 552  2.8712 -7.6600 15.2655
336 552  2.0627 -3.0464 11.6866
360 552  4.0232 -2.1651 16.9633
384 552  4.2578 -2.0731 18.8748
408 552  5.0696 -1.8132 16.5212
432 552  5.6876 -1.5727 14.7771
456 552  5.9539 -1.3502 17.2899
480 552  5.7529 -0.8373 16.5169
504 552  3.8399 -1.3607 22.0575
528 552  3.5293 -1.2435 20.7254
552 552  1.6726 -0.4829 18.1331
576 552  1.4473 -0.5736 18.8331
600 552  1.2799 -0.5238 17.9593
624 552  2.0041 -1.2625 15.6826
648 552  2.3754 -1.2167 15.8447
672 552  2.3550 -0.4310 16.6671
696 552  0.8498  1.3209 18.4569
720 552 -0.1398  2.3188 20.9204
744 552  0.1731  3.8730 18.1201
768 552  1.3352  3.2730 10.1144
792 552 -0.3821  7.0975  9.9775
816 552  0.8423 25.2376 13.5483
840 552 -3.8193 26.2890 10.7223
864 552 -1.1467  4.0537 17.1213
888 552 -3.6543  2.8691 18.4457
912 552 -3.3212  0.9851 21.6183
936 552 -3.7728  0.2844 12.2483
960 552  2.0496 -2.2067  9.1471
984 552  2.8208 -0.0511  8.5825
 24 576  0.0239 -0.0539 12.0223
 48 576  0.7619 -5.8584 18.9491
 72 576 -0.1149 -4.7975 17.2519
 96 576 -2.8251 -4.0629 18.4625
120 576 -2.9575 -3.9908 17.4850
144 576 -4.2288 -1.9069 11.2833
168 576 -1.5617 -4.9689  8.5815
192 576  2.8561 -7.0400 13.3259
216 576  5.9274 -8.7368 14.1816
240 576  5.7610 -7.6808 12.4540
264 576  8.1370 -7.0932 18.7256
288 576  7.1451 -7.9893 13.7341
312 576  3.9707 -3.5500 19.0805
336 576  3.8600 -2.6664 18.0152
360 576  3.6949 -2.5220 20.3886
384 576  3.9168 -2.5200 18.5130
408 576  4.2821 -1.3627 17.1942
432 576  5.5887 -0.8572 19.6305
456 576  8.6445 -0.1154 15.5311
480 576  7.3468 -0.6196 15.6999
504 576  3.8728 -1.2587 14.6115
528 576  2.2695 -0.0314 19.4817
552 576  1.5570 -0.1239 19.7752
576 576  1.2602  0.2138 19.7074
600 576  2.7918  0.7426 17.8570
624 576  3.3453 -0.2694 15.5397
648 576  1.0067  0.0660 17.3292
672 576  1.0564  1.1921 18.3738
696 576  1.3390  2.2519 24.1534
720 576  0.9581  2.2225 20.3653
744 576  2.3212  0.0760  8.4391
768 576 -5.5520  6.8998 10.9420
792 576 -3.7842  7.9126 12.5685
816 576 24.0265  3.1421  8.0721
840 576 -1.8128  1.0809  9.7131
864 576 -1.5505 -0.8858 16.0262
888 576 -2.3277 -1.0341 14.3099
912 576 -3.2179  0.4714 22.3205
936 576 -3.6097 -0.0324 14.2362
960 576  1.8717 -1.3852 11.4314
984 576  2.8450 -0.0350  8.8934
 24 600  0.0162  0.0032 12.3121
 48 600  0.9064 -5.4257 14.7525
 72 600 -12.8655 -3.3260 13.0024
 96 600  4.4967 -3.8907 10.8808
120 600 -3.3915 -3.5986 14.2709
144 600 -2.9057 -5.8484 16.0001
168 600  0.2789 -8.6305 15.9842
192 600  0.3183 -8.8772 17.1786
216 600  3.2453 -7.3400 16.0225
240 600  2.9338 -6.9632 14.0337
264 600  7.0205 -7.1669 14.0578
288 600  3.4641 -1.9802 11.4575
312 600  3.6498 -1.8830 17.2214
336 600  3.8445 -2.2513 24.1871
360 600  3.8634 -2.5290 22.4990
384 600  4.5626 -1.8590 14.1820
408 600  4.6481 -2.5310 16.2045
432 600  4.5527 -0.3733 15.3487
456 600  4.1863  1.2703 19.6407
480 600  4.0234  2.1068 17.2782
504 600  3.7567  2.4642 21.7353
528 600  3.0485  2.7059 17.0442
552 600  8.0658 -0.5510 14.3358
576 600  4.3009  0.1425 13.9577
600 600  5.1017  1.9975 14.2849
624 600  5.3646  2.0923 10.3418
648 600 -0.6289  1.0717 13.7116
672 600  0.8138  0.9192 18.0202
696 600  0.5605  0.9773 20.2177
720 600  0.8855  2.0014 14.6547
744 600 -4.2283 15.1202 11.8471
768 600 -3.8261 11.1504  9.0659
792 600 -2.6393  8.6961 11.5448
816 600 -0.9603  8.8722 12.6858
840 600 -0.0788 -0.9388 17.7584
864 600 -0.6353 -1.1942 19.4167
888 600 -2.7785 -2.7334 16.4557
912 600 -0.4418 -4.6997 12.7707
936 600 -0.6320 -5.4432 13.7327
960 600 -2.8768 -5.9183 16.8159
984 600  2.8412 -0.0138  8.5129
 24 624 -0.0080 -0.0131 12.7277
 48 624 -1.3830 -5.8625 11.1333
 72 624 -12.3315 -9.0075 14.4146
 96 624  4.8058 -6.0929 11.7650
120 624 -3.1288 -5.9516 13.9916
144 624 -1.7522 -7.4615 11.0992
168 624 -0.8680 -5.9317 10.8442
192 624  0.1094 -8.7602 12.9037
216 624  3.6846 -6.0764 18.8061
240 624  3.9516 -6.4845 19.8591
264 624  4.0739 -7.0582 17.3530
288 624  3.5195 -1.7672 19.6592
312 624  6.3143 -3.3026 13.2552
336 624  6.4414 -4.1358 13.6959
360 624  5.0537 -3.6265 15.3560
384 624  5.4750 -2.4379 15.5632
408 624  4.8727 -2.5863 16.8856
432 624  4.3051 -0.6269 16.9038
456 624  3.8560  1.6571 16.5962
480 624  3.1000  3.5706 15.7693
504 624  3.2298  2.8669 18.3927
528 624  3.7905  0.8740 15.1817
552 624  2.2813 -1.6920 15.7503
576 624  4.1253 -0.0674 16.1074
600 624  3.1693  2.9088 11.6775
624 624  3.1459  5.9533 13.5820
648 624  2.0439  4.8527 14.9104
672 624  0.9810  1.7818 17.1750
696 624  0.0380 -0.0150 16.6069
720 624 -0.0462  0.1589 12.1781
744 624 -2.1733 15.8092 17.8676
768 624 -1.8576 14.1131 15.6286
792 624 -1.0758 11.0713 11.7933
816 624 -1.1470  7.1185 13.4898
840 624 -1.2130 -0.4574 15.8653
864 624 -1.4131 -0.7344 20.7932
888 624 -5.9255 -1.1997 19.8466
912 624 -5.4461 -1.7190 15.3369
936 624  0.2607 -2.9520 13.0785
960 624 -3.1500 -4.1446 20.6941
984 624  0.4648 -0.0315  8.0275
 24 648 -0.0061 -0.0390 12.1144
 48 648 -1.2205 -6.1699 16.3094
 72 648 -1.0798 -6.2054 12.2176
 96 648 -1.0845 -7.9933 12.5213
120 648 -1.0415 -8.3636 15.0402
144 648  0.9707 -8.1824 15.4806
168 648  1.6202 -6.3285 18.4348
192 648  1.7566 -7.0449 15.5629
216 648  3.5148 -6.3493 16.4576
240 648  4.6281 -5.4668 19.0094
264 648  4.3036 -6.6465 13.9090
288 648  5.8607 -8.8611 16.0862
312 648  7.4580 -4.5430 18.6552
336 648  6.6763 -4.6838 19.9821
360 648  5.6593 -4.3135 19.0101
384 648  6.5268 -3.9590 13.0495
408 648  6.9627 -6.9007 12.9826
432 648  5.7602 -0.1851  9.8086
456 648  2.8452  3.6162 18.1422
480 648  3.2557  3.7270 15.6382
504 648  4.2195  1.9178 15.4935
528 648  3.0026 -0.9472 15.9081
552 648  1.9889 -1.6404 18.4625
576 648  1.6264 -1.3022 20.8062
600 648  0.8740  2.4776 16.4383
624 648  0.3676  3.7654 16.2796
648 648  0.3994  4.2990 14.9115
672 648  1.2512  3.7920 15.2845
696 648 -0.8381 -0.4575 17.2544
720 648 -1.9408 -0.5572 18.3582
744 648 -1.0470 15.0912  9.5633
768 648 -0.8548 15.0644 11.7199
792 648  0.5415 13.8238 16.2207
816 648 -0.0285  7.0672 13.5307
840 648 -2.0805 -0.0859 13.4685
864 648 -2.7901  0.0620 18.7167
888 648  0.3172 -2.5232 21.8248
912 648  0.3925 -2.1320 26.0095
936 648  0.5434 -2.0087 25.1661
960 648 -0.3932 -2.2443 14.7982
984 648  0.4582 -0.0239  8.5814
 24 672  0.0249 -0.0307 11.5163
 48 672 -1.8911 -6.2935 16.1776
 72 672 -0.3091 -6.9037 16.9371
 96 672  0.6750 -7.9540 17.4006
120 672  0.3589 -8.4566 15.8852
144 672  0.4202 -8.1254 13.8540
168 672  2.0944 -6.9514 13.8010
192 672  2.0906 -6.6920 14.5297
216 672  3.5880 -9.2992 11.5139
240 672  4.9167 -5.9757 12.9498
264 672  5.1513 -8.0277 17.4758
288 672  5.1751 -8.0906 21.3916
312 672  6.8183 -4.4148 15.2710
336 672  7.3985 -4.5669 14.5946
360 672  7.5823 -5.7369 13.6866
384 672  6.1466 -7.6684 14.9940
408 672  6.9092 -7.1217 19.0001
432 672  6.2141  0.3279 10.2434
456 672  7.3036  1.0445 13.0284
480 672  8.7956  2.1923  8.2346
504 672  9.0236  4.1524  9.9313
528 672  4.8542 -1.1473 13.3535
552 672  1.7580 -1.2615 15.8938
576 672  1.1344 -1.2965 21.3925
600 672 -0.1126  2.7161 17.5878
624 672  0.2274  3.2806 16.0121
648 672  1.4712  5.1333 14.1004
672 672  1.9337  4.6524 14.4864
696 672 -0.9919  0.0750 14.8209
720 672 -0.4499  0.2357 18.1652
744 672  0.0267  0.2915 15.1159
768 672  1.6545 11.0282 11.5354
792 672  2.7822  9.9825 14.4337
816 672  3.0541  9.8215 19.9464
840 672 -1.7688 -0.2365 13.3638
864 672 -3.9758  0.5047 19.1163
888 672  0.2707 -2.4604 25.3864
912 672  0.5441 -2.9741 27.3806
936 672  0.4818 -2.7024 25.9333
960 672 -0.1253 -3.6300 15.7320
984 672  0.4748 -0.0521  8.7170
 24 696  0.0178  0.0034 11.9862
 48 696 -0.0943 -6.3511 14.5352
 72 696  1.6859 -7.0983 14.1228
 96 696  2.2818 -7.2907 15.6225
120 696  3.8429 -7.1549 15.8018
144 696  0.9873 -7.8222 15.2836
168 696  1.2758 -7.8513 17.6718
192 696  1.1975 -8.1311 15.4604
216 696  4.7404 -9.3955 14.1657
240 696  4.8606 -9.0774 15.3956
264 696  4.8365 -7.9678 14.5317
288 696  5.1556 -7.5556 13.8595
312 696  5.1464 -6.7377 10.3126
336 696  3.3180 -6.0080 12.9768
360 696  5.9897 -5.2017 12.7329
384 696  5.8587 -7.9349 15.7196
408 696  5.5849 -5.8580 13.5624
432 696  9.1526  1.7202 14.1432
456 696  8.1170  0.1995 14.3077
480 696  4.2406 -14.2787  8.1425
504 696  3.8826 -15.2826 10.4747
528 696  4.7743 -1.9211 14.6743
552 696  4.1405 -1.5242 13.7797
576 696  5.0084 -0.2545 15.2471
600 696  4.9827  3.6654 18.2020
624 696  2.4044  3.7259 15.2730
648 696  1.4715  5.1489 13.6090
672 696  2.0271  0.0471 16.7830
696 696  1.5716 -0.1964 18.5675
720 696  0.7138  1.8696 12.3047
744 696  0.0068  0.0790  8.5521
768 696  2.5506 11.7841  9.3997
792 696  6.1040  5.0794 12.0020
816 696  7.7840  4.7546 10.8637
840 696  3.0436 10.1492 10.3724
864 696 -1.9567  2.2379 15.6958
888 696 -0.0090  0.7681 14.5853
912 696 -1.0461 -2.0829 18.0214
936 696 -0.2271 -3.2485 14.2408
960 696 -0.1686 -6.6520 15.3834
984 696  2.7516 -0.0387  8.8418
 24 720 -0.0059  0.0142 12.4287
 48 720  1.3589 -6.9097 18.1208
 72 720  1.6234 -7.1985 18.2045
 96 720  0.5910 -8.7131 14.3135
120 720  0.4506 -7.9345 14.4883
144 720  2.0444 -6.4242 15.9802
168 720  1.5851 -8.0373 15.7751
192 720  3.5255 -9.4888 15.5164
216 720  4.7338 -8.9918 16.6281
240 720  4.1410 -7.3547 12.9743
264 720  4.3526 -7.7784 13.8338
288 720  4.9024 -7.0897 14.6815
312 720  4.2267 -4.0160 14.8937
336 720  3.4819 -5.7517 17.1992
360 720  4.1589 -6.3698 15.5410
384 720  4.2362 -6.8236 16.6717
408 720  5.1825 -4.9218 13.9876
432 720  4.4049 -1.9144 12.9368
456 720  9.0577 -1.7389 14.4031
480 720  9.1719 -2.3500 18.5300
504 720  9.2305 -2.6596 13.1529
528 720  1.0000  1.0000  6.3080
552 720  5.4122 -3.0648 18.0023
576 720  5.1607 -2.9509 17.1519
600 720  4.7672  3.8979 21.1813
624 720  3.8508  5.0333 21.5037
648 720  2.3859  3.9024 17.9568
672 720  1.9561  2.8982 20.4698
696 720  1.5349  3.0727 17.9316
720 720  1.5330  3.3694  8.7037
744 720 -20.6442 -5.8593 17.7262
768 720 13.9741 13.5640 17.5178
792 720 -10.0982 23.3326  9.9796
816 720  1.2437 13.8186 11.4738
840 720  2.3781 11.2149 13.8969
864 720 -0.0925  4.2119 14.9432
888 720  0.5137  2.3101 14.3814
912 720 -1.8241 -1.5069 14.2573
936 720 -0.9263 -6.7419 15.0489
960 720 -0.3056 -7.0047 16.1032
984 720  2.9281 -0.0092  9.1203
 24 744  0.0166 -0.0121 12.1778
 48 744 -0.1220 -5.7031 15.7482
 72 744  0.0446 -6.1799 14.8331
 96 744 -1.7493 -8.0482 13.3361
120 744 -1.6068 -7.9741 14.6970
144 744 -0.9558 -7.8691 13.3912
168 744 -0.9218 -7.9836 12.3366
192 744 -5.6837 -6.0184 10.5663
216 744  4.8132 -6.8061 11.4291
240 744 -0.2854 -8.8070 11.1789
264 744 -0.3932 -9.0878  9.7873
288 744  1.7612 -8.0040 11.5067
312 744  2.8144 -7.2009 10.1466
336 744  6.3606 -5.8188 13.2473
360 744  5.8215 -7.5801 14.1058
384 744  6.7222 -5.4024 12.3501
408 744  8.1221 -3.7341 13.1383
432 744  8.9899 -4.0304 10.9602
456 744  8.9861 -0.8843 12.0996
480 744  9.0961 -2.3541 21.5507
504 744  8.8345 -2.2194 13.4142
528 744  4.2935 -8.3149 14.0040
552 744  6.0680 -0.2746 12.7899
576 744  5.1784 -2.7461 12.6985
600 744  4.1904  3.0820 10.6186
624 744  4.0261  5.0515 17.1691
648 744  2.0898  3.5371 15.5954
672 744  1.7218  3.0478 18.0164
696 744  1.8904  3.3472 15.4904
720 744 30.8335 -41.8636  9.4467
744 744 -21.8065 -0.3941 10.3358
768 744 16.1621 11.9983 14.1046
792 744 -6.6054 -9.0984  7.9466
816 744  4.2197  9.9451  9.8791
840 744  1.3235  9.7255 10.5777
864 744  1.4408  6.0289 20.3987
888 744  1.8135  5.5308 16.7128
912 744  0.5917 -3.9998 12.4640
936 744 -0.8130 -4.3031 13.2957
960 744 -0.4460 -5.9443 13.9345
984 744  2.8240 -0.0282  8.9186
 24 768  0.0324 -0.0387 11.7527
 48 768 -3.5296 -5.7887 12.0273
 72 768 -2.3178 -6.0449 12.5784
 96 768 -4.0755 -6.5652 14.7785
120 768 -4.1993 -6.7515 15.7440
144 768 -3.4274 -7.7232 12.5565
168 768 -3.6161 -6.2255 14.9190
192 768 -2.6766 -6.7019 19.5269
216 768 -2.6590 -7.3790 19.3234
240 768 -3.6958 -8.9128 13.0851
264 768 -2.1852 -8.6886 11.2929
288 768  1.9558 -8.9959 11.9306
312 768  2.1652 -9.2424 11.7712
336 768  2.0339 -3.8502 10.9830
360 768  6.0922 -6.2137 11.2875
384 768  6.7002 -4.9576 13.4177
408 768  6.8762 -5.1041 12.3033
432 768  9.1017 -4.3051 11.4922
456 768  9.0349 -0.2151 10.6753
480 768  6.7042 -1.0648 12.6556
504 768  4.7908 -2.6388 13.8036
528 768  6.0950 -3.9054 17.0618
552 768  5.2480 -10.2423 19.9715
576 768  4.0677  0.2136 12.9853
600 768  3.9764  0.0705 13.5921
624 768  3.0852  5.7605 18.7239
648 768  3.8274  5.2468 16.3238
672 768  3.0220  3.8209 15.2286
696 768  4.2062  4.1956 15.5809
720 768  6.0819  5.1567 14.8740
744 768 -1.4293  2.4672 15.5172
768 768  0.2803  2.7198 14.8524
792 768  3.5577  7.9256 12.7248
816 768  3.6176  8.6796 14.4365
840 768  2.3906  9.3394  9.5565
864 768  1.8631  5.8536 16.1477
888 768  1.8049  4.9009 15.6546
912 768  0.7397 -3.9986 14.0859
936 768  0.7573 -3.0919 18.9519
960 768  0.6927 -2.5333 14.3056
984 768  2.8184 -0.0060  8.9272
 24 792  0.0221 -0.0760 10.9349
 48 792 -4.2049 -5.3503 13.8020
 72 792 -4.5483 -5.0324 17.9405
 96 792 -3.5356 -4.9676 15.3248
120 792 -2.9782 -5.1860 13.2544
144 792 -3.4297 -8.4425 13.8413
168 792 -2.1652 -6.2515 15.3128
192 792 -1.9492 -6.3892 20.6474
216 792 -1.1492 -7.1236 18.8960
240 792 -2.2459 -10.6876 12.3175
264 792 -0.1431 -12.2074 12.3407
288 792  2.7766 -8.9257 12.7901
312 792  5.1399 -10.0800 12.3420
336 792  2.3614 -4.2113 15.8548
360 792  4.0298 -4.6612 14.7844
384 792  5.3374 -3.1934 14.3785
408 792  6.2998 -2.6257 11.5146
432 792  7.7323  0.8475 11.3502
456 792  5.9913 -0.7827 10.8648
480 792  4.8756  0.3427 13.0248
504 792  5.7530 -1.9639 17.8833
528 792  7.1215 -3.2832 16.0329
552 792  6.8390 -6.9238 11.3332
576 792  5.6919  0.4410 18.1484
600 792  5.1604  1.2584 16.3839
624 792  5.1138  5.9836 14.9819
648 792  3.8885  4.9256 15.1287
672 792  3.9326  4.5436 18.4411
696 792  4.8270  4.8504 15.6536
720 792  6.8464  5.5089 11.0836
744 792 -0.4878  0.0443  9.8816
768 792  0.0233  1.3072 20.0283
792 792  0.8348  3.9631 15.1268
816 792  4.2296  7.9285 10.2450
840 792  6.7824 13.6307 12.2592
864 792  2.2699  5.9312 11.4736
888 792  4.6391  3.9670 12.6849
912 792  0.4671 -2.3580 12.2657
936 792  0.7315 -2.5181 19.4019
960 792  0.5651 -1.3278 20.1918
984 792  2.7518 -0.0287  8.8458
 24 816 -0.0060  0.0149 11.6273
 48 816 -4.1799 -4.4787 13.2097
 72 816 -4.8781 -4.2710 16.5847
 96 816 -4.5418 -4.2428 15.4881
120 816 -3.3158 -4.8895 16.4687
144 816 -1.5004 -7.1160 12.5495
168 816 -3.6017 -7.7196 14.9270
192 816 -1.1193 -7.1893 15.4631
216 816 -0.1282 -7.8349 16.2392
240 816  1.8134 -7.1941 15.8150
264 816  2.9091 -8.9954 10.6038
288 816  5.3508 -9.4700 13.1350
312 816  4.9638 -9.7131 12.8433
336 816  3.9189 -6.0326 13.4944
360 816  5.4029 -0.6948 11.2391
384 816  5.9131  1.2146 17.3468
408 816  7.6604  0.3142 13.2242
432 816  7.3442  1.0553 16.5208
456 816  6.7709  1.3458 15.3001
480 816  6.3165  1.0209 17.2800
504 816  7.0908  0.3937 16.3566
528 816  6.9323 -2.3121 16.9602
552 816  7.2616 -2.8169 14.3326
576 816  5.7186  0.4382 19.3194
600 816  5.3891  1.2515 16.0307
624 816  6.1086  4.0829 13.6093
648 816  6.8586  6.2933  7.2603
672 816  3.7694  2.0874 14.2368
696 816  3.9673  2.3025 10.5338
720 816  5.6608 12.1627 12.1148
744 816  5.3679 15.8404 11.6008
768 816  7.2292  1.8753 10.7523
792 816  6.9240  2.1405 15.2046
816 816  5.9722  1.1817 10.1461
840 816  4.7985 10.8681 10.9741
864 816  4.7746  4.3110 13.0032
888 816  4.2463  4.1493 16.3397
912 816  3.2946  2.9021 17.3124
936 816  3.1364  1.7742 16.9310
960 816  0.6843 -1.1055 21.4332
984 816  0.4643 -0.0815  8.7117
 24 840 -0.0207  0.0188 12.6571
 48 840 -4.6839 -4.1474 12.4920
 72 840 -3.2938 -3.7615 15.2428
 96 840 -3.6772 -4.0883 18.7547
120 840 -2.7091 -4.9547 16.6506
144 840 -2.0090 -4.1808 16.2416
168 840 -1.8851 -6.6773 15.6354
192 840  0.5802 -7.2603 12.9147
216 840  0.3166 -7.8443 18.1582
240 840  1.7659 -7.7914 14.3342
264 840  5.3604 -8.8472 20.6969
288 840  4.9289 -7.2152 16.0650
312 840  7.9506 -4.4138 13.0858
336 840  7.1001 -5.7965 10.3138
360 840  2.9388  1.0221 13.5614
384 840  5.9849  0.9371 15.2462
408 840  6.6078 -0.2469 12.2241
432 840  7.9003  1.8134 18.2159
456 840  8.1813  1.8303 21.2677
480 840  5.9904  0.8257 18.7396
504 840  7.2328  0.7861 11.5014
528 840  7.5725 -0.6774 15.2205
552 840  7.3952 -2.6069 13.1153
576 840  7.5738  3.1875 12.5765
600 840  7.0670  4.3841 15.7065
624 840  7.0688  4.8024 17.0035
648 840  4.0169 -4.0705 14.9265
672 840  6.8703 -0.0988 18.4518
696 840  7.0523  0.6033 18.2848
720 840 41.1440 -2.9492  7.3843
744 840 12.0278  2.2713  6.5936
768 840  7.9560  3.6040 11.7933
792 840  8.6006  4.1794 19.4060
816 840  7.5586  8.6936 17.2090
840 840  6.9394  8.7924 16.2420
864 840  5.8430  7.2561 14.2660
888 840  4.0282  4.6776 13.6555
912 840  3.7490  4.6189 15.6581
936 840  3.9378  4.0394 18.5167
960 840  2.9831  1.0621 18.9336
984 840  0.4775 -0.0170  8.5934
 24 864 -0.0222 -0.0284 12.7813
 48 864 -2.6205 -3.8098 16.6310
 72 864 -1.2335 -2.4017 15.1200
 96 864 -0.6035 -2.1318 19.5389
120 864 -2.4672 -4.0846 17.1498
144 864 -0.2197 -4.9479 17.9355
168 864 -1.8395 -6.2576 17.0524
192 864  0.0391 -7.9232 14.6337
216 864 -0.7432 -5.7831 17.5115
240 864  0.1386 -6.7534 14.8790
264 864  3.2900 -8.5908 14.1422
288 864  3.5488 -7.8544 12.9711
312 864  6.1219 -3.3568 12.8430
336 864  6.0184 -3.5053 15.7892
360 864  3.0353  4.0327 12.2389
384 864  3.6517  3.8244 13.2851
408 864  5.9787 -0.1604  9.4478
432 864  7.1282  3.1407 10.4832
456 864  7.8552  2.9147 19.8515
480 864  5.3708  3.2707 18.7591
504 864  8.0050  3.4646  9.3227
528 864  7.8178 -0.7844 11.9142
552 864  7.1074  0.2674 12.7871
576 864  7.8205  1.7989 15.1404
600 864  7.5450  4.4167 11.4277
624 864  7.0110  4.3385 16.1013
648 864  5.7601 -2.8269 13.6293
672 864  5.9286 -2.0179 19.0292
696 864  6.7242  0.6198 20.1723
720 864 -0.8901 -27.7299 18.9650
744 864 -7.8882 -19.6825 19.0539
768 864 25.7469  6.2227 13.2186
792 864  9.9209  1.4837 10.2443
816 864  7.7142  8.4954 15.0370
840 864  7.3873  8.8640 17.8465
864 864  6.9768  6.3002 10.2462
888 864  5.0091  6.0727 13.4198
912 864  4.9816  5.9805 13.0818
936 864  3.8355  2.9369 18.9086
960 864  2.9183  1.4529 17.4525
984 864  0.6070  0.0464  8.4284
 24 888 -0.0151  0.0140 12.0838
 48 888 -1.5812 -0.0683 18.3269
 72 888 -1.6556 -2.5638 17.4371
 96 888 -0.6868 -2.0737 22.5693
120 888 -0.3779 -1.9422 20.6202
144 888 -3.7979 -3.5323  9.9280
168 888 -3.7432  1.6736 12.1207
192 888 -2.8400 -2.8203 13.1093
216 888 -2.1443 -2.9937 14.1037
240 888 -0.3027 -5.3819 13.1759
264 888  0.3085 -7.8629 12.1449
288 888  1.6703 -8.0403 17.4090
312 888  2.8923 -6.9918 15.3786
336 888  6.2998 -3.6989 14.3925
360 888  6.9326  0.3034 14.4041
384 888  4.1685  2.9510 12.9634
408 888  2.0806  0.2507  9.1997
432 888 -40.7543  7.8640  9.2260
456 888  7.2312  0.2862 20.0552
480 888  5.8449  0.3329 16.8541
504 888  6.6588  5.0006  9.0180
528 888  8.1344  2.9119 12.3880
552 888  8.5558  0.7014 16.4876
576 888  8.1052  1.1018 18.9035
600 888 -7.9591 -13.0185  8.2857
624 888  7.7270  4.6199 12.5423
648 888  8.8010  1.9256 13.7172
672 888  5.7639 -0.1223 14.6294
696 888  6.2032 -1.9617 17.5047
720 888  7.4063 -1.3004 12.3347
744 888  6.2005 -9.3004  8.2505
768 888 25.8563  6.1664 12.6819
792 888 -7.3627 -9.9018 12.4655
816 888  5.4038  8.5531 12.9346
840 888  6.9328  8.3456 17.3059
864 888  6.7529  6.0869 13.1921
888 888  5.4927  6.2510 13.1935
912 888  5.2302  6.0969 16.4361
936 888  3.9286  3.0937 14.5613
960 888  3.6139  4.4233 15.0975
984 888  2.6431  0.0466  8.3778
 24 912  0.0134  0.0367 11.6470
 48 912 -1.1976  0.1045 15.7335
 72 912 -1.6453 -3.4716 19.5653
 96 912 -0.7803 -2.0475 22.6747
120 912 -0.2357 -0.9517 17.5578
144 912 -0.7154  2.3288 12.7050
168 912 -1.0759  1.3055 18.1401
192 912 -2.5937 -2.3190 20.8560
216 912 -2.3307 -2.8015 20.2045
240 912 -1.2520 -3.9454 15.5499
264 912 -1.3140 -4.3629 17.5446
288 912 -0.2389 -6.5359 12.4434
312 912  0.2649 -8.0066 15.4879
336 912  5.0333 -2.8211 20.5012
360 912  5.5223 -0.0222 20.9343
384 912  5.6183  1.9032 15.1160
408 912  4.2541  0.4291 11.9986
432 912  0.8801  1.8015 13.7540
456 912  2.6847  0.7064 18.2332
480 912  3.5899  0.8172 12.8788
504 912  6.1576  7.8477 10.2408
528 912  5.9970  2.2634 16.8885
552 912  7.5467  1.2463 13.7196
576 912  6.9484 -0.9082 12.3933
600 912  5.3980 -2.2408 12.0246
624 912  6.0514  0.9028 15.0500
648 912  7.7999  2.2368 17.7064
672 912  8.5091  3.9473 15.1907
696 912  6.2285 -2.0419 16.7356
720 912  6.2127 -2.2634 15.2950
744 912  4.2514 -7.2017 14.1010
768 912  6.7163 -2.9317  8.2299
792 912 15.1102  0.1240  8.6757
816 912  3.7764  7.2694 12.7424
840 912  5.9914  8.0066 12.2097
864 912 -19.8742 -0.0890  9.5497
888 912 -12.1861 -2.2640 10.6643
912 912 -13.8665 -2.1468 11.0305
936 912  5.2602  5.5301 10.1769
960 912  3.9269  5.1897 14.0521
984 912  0.4871  0.0184  8.4704
 24 936  0.0205  0.0292 11.8833
 48 936 -3.8216 -4.0096 11.3073
 72 936 -2.1583 -4.6494 15.8257
 96 936 -0.0433  3.1554 10.6862
120 936 -0.0935  3.3759 14.0574
144 936 -2.1444  0.2343 19.5115
168 936 -3.1726  2.4326 21.1042
192 936 -3.4713 -2.0322 16.6620
216 936 -2.8140 -2.2168 19.8701
240 936 -3.7450 -2.8618 16.6920
264 936 -2.0196 -3.1638 18.4966
288 936 -1.8454 -3.2526 19.8526
312 936  2.9345 -4.4309 11.0415
336 936  4.9933 -1.3207 19.6890
360 936  5.3237 -0.1567 18.7310
384 936  4.7054  1.0021 14.9746
408 936  6.7344  1.9263 12.2301
432 936  1.2185  1.8954 16.4930
456 936  2.1511  0.7671 18.4889
480 936  3.5974  1.2700 14.1582
504 936  5.8731  5.9372 14.5324
528 936  6.0615  2.0585 17.8466
552 936  6.0442  2.0198 20.4058
576 936  3.8158 -3.0155 17.2622
600 936  4.2292 -2.2878 12.9767
624 936  5.2872  0.4224 18.5433
648 936  6.5383  0.6066 21.3678
672 936  9.9431  2.8430 10.9216
696 936  7.8955  3.9582 10.1926
720 936  6.4473  1.7351 10.7787
744 936  5.5018  0.9755 11.6291
768 936  1.9064 -4.9963 11.2230
792 936  6.8956  9.0654 13.2835
816 936  4.0918  7.0294  9.6763
840 936  6.1108  2.7907  7.8677
864 936 -20.0925 -0.7071  9.6355
888 936 -13.9169 -1.6901  8.7467
912 936 -13.7228 -1.7151 10.6052
936 936 -5.4749 -8.2415 11.0059
960 936  4.4769  3.5407  8.4513
984 936  0.4633  0.0290  8.7442
 24 960  0.0114  0.0146 11.8659
 48 960 -4.5495 -0.3262 17.7222
 72 960 -4.1825 -0.3537  9.2528
 96 960 -3.6556  4.1377 13.3774
120 960 -2.5612  3.9416 15.5110
144 960 -2.6069  2.9632 19.6310
168 960 -3.1393  3.0299 22.4671
192 960 -3.4332  3.6981 18.7548
216 960 -5.0351 -1.3867 18.3644
240 960 -4.8113 -1.2241 18.6552
264 960 -3.3194 -3.0763 17.4885
288 960 -2.1474 -2.7089 17.9508
312 960  4.4336 -3.0062 14.4262
336 960  4.7566 -2.9362 16.6828
360 960  5.7087 -0.0127 14.6308
384 960  6.1062  0.9001 17.4627
408 960  5.9283  0.9581 13.0970
432 960 -0.0520  0.9802 19.7652
456 960  0.2457  1.0092 17.5128
480 960  4.3267  3.6368 16.2735
504 960  5.1085  3.7991 14.7875
528 960  7.0269  3.2952 14.8995
552 960  6.2798  1.7519 17.2980
576 960  3.8443 -5.8245 17.0155
600 960  2.8245 -6.1747 17.6467
624 960  4.6653  0.3083 18.7847
648 960  6.2405 -0.5001 15.4668
672 960  7.7729  6.0572 10.0986
696 960  7.6341  5.8932 15.3911
720 960  6.7117  3.1267 15.6486
744 960  5.7336  2.0760 15.2038
768 960  2.2521 -2.1390 19.8066
792 960  1.3947  0.1305 18.9358
816 960  2.0044  0.3965 13.2732
840 960  6.9865 -1.5052  9.3417
864 960 15.9053 27.0227 10.6592
888 960 -32.2485 24.6643  7.3878
912 960  5.2622 21.8862  9.7634
936 960 -5.8723 -8.2475 11.0357
960 960  6.7999  4.9276  8.9662
984 960  1.0543  0.0221  8.7267
 24 984  0.0149  0.3071 14.2227
 48 984 -0.0357  0.3639 11.4539
 72 984 -0.0294  0.3380 11.4107
 96 984 -0.0253  0.3141 11.3139
120 984 -0.0401  0.3310 11.3710
144 984 -0.0064  0.3586 11.4966
168 984  0.0160  0.3648 11.3547
192 984  0.0018  0.3207 11.1451
216 984 -0.0158  0.3184 11.1599
240 984 -0.0132  0.3314 11.3193
264 984 -0.0353  0.3140 10.9681
288 984 -0.0102  0.3171 10.8960
312 984  0.0359  0.3454 11.2457
336 984  0.0266  0.3312 11.0387
360 984  0.0175  0.3262 11.2277
384 984 -0.0047  0.3648 11.6027
408 984 -0.0202  0.3627 11.6637
432 984 -0.0150  0.3672 11.5421
456 984  0.0194  0.4305 11.7801
480 984  0.0061  0.3913 11.6080
504 984  0.0151  0.3692 11.5091
528 984  0.0278  0.3870 11.5239
552 984  0.0152  0.3280 11.2977
576 984 -0.0064  0.3238 11.4404
600 984 -0.0023  0.3619 11.6294
624 984  0.0275  0.3935 11.1169
648 984  0.0212  0.3828 10.8528
672 984 -0.0277  0.3294 10.9506
696 984  0.0195  0.2961 10.8516
720 984  0.0217  0.3084 11.1513
744 984  0.0570  0.3235 11.2702
768 984  0.0529  0.3114 11.3249
792 984  0.0720  0.3275 11.5513
816 984  0.0567  0.3664 11.5842
840 984  0.0062  0.3811 11.4388
864 984 -0.0414  0.4089 11.4970
888 984  0.0092  0.3613 11.3606
912 984  0.0040  0.3196 11.1371
936 984 -0.0075  0.3528 11.4335
960 984 -0.0233  0.3690 11.2677
984 984  2.5280  0.2806 12.0837
