 24  24  0.0287 -0.6123 13.6661
 48  24 -0.0020 -0.6558 10.4675
 72  24 -0.0324 -0.6314 10.1557
 96  24 -0.0012 -0.6644 11.0974
120  24 -0.0139 -0.7107 11.4760
144  24 -0.0350 -0.5905 11.0815
168  24 -0.0274 -0.5733 10.9503
192  24 -0.0460 -0.6670 11.3291
216  24 -0.0602 -0.6593 10.9539
240  24 -0.0548 -0.6267 10.5784
264  24 -0.0399 -0.6176 11.3080
288  24 -0.0002 -0.5398 11.2568
312  24  0.0125 -0.5308 11.2176
336  24 -0.0375 -0.5963 11.3947
360  24 -0.0764 -0.5976 11.0060
384  24 -0.0420 -0.6185 11.1475
408  24 -0.0300 -0.5705 10.6457
432  24 -0.0112 -0.6307 10.6846
456  24  0.0045 -0.6505 11.0972
480  24 -0.0500 -0.6075 10.9218
504  24 -0.0592 -0.5807 10.6619
528  24 -0.1095 -0.5872 10.4085
552  24 -0.0412 -0.6484 10.3316
576  24 -0.0093 -0.7171 11.3460
600  24 -0.0958 -0.7072 11.8949
624  24 -0.0815 -0.6695 11.7998
648  24  0.0208 -0.6743 11.4269
672  24  0.0074 -0.6611 11.0404
696  24 -0.0039 -0.5607 10.8104
720  24 -0.0209 -0.5531 10.8925
744  24 -0.0226 -0.6420 11.0184
768  24 -0.0366 -0.5513 10.8493
792  24 -0.0275 -0.6058 11.0095
816  24 -0.0726 -0.7270 11.4065
840  24 -0.0428 -0.6825 10.6479
864  24 -0.0185 -0.5541 10.4124
888  24  0.0123 -0.5821 10.8588
912  24 -0.0275 -0.6279 10.8780
936  24 -0.0116 -0.6393 10.9096
960  24 -0.0734 -0.7179 11.5777
984  24  0.4044 -0.6264 12.0566
 24  48 -0.0059 -0.0040 12.0532
 48  48 -5.9219  3.9233  9.3796
 72  48 -4.7590  6.0247 11.7959
 96  48 -4.7407  5.2767 14.7000
120  48 -4.3688  5.2515 17.9531
144  48 -4.0509  4.7594 16.8290
168  48  0.0082  3.5794 15.2563
192  48  0.6843  3.9024 19.2856
216  48  0.6556  4.4319 13.2757
240  48  0.3173  6.9660 12.1740
264  48 -0.2525  6.8851 12.9716
288  48 -0.4244  4.7628 16.3234
312  48 -0.4676  4.5922 16.5565
336  48 -0.4032  0.0999 15.5900
360  48 -0.4896 -0.6848 16.8159
384  48 -0.1955 -1.6350 20.9738
408  48 -0.3013 -1.8198 15.4463
432  48 -4.3530 -1.6949 13.6792
456  48 -3.8684 -1.3603 14.6998
480  48 -2.0763  0.0704 12.6576
504  48 -1.8447  1.7587 16.3728
528  48 -2.8879  1.0564 19.4183
552  48 -2.0728  1.3353 14.5647
576  48 -0.5094  1.8034 11.6018
600  48  0.1809 -1.5877 16.9095
624  48 -0.2789 -2.0942 14.4260
648  48 -0.2376 -2.8129 15.7611
672  48 -3.6991 -0.9073 13.4925
696  48 -0.3791  1.0706 14.5770
720  48 -1.0760  0.3193 15.0296
744  48 -0.3834 -0.4319 17.6553
768  48 -0.3596 -0.1828 16.8984
792  48 -1.6686  0.0909 14.6853
816  48 -1.9441 -0.2505 15.7267
840  48 -1.5640  0.4267 14.7621
864  48 -1.9988  1.2953 16.3734
888  48 -1.5701  0.3878 13.0516
912  48 -0.0411 -3.0060 15.5277
936  48 -0.2701 -4.6708 16.2691
960  48 -1.1143 -4.1795 38.2002
984  48  0.1964 -2.5261  8.4883
 24  72 -0.0130 -0.0055 12.2290
 48  72 -6.3195  4.3365 14.8221
 72  72 -7.4808  5.8147 15.5625
 96  72 -6.7220  5.8595 15.7967
120  72 -4.4360  5.3354 13.6984
144  72 -2.2126  3.0614 16.0674
168  72 -1.5680  2.7313 16.6142
192  72 -0.6945  3.6931 15.3720
216  72 -1.8139  4.4710 18.4155
240  72 -2.6661  4.1632 13.4362
264  72 -2.9295  4.1381 14.1830
288  72 -2.9931  3.9669 14.2318
312  72 -2.0865  3.8463 14.2257
336  72 -1.7467 -0.0669 14.4176
360  72 -1.8103 -1.3896 15.8705
384  72 -1.4938 -1.9456 16.6470
408  72 -1.4757 -1.7177 13.9650
432  72 -3.9655 -2.0395 16.5174
456  72 -3.8303 -2.1825 15.9460
480  72 -3.8749 -2.7164 14.4810
504  72 -4.4884 -2.5991 13.9014
528  72 -1.9084 -0.8541 11.6408
552  72  1.8782  0.0517 13.1335
576  72  1.9978 -0.3193 17.2667
600  72  1.1355 -0.9769 16.9025
624  72 -0.6621 -1.1077 15.3314
648  72 -1.8499  0.7044 14.4263
672  72 -3.8242  0.6021 13.1758
696  72 -5.8772  0.9079 12.5943
720  72 -4.0397 -1.3267 13.8506
744  72 -0.2520 -0.7417 13.4313
768  72 -0.7768  0.0799 18.3187
792  72 -2.4383  0.5533 14.6211
816  72 -1.1972  0.1981 18.2888
840  72 -1.1110  0.2515 17.6530
864  72 -1.2697  0.3503 17.5231
888  72 -1.4120 -0.1974 15.0564
912  72 -0.9479 -3.8124 16.2343
936  72 -1.2867 -5.9003 15.0870
960  72 -1.7318 -2.8186 32.0611
984  72  0.2817 -0.4248  8.1449
 24  96 -0.0198  0.0955 12.2303
 48  96 -6.5102  4.0881 16.3140
 72  96 -6.3354  4.2502 16.6643
 96  96 -6.3751  2.8995 13.3115
120  96 -3.7174  2.1486 15.0427
144  96 -2.4632  2.3929 14.5499
168  96 -2.6565  1.5696 15.5625
192  96 -2.1861  3.1417 16.5277
216  96 -2.6652  3.9518 17.6825
240  96 -2.9999  4.0049 17.0579
264  96 -3.1486  2.9431 20.3885
288  96 -3.5477  2.3403 20.0806
312  96 -3.1930  2.1808 18.7832
336  96 -2.3735 -1.2324 18.3358
360  96 -2.4616 -1.3945 18.4514
384  96 -3.2550 -1.5520 14.8615
408  96 -2.3708 -0.8069 13.3327
432  96 -3.2224 -2.6374 13.7828
456  96 -3.8509 -2.2434 15.7657
480  96 -3.7693 -2.8330 14.6632
504  96 -2.5987 -4.0237 12.9152
528  96  0.5440 -3.7287 11.8738
552  96  2.3698 -2.8873 12.9735
576  96  3.8880 -2.8181 15.5426
600  96  0.3749  0.8221 17.0747
624  96 -0.4520  0.9295 17.9336
648  96 -2.0556  1.1700 19.0065
672  96 -0.9341  2.6530 14.3153
696  96 -1.4634 -1.9268 11.4227
720  96 -1.3410 -3.0922 13.4094
744  96 -1.3741 -2.7619 17.8939
768  96 -1.2646  0.2952 17.7587
792  96 -1.1668  0.2867 19.8829
816  96 -0.8928  0.2298 18.4005
840  96 -1.4606  1.0271 17.7015
864  96 -1.3969  0.6002 17.5615
888  96 -1.4615 -0.2156 19.2296
912  96 -1.2625 -3.6378 15.8727
936  96 -1.3998 -5.6067 16.8693
960  96 -2.5639 -6.9447 15.4500
984  96  0.4361 -0.0096  7.9055
 24 120 -0.0276  0.0872 12.9704
 48 120 -5.7865  4.3310 16.7169
 72 120 -5.6183  3.8972 14.0336
 96 120 -4.7030  1.8425 17.7056
120 120 -4.6007  2.4940 16.8404
144 120 -6.2936  3.6309 15.2054
168 120 -6.0087  0.3901 15.7678
192 120 -5.1721  0.8903 14.8303
216 120 -4.8356  4.8324 17.0832
240 120 -4.0384  2.3932 12.7820
264 120 -3.2554  2.0543 14.6249
288 120 -2.7152  1.7832 18.7343
312 120 -3.2360  0.2300 18.3347
336 120 -3.4691 -1.5922 19.3617
360 120 -4.6614 -1.2163 16.8896
384 120 -5.2053 -1.0178 18.4290
408 120 -2.2393 -0.9637 15.7268
432 120 -3.1580 -0.4588 16.4648
456 120 -3.2858 -1.1196 15.0653
480 120 -3.2845 -2.6514 12.3020
504 120 -1.7678 -5.1415 13.4225
528 120  0.1738 -7.8626 11.5519
552 120  0.2253 -5.8604 10.0087
576 120 -1.0076 -1.8349 11.0159
600 120 -1.9418  0.5866 16.7997
624 120 -1.7720  0.2553 18.0774
648 120 -1.4423  0.7248 13.9985
672 120 -0.3482  1.7813 14.8432
696 120 -0.2775 -1.0838 14.5664
720 120 -0.8935 -1.8864 14.7095
744 120 -1.3380 -2.9789 14.8228
768 120 -1.4077  0.0442 16.6200
792 120 -1.2344  0.0984 17.4778
816 120 -0.8765  1.9438 16.6493
840 120 -0.8750  1.9578 13.9752
864 120 -0.8382  1.0349 16.5138
888 120 -0.3799 -0.1364 16.0673
912 120 -0.6645 -2.5817 14.3324
936 120 -1.1046 -5.0776 14.5866
960 120 -1.1303 -6.0389 12.5528
984 120  3.6424 -0.0023  8.2612
 24 144 -0.0090  0.0899 12.5305
 48 144 -2.0083  3.1624 13.8691
 72 144 -2.1774  3.3175 13.7307
 96 144 -3.1137  2.8463 17.0929
120 144 -4.1017  3.3633 17.6652
144 144 -4.3546  1.3909 15.1434
168 144 -4.8031  0.6950 17.3842
192 144 -4.6061  0.9519 14.9528
216 144 -4.6754  3.3116 13.3408
240 144 -4.2358  2.0331 14.5318
264 144 -3.1434  1.6768 12.6749
288 144 -4.3975  0.1821 14.6693
312 144 -3.6840 -0.3634 13.6899
336 144 -4.2949 -0.1998 14.7805
360 144 -5.9028 -0.4543 14.8974
384 144 -5.6953 -0.8837 16.9417
408 144 -3.7285 -0.3474 17.2646
432 144 -3.1359 -0.1475 16.6187
456 144 -2.8582 -0.9669 16.2571
480 144 -2.0685 -1.8076 16.0206
504 144 -0.7041 -4.2529 14.9307
528 144  0.6802 -6.8583 13.4578
552 144 -0.3760 -4.4877 11.0203
576 144 -1.1915 -0.9799 14.4134
600 144 -1.9062 -0.6358 13.9665
624 144 -2.8295 -0.4041 12.7107
648 144 -2.1062 -0.5153 10.0311
672 144 -0.5845 -0.0329 13.3552
696 144 -0.3326 -0.5654 15.8839
720 144 -0.4684 -0.7974 17.3348
744 144 -2.0790 -1.8459 16.2545
768 144 -2.4623 -0.7436 16.6632
792 144 -2.3234  0.3890 18.4986
816 144 -0.6638  1.7842 14.6662
840 144  0.9960  2.7503 14.4319
864 144  1.8735  2.4769 15.1248
888 144  0.4333  0.9988 13.5388
912 144  0.1513 -2.3058 16.8364
936 144 -0.7324 -3.3830 15.1001
960 144 -1.9170 -5.0875 15.2934
984 144  3.6845 -0.0116  8.3826
 24 168 -0.0008  0.0361 11.7006
 48 168 -4.8554  2.3160 16.7251
 72 168 -2.0305  3.5616 13.3429
 96 168 -2.2622  3.9113 14.8072
120 168 -4.9137  4.1936 14.0153
144 168 -4.6616  0.7283 16.2110
168 168 -4.9072  0.7874 15.1728
192 168 -2.3013  1.1788 13.0078
216 168 -3.3424  3.3433 15.1943
240 168 -3.8047  2.2132 16.8950
264 168 -4.5360  0.0055 16.6001
288 168 -4.8683 -0.3011 14.4969
312 168 -7.4429  0.7449 14.7603
336 168 -9.7816  0.9523 19.3128
360 168 -6.2773 -1.9532 14.1028
384 168 -6.0878 -1.8781 19.3020
408 168 -5.8663 -1.9604 15.0775
432 168 -5.7621 -2.2057 13.2849
456 168 -7.7500 -2.7278 14.2064
480 168 -6.7549 -3.0090 13.9582
504 168 -0.8811 -3.6535 12.5016
528 168  0.8972 -1.4116 18.4945
552 168  0.2456 -1.7034 18.3497
576 168  0.8145 -0.3616 16.8067
600 168  0.0412 -0.7003 14.0223
624 168 -4.6759 -1.8250 12.7567
648 168 -3.5354 -2.0138 12.2064
672 168 -1.7119 -1.3851 13.0526
696 168 -0.5555 -0.7467 12.6071
720 168 -0.4109 -0.9010 17.6146
744 168 -0.2282 -1.0111 17.5727
768 168 -0.1117 -0.0377 16.4007
792 168  0.2320  0.6791 13.8235
816 168 -0.0161  1.1435 14.0871
840 168  0.4057  2.0505 14.8905
864 168  1.0348  2.7051 13.7500
888 168  0.8937  1.0702 14.5634
912 168  0.6220 -0.9948 13.5012
936 168 -0.4032 -2.8735 15.7064
960 168 -1.8065 -5.1675 13.0128
984 168  3.6598 -0.0237  8.6469
 24 192 -0.0080 -0.0211 11.8123
 48 192 -6.7293  3.5350 16.5350
 72 192 -6.7722  1.0574 16.6785
 96 192 -6.5883  1.6619 14.4415
120 192 -7.1814  1.3652 19.7335
144 192 -5.9474 -0.1960 14.5345
168 192 -5.2209  1.0188 15.9092
192 192 -3.3539  1.0399 14.9658
216 192 -3.0604  0.1390 13.4230
240 192 -3.9471  0.2561 18.2255
264 192 -5.1010  0.6572 13.7120
288 192 -4.1611 -0.5663 13.6895
312 192 -6.1105  1.0708 12.9143
336 192 -9.6894  0.5955 12.2943
360 192 -6.8258 -1.4315 14.8512
384 192 -6.5472 -1.8548 18.5917
408 192 -6.5734 -2.0364 16.6149
432 192 -8.1483 -1.9469 15.6090
456 192 -7.1414 -1.9730 14.5011
480 192 -6.9561 -2.5205 15.7793
504 192 -4.7709 -3.3015 12.6723
528 192  0.9445 -1.0247 17.4769
552 192  0.8516 -0.7240 20.9650
576 192  0.9144 -0.0136 15.5098
600 192  2.0595  0.6826 16.3246
624 192 -1.1559 -2.2681 17.5681
648 192 -2.3663 -2.3658 15.5514
672 192 -3.5905 -1.9117 14.2372
696 192 -2.7982 -2.2714 16.4905
720 192 -0.3991 -1.2405 15.9885
744 192  0.1404 -1.0629 14.8551
768 192  0.5970 -0.0907 19.2200
792 192  1.6154  1.4018 17.5754
816 192  0.4888  1.6495 15.0738
840 192  0.2386  2.0588 14.6822
864 192  0.2057  1.6252 15.2013
888 192 -0.0741 -0.2688 15.2751
912 192  0.1464 -1.0557 12.5278
936 192  0.7323 -1.1303 15.7486
960 192 -0.4266 -2.9210 15.1226
984 192  3.6221 -0.0016  8.6024
 24 216  0.0013  0.0264 12.4202
 48 216 -7.9179 -0.0582 12.6447
 72 216 -7.0185 -0.1025 20.2526
 96 216 -6.8325  1.4174 16.9668
120 216 -7.0459  0.8731 17.8429
144 216 -5.6419 -1.0398 18.0059
168 216 -3.1922  0.3331 16.9417
192 216 -2.0628 -0.1357 16.8706
216 216 -2.7278 -0.1009 15.8426
240 216 -4.0397 -0.0307 16.0328
264 216  1.9307 -0.6817  7.0106
288 216 -24.6209 -10.7010 19.1545
312 216 16.9884  1.7824 16.6825
336 216 14.4186  7.8523 14.7958
360 216 -10.5571 -0.3675 12.5514
384 216 -9.8611 -0.7150 14.8919
408 216 38.2540 -6.9946  9.8195
432 216 -8.0423 -0.6788 16.5300
456 216 -7.6142 -1.1006 15.7092
480 216 -6.7022 -2.0999 12.9081
504 216 -5.8864 -2.4662 16.5887
528 216 -3.5261 -3.2096 14.9687
552 216 -0.8854 -0.1904 15.1622
576 216 -0.0135  0.2171 13.8876
600 216  2.2229  0.9793 14.2250
624 216  0.3626 -0.3283 13.7061
648 216 -0.3789 -0.1586 13.1390
672 216 -3.7204 -1.9763 13.9673
696 216 -2.6825 -3.2046 16.6051
720 216 -1.3310 -3.0650 16.9828
744 216 -0.0507 -1.7996 12.3534
768 216  1.5215 -0.1277 16.2033
792 216  2.1326  0.7748 18.8715
816 216  2.0332  1.1411 17.2600
840 216  2.0510  0.7128 15.2400
864 216  0.3669 -0.1683 16.1471
888 216 -0.0342 -0.8735 16.0924
912 216 -0.8795 -3.5338 15.5376
936 216 -0.9243 -3.1113 13.3328
960 216 -0.7151 -1.0771 15.1493
984 216  3.6058  0.0570  8.1739
 24 240 -0.0162  0.0092 12.6989
 48 240 -2.6711  0.8368 16.0803
 72 240 -5.5881  0.8917 13.3261
 96 240 -7.1917  1.5154 11.6251
120 240 -3.1953 -0.1756 12.5753
144 240 -3.1586 -1.3733 14.2267
168 240 -2.3971 -1.6945 16.8120
192 240 -0.4202 -1.9663 17.4117
216 240 -0.3695 -1.1778 15.6863
240 240 -4.8263  0.2010 17.5269
264 240 -3.8126 -0.5955 10.8940
288 240 -24.5653 -10.8999 18.1482
312 240 16.9420  1.9832 21.2531
336 240 15.0150  5.1997 16.6127
360 240 -8.1328 -0.9679 14.4097
384 240 -8.3933 -0.6782 16.1333
408 240 -6.1297 -0.1422 12.0903
432 240 -6.2222 -0.1364 18.0774
456 240 -7.6137 -0.4504 17.1073
480 240 -7.6855 -0.8114 11.9860
504 240 -5.7964 -1.8741 15.8898
528 240 -2.4595 -2.9240 15.4540
552 240 -0.9478 -0.4484 14.8435
576 240 -0.2490  1.0671 15.8868
600 240 -0.1624  1.0517 12.6027
624 240 -0.0283  1.1062 13.9116
648 240 -0.7776  1.0747 21.2874
672 240 -1.0866  0.0773 18.6239
696 240 -0.9301 -2.1837 14.1038
720 240 -0.4859 -2.4206 14.5564
744 240 -0.0174 -1.1342 14.8767
768 240  1.3287  0.1911 17.3690
792 240  1.8200  0.6487 17.8724
816 240  2.3634  0.5606 14.1224
840 240  1.7798 -0.0297 17.3812
864 240  0.4015 -0.9162 14.9495
888 240  0.1954 -1.6343 17.6444
912 240 -0.6074 -3.7206 14.1675
936 240 -1.4618 -3.2671 14.0035
960 240 -1.9142 -1.5108 12.7116
984 240  3.6442 -0.0057  8.3272
 24 264 -0.0321  0.0136 12.9785
 48 264 -3.4567  1.5748 14.6184
 72 264 -1.8856  0.0454 14.6795
 96 264 -0.4726 -1.2796 13.8165
120 264 -1.9502 -1.6005 15.0615
144 264 -2.0885 -1.1606 16.3903
168 264 -2.0791 -2.1524 16.0711
192 264 -2.1620 -2.0912 13.6929
216 264 -3.1119 -0.1146 13.4176
240 264 -4.6842  0.0881 18.0335
264 264 -4.3913 -0.4382 21.6921
288 264 -6.1328 -1.8060 14.3480
312 264 -8.8422 -3.6159 10.8009
336 264 -8.8089 -4.0566 10.6486
360 264 -8.9094 -2.0726 13.9057
384 264 -9.5137 -1.1521 17.0547
408 264 -7.9832 -1.4319 14.0855
432 264 -8.1309 -1.1406 15.6762
456 264 -4.0219 -0.3603 17.2055
480 264 -4.2382 -1.7818 17.3419
504 264 -2.9106 -0.8780 12.8923
528 264 -1.1636 -1.2211 15.2008
552 264 -0.7936 -0.9667 13.1979
576 264 -0.1427  1.0066 16.7365
600 264  0.3901  0.2777 13.1764
624 264  0.0162  0.6789 15.8270
648 264  0.0876  1.6152 16.9915
672 264  0.2481  0.6720 18.7829
696 264  0.4072 -2.1625 17.5938
720 264  0.2730 -1.2311 16.4786
744 264  0.4034 -0.0888 17.4945
768 264  1.5899  0.6815 17.7282
792 264  1.8234  1.0075 15.0805
816 264  4.2137  0.7073 12.9270
840 264  3.3480 -0.4091 13.7577
864 264  0.7766 -1.4282 15.3905
888 264 -0.0834 -1.8676 18.1464
912 264 -0.2190 -1.8735 15.4034
936 264 -0.1288 -1.0401 14.7786
960 264 -2.4605 -1.4102 14.1802
984 264  3.6124  0.0060  8.5605
 24 288  0.0034  0.0147 12.5896
 48 288 -3.7271  2.0145 16.0027
 72 288 -1.8625  0.7228 16.2194
 96 288 -3.9182 -0.9664 15.2592
120 288 -2.4293 -1.4701 15.0578
144 288 -2.2422 -1.4871 17.7584
168 288 -1.8761 -2.6330 13.7541
192 288 -2.1829 -0.5856 13.4315
216 288 -3.7766 -0.3585 14.4358
240 288 -4.4134  0.1670 16.4935
264 288 -5.6022  0.7134 17.1164
288 288 -5.8466  0.1623 13.7656
312 288 -6.4742 -1.0039 13.6007
336 288 -7.9363 -7.1397 12.1130
360 288 -7.4379 -3.0589  9.1751
384 288 -8.5493 -1.9126 16.2108
408 288 -7.4603 -1.7910 15.0815
432 288 -8.2518 -2.5331 14.5856
456 288 -4.0332 -3.5248 18.5139
480 288 -4.0185 -2.8242 16.1945
504 288 -1.6695 -0.2911 16.1880
528 288 -1.3798 -0.3937 16.8754
552 288 -0.9307 -0.7147 16.9253
576 288 -0.0486  0.1018 19.7024
600 288  0.0993  0.0221 18.7683
624 288  0.1374  0.4018 16.7943
648 288  0.4544  1.1517 17.1503
672 288  0.3610  0.7804 16.9236
696 288  0.9496 -0.9598 16.1930
720 288  1.3420 -0.4760 17.7839
744 288  2.0628  0.4180 14.7972
768 288  2.7575  0.2134 18.4990
792 288  2.7251  0.1321 16.3678
816 288  4.6005  0.3263 16.1802
840 288  4.6893  0.2487 15.4250
864 288  2.7436 -0.1628 13.7707
888 288 -0.1745 -1.5501 14.3781
912 288 -1.9518 -0.9886 16.6279
936 288 -3.9760 -2.3998 13.4877
960 288 -4.8462 -1.8975 10.8321
984 288  3.5287 -0.0339  8.0536
 24 312  0.0034 -0.0178 12.5864
 48 312  2.0281 -0.0545 14.6418
 72 312  0.2724  1.2465 17.7434
 96 312 -0.2313  1.3843 16.5306
120 312 -3.1614 -1.2997 17.7473
144 312 -2.7742 -1.6689 16.1966
168 312 -3.3325 -1.4260 17.1985
192 312 -3.9026  0.1838 18.2494
216 312 -3.3636  0.9596 19.8921
240 312 -3.3170  1.0181 17.5113
264 312 -5.2045  1.0100 15.9087
288 312 -4.7408 -0.9905 15.5690
312 312 -4.7009 -0.9848 16.6364
336 312 -5.7704 -5.1395 10.3366
360 312 -3.7511 -7.1457 15.3938
384 312 -9.1145 -4.0671 10.3109
408 312 -9.6291 -3.0117 12.8781
432 312 -6.9480 -2.3905 10.4297
456 312 -4.5286 -4.1413 16.1479
480 312 -4.1475 -3.1646 16.7371
504 312 -2.4702 -0.2143 18.4504
528 312 -2.3514 -0.0762 17.6990
552 312 -1.9039 -0.0454 19.3449
576 312 -0.1603  4.0287 19.3994
600 312 -0.7009  2.1397 20.2824
624 312  0.1727  1.0523 22.8545
648 312  0.4394  1.0487 17.0912
672 312  0.9332  0.2267 15.3092
696 312  1.7592 -0.1078 16.5405
720 312  1.7262 -0.3567 18.7622
744 312  1.7400  3.5670 15.2411
768 312  2.3480  3.4234 17.5214
792 312  2.3429  0.5724 17.4677
816 312  2.3244  0.5505 16.9871
840 312  2.0350  1.6101 14.9400
864 312  2.8917  0.2442 14.8148
888 312 -1.0791  0.1216 10.4919
912 312 -5.0351 -1.0150 16.4154
936 312 -6.2945 -1.5550 15.5369
960 312 -7.1822 -0.3641 13.5550
984 312  0.4260 -0.0186  8.1148
 24 336 -0.0122 -0.0762 12.6109
 48 336  2.0397 -0.2433 19.0527
 72 336  1.6735  0.1801 16.4381
 96 336  0.7433  1.1770 13.6331
120 336 -0.0392 -0.2596 14.2734
144 336 -1.4654 -1.0212 17.4997
168 336 -3.5704 -0.8094 18.4143
192 336 -4.5269  1.4219 17.4195
216 336 -3.9102  1.9509 18.2952
240 336 -2.7765  1.7608 15.7835
264 336 -4.1016 -0.0856 10.6249
288 336 -4.4806 -2.9956 12.3059
312 336 -3.6838 -0.3585 10.1485
336 336 -0.7296  2.1637  6.7736
360 336 -2.9250 12.3054  7.5174
384 336 -1.0180 -3.9525  9.2555
408 336 -4.1246 -4.0232 16.0276
432 336 -4.2208 -4.0356 11.7081
456 336 -5.6175 -3.5649 13.9710
480 336 -4.9920 -2.6730 14.2996
504 336 -3.0724  0.2340 15.3344
528 336 -3.3555  0.2853 17.0648
552 336 -4.5445  1.3325 15.2901
576 336 -2.1485  2.5728 18.0215
600 336 -0.2672  2.4507 18.8395
624 336  0.9379  1.5975 18.1230
648 336  0.8119  1.4430 13.7063
672 336  1.0145  0.8143 15.3773
696 336  1.7782  0.2984 19.9996
720 336  1.8904 -0.0503 18.1886
744 336  3.9495  0.6450 15.5127
768 336  5.1622  1.6249 20.0611
792 336  3.9073  1.3535 18.2352
816 336  2.9343  0.7690 15.5406
840 336  2.9318  0.3386 15.5782
864 336  1.0919  1.1199 15.4919
888 336 -1.0408  1.2172 12.7370
912 336 -3.4531 -0.6383 15.6130
936 336 -4.5076 -1.2252 13.3528
960 336 -5.1423 -1.1749 11.9415
984 336  0.4640  0.0578  8.3145
 24 360 -0.0032 -0.0426 12.6553
 48 360  3.5349 -1.2796 18.2053
 72 360  1.9928  0.6228 13.8951
 96 360  1.5934  1.5011 13.4649
120 360  2.1631 -0.2101 16.2364
144 360  0.3274 -0.4560 14.4156
168 360 -3.0248  0.2801 11.9998
192 360 -3.8238  1.2540 14.4040
216 360 -2.6068  1.1231 15.0420
240 360 -2.1997  2.2326 15.3651
264 360 -3.2596  0.4446 10.5220
288 360 -3.5216 -3.3370 11.3158
312 360 -2.0566  0.8532  8.3518
336 360 -9.2361  9.7704 10.4713
360 360 12.6329 -16.9369  7.6949
384 360 -5.8573 -5.7289 14.8134
408 360 -3.7836 -4.0546 17.2063
432 360 -4.7200 -3.8013 15.2422
456 360 -6.0410 -3.1722 19.1332
480 360 -4.4669  0.7339 15.7058
504 360 -4.0929  3.2232 14.1590
528 360 -3.7362  4.3479 19.6334
552 360 -3.3089  4.1762 17.2245
576 360 -0.2597  1.7911 17.2783
600 360  0.7824  2.1591 20.8364
624 360  1.0833  1.8787 17.2532
648 360  1.2300  1.9175 13.8984
672 360  1.8398  1.2689 15.7754
696 360  1.3398  0.7408 16.9800
720 360  0.9463  0.8160 15.9917
744 360  3.3310 -0.0464 16.0990
768 360  5.0494  0.7809 18.3137
792 360  4.9590  1.9227 17.9145
816 360  4.9491  1.5332 18.4106
840 360  3.8913  1.0792 17.8791
864 360  1.9351 -0.4994 12.7866
888 360  0.3743  0.6234 12.6632
912 360 -0.1835 -0.4204 14.9357
936 360 -1.3021 -1.1391 20.8148
960 360 -1.2257 -1.4288 16.5432
984 360  3.5552  0.0012  8.6795
 24 384 -0.0001 -0.0195 12.7028
 48 384  3.9033 -2.8839 16.3148
 72 384  3.5435  1.8979 14.6372
 96 384  2.6744  2.1146 14.3832
120 384  2.1050  0.0210  9.8984
144 384  2.4148 -0.0087 12.5153
168 384  2.4658  0.2784 12.7439
192 384  3.4182  0.0196 13.1750
216 384  4.0940 -0.2780 15.0191
240 384  1.7745  0.9092 11.5733
264 384  0.7373  1.0138 14.6743
288 384 -1.0834 -1.1585 18.7736
312 384 -1.4893 -1.2119  9.2754
336 384 -6.7938  2.7751 10.7819
360 384 -6.6966  0.1934 11.2118
384 384 -6.4390 -3.9164 14.1041
408 384 -7.9937 -3.5961 12.5213
432 384 -7.9922 -3.0481 13.8353
456 384 -7.1700 -1.7950 18.9404
480 384 -6.3095  0.2359 14.8028
504 384 -4.1548  3.2774 17.0271
528 384 -3.2111  4.9565 17.2582
552 384 -1.3479  3.8936 15.5375
576 384 -0.0611  1.2413 18.7275
600 384  0.6827  2.0216 19.1408
624 384  1.1372  2.6838 17.0583
648 384  1.5287  2.9472 16.3389
672 384  2.0326  1.2595 19.1918
696 384  2.3556  0.8773 18.5974
720 384  2.8911  1.2488 16.9573
744 384  1.9883  0.3518 15.4847
768 384  1.2733  0.0803 16.6560
792 384  1.3651  0.1765 12.1756
816 384  2.1471  0.0882 12.9346
840 384  4.1480  0.9895 14.6060
864 384  4.3504 -1.1621 14.4032
888 384  3.8347 -0.8185 13.7400
912 384  1.2323 -0.0073 14.6430
936 384 -0.4625 -0.4975 15.6670
960 384 -1.8811 -0.4332 19.5911
984 384  3.6761  0.0148  8.9378
 24 408  0.0096 -0.0592 11.8194
 48 408  4.1358 -2.8688 16.7379
 72 408  4.9742 -0.1726 15.3659
 96 408  4.1388  0.5710 14.7066
120 408  3.4370  0.0278 11.0458
144 408  4.2298 -1.6746 10.4697
168 408  1.9179 -0.0455 15.3880
192 408  3.2882 -0.1226 13.4982
216 408  4.8121 -0.8375 18.0140
240 408  2.3196 -1.2972 11.4407
264 408  0.6512  0.1574 14.6535
288 408 -1.1789 -1.3802 17.3801
312 408 -2.3884 -1.7643 18.3490
336 408 -5.2576  0.6134 15.2465
360 408 -6.2842 -0.0822 15.6008
384 408 -6.4083 -2.1155 14.4419
408 408 -7.8559 -1.0844 14.6087
432 408 -7.6812 -0.8345 14.3296
456 408 -6.9945  0.0571 19.2281
480 408 -6.3819  0.6077 16.7304
504 408 -2.8044  4.8907 16.4878
528 408 -2.4517  2.4620 14.3368
552 408 -0.6135  3.6722 15.6940
576 408 -0.4258  3.6759 16.7309
600 408 -0.3955  2.8035 15.4194
624 408  0.1841  2.9445 14.9275
648 408  1.0134  2.4241 15.2604
672 408  2.0708  1.1925 16.6641
696 408  2.4157  0.7206 18.2379
720 408  3.2595  1.6365 13.7282
744 408  3.0172  1.6460 14.1519
768 408  0.2454 -0.6964 14.8315
792 408  2.3037  0.7162 16.6719
816 408  2.2212  1.7286 15.5944
840 408  5.6820  1.1673 13.1815
864 408  5.1802 -1.5219 14.4656
888 408  3.5802 -0.0014 13.2387
912 408  2.0110  1.3438 19.1271
936 408 -1.8579  0.2571 15.5246
960 408 -1.8929  0.1293 21.4751
984 408  3.5956  0.0134  8.5274
 24 432  0.0035 -0.0024 12.1285
 48 432  3.9814 -2.7466 15.6399
 72 432  4.1355 -1.4961 19.0251
 96 432  4.7139 -0.3790 15.8662
120 432  4.5956 -0.9192 16.0168
144 432  0.6056 -1.4949 18.8759
168 432  0.1423 -0.7338 17.4139
192 432 -0.6986 -1.5281 15.5187
216 432 -1.6586 -2.8996 16.5413
240 432 -2.1873 -2.2087 14.7967
264 432 -3.9304 -2.3597 12.7508
288 432 -3.8167 -2.4282 15.3219
312 432 -5.3055 -1.4682 19.3007
336 432 -5.2709 -0.2947 20.1951
360 432 -5.2717  0.0178 10.7383
384 432 -11.9167 -0.5815 19.8899
408 432 -11.1372 -0.2566 22.0568
432 432 -10.7144 -0.7777 11.8763
456 432 -7.1379  0.4784 21.7699
480 432 -6.5824  0.9304 19.8114
504 432 -3.1202  2.1882 13.6285
528 432 -5.0690  2.6471 12.6415
552 432 -5.8063  3.3261 17.9463
576 432 -3.1847  3.9452 16.5441
600 432 -1.6018  3.8432 20.8492
624 432 -0.4106  3.4359 17.5825
648 432  0.6581  2.6018 16.1746
672 432  2.8405  1.7737 17.9744
696 432  1.9600  1.3048 17.2067
720 432  2.6230  1.8825 16.9236
744 432  1.8448  1.9391 15.1402
768 432  1.0966 -0.0223 15.6457
792 432  2.5534  0.8105 17.6500
816 432  2.2000  1.9213 16.8873
840 432  2.6266  2.2892 13.4814
864 432  1.8449  0.7179 14.4203
888 432  1.8297  0.7422 19.5133
912 432  1.3727  1.4387 23.0058
936 432  0.7265  1.5115 19.1758
960 432 -0.0304  1.0672 19.4940
984 432  0.4688  0.0496  8.2601
 24 456 -0.0084  0.0032 12.3928
 48 456  3.6934 -2.4019 14.1609
 72 456  3.3750 -2.0565 14.4886
 96 456  2.8957 -3.0699 14.4931
120 456  1.5389 -2.2491 15.4748
144 456  0.3038 -1.5131 19.7923
168 456  0.2145 -1.3765 16.2452
192 456 -1.0582 -1.5242 14.2236
216 456 -2.2965 -2.2123 15.4123
240 456 -4.0083 -2.0769 15.5531
264 456 -4.2960 -2.3107 18.9033
288 456 -4.1400 -2.1238 14.7467
312 456 -7.1396 -0.0364 20.7265
336 456 -5.9479 -0.6696 13.9962
360 456 -9.7044 -1.8456 15.3373
384 456 -11.1276 -0.2658 16.9969
408 456 -11.7148 -0.8939 23.1431
432 456 -11.0176 -0.8330 16.0793
456 456 -7.5746  1.8029 17.5609
480 456 -8.1337  1.6181 18.5240
504 456 -6.0616  2.6096 13.2013
528 456 -5.9895  2.9981 13.4222
552 456 -5.8622  3.4460 22.0870
576 456 -3.7345  2.4733 20.4270
600 456 -1.4237  2.8829 21.2097
624 456 -0.2221  3.2745 15.1550
648 456  0.6187  2.9407 14.9946
672 456  2.8485  2.8494 17.0741
696 456  1.2737  2.1142 12.7232
720 456  1.1411  3.5186 14.4210
744 456  1.7047  2.0624 13.6949
768 456  1.6455  0.1537 17.9983
792 456  1.5083  0.3244 18.4733
816 456  1.7345  2.7925 18.4814
840 456  1.4977  2.5206 16.1180
864 456  1.2191  1.2339 16.0385
888 456  0.1501  1.3153 14.8636
912 456 -0.4005  3.3245 15.9891
936 456  0.8389  1.7317 17.2063
960 456  0.1153  1.1609 15.6409
984 456  3.5872 -0.0409  8.2002
 24 480 -0.0067  0.0058 12.4336
 48 480  4.1049 -1.4916 13.3673
 72 480  4.0242 -3.0965 13.0188
 96 480  2.4375 -3.3735 14.7172
120 480  1.6327 -2.4579 16.4978
144 480  1.1363 -1.9139 17.5337
168 480  1.5161 -2.3873 17.0975
192 480  0.2665 -2.0815 19.1505
216 480 -0.1380 -2.6086 14.1543
240 480 -4.2338 -2.0410 13.7856
264 480 -5.4312 -2.0360 14.6569
288 480 -3.0125 -1.4934 14.4494
312 480 -5.1275 -0.7064 15.6242
336 480 -6.1171 -1.0699 12.8160
360 480 -7.1382 -1.8132 11.4478
384 480 -3.6895 -1.5295 13.4356
408 480 -4.0972 -1.7716 15.4721
432 480 -6.1930 -1.8332 14.7664
456 480 -7.8563  1.6320 13.9723
480 480 -8.0005  1.5361 14.1813
504 480 -6.8920  3.7995 12.2092
528 480 -5.8717  3.2739 13.7368
552 480 -2.1854  1.4134 12.1170
576 480 -1.5130  2.5835 20.1655
600 480 -1.6484  3.0290 18.9638
624 480 -1.7570  3.7654 17.9920
648 480  0.0021  1.5783 16.7120
672 480  0.1448  1.7532 16.7871
696 480  1.6297  4.3573 16.1469
720 480  0.9943  4.0866 16.6910
744 480  1.9175  2.0377 17.4604
768 480  1.6720  0.3118 17.4516
792 480  0.0899  0.6975 15.3819
816 480 -0.0495  2.5997 18.1472
840 480  0.0467  2.0072 18.6750
864 480 -0.0596  1.7111 15.2626
888 480 -0.4133  3.3630 17.5546
912 480  0.0183  4.6564 21.7704
936 480 -0.6181  2.0035 16.4038
960 480 -0.5755  1.8324 15.1164
984 480  3.6308  0.0171  8.4447
 24 504  0.0078  0.0071 12.5532
 48 504  4.0318 -0.9909 15.8617
 72 504  4.2922 -2.1036 18.2006
 96 504  3.8794 -2.0514 15.2976
120 504  2.7484 -1.8715 17.8722
144 504  1.7970 -1.9923 15.7320
168 504  1.8437 -4.0327 14.0301
192 504  0.3562 -3.2624 16.6455
216 504  0.5067 -2.3044 21.2241
240 504 -0.1520 -2.7426 15.5734
264 504 -1.6338 -2.2195 12.8780
288 504  0.6536 -2.7636 16.8490
312 504  0.8693 -1.9647 15.7743
336 504 -3.9065 -0.8231 13.3764
360 504 -2.1122 -1.9821 11.9131
384 504 -1.9153 -2.1132 16.2235
408 504 -1.1863 -1.3386 19.1811
432 504 -1.9512  0.5758 17.6318
456 504 -2.5591  0.6097 18.7758
480 504 -5.7790  5.1689 13.2166
504 504 -4.8858  4.4431 18.7770
528 504 -3.9198  3.9320 15.9864
552 504 -1.6809  2.4789 16.8321
576 504 -0.2285  3.5487 18.7256
600 504  1.7597  2.5732 18.4220
624 504  2.8340  1.5213 13.9198
648 504 -0.1734  0.6220 14.8692
672 504 -0.5959  0.9562 18.1308
696 504  0.5284  3.1945 15.1800
720 504  1.6915  4.0238 14.2619
744 504  1.5718  1.1456 16.1447
768 504  1.7064  0.4429 18.7214
792 504  0.3928  0.9018 15.5427
816 504 -0.2498  2.9588 18.0483
840 504 -0.2487  2.3401 17.8021
864 504 -0.9061  2.6669 13.2170
888 504 -0.4150  3.3947 14.2009
912 504  0.1056  3.2273 20.1155
936 504  0.5436  2.8915 16.8376
960 504  0.4783  2.5363 16.3889
984 504  3.6892  0.0489  9.0193
 24 528  0.0059 -0.0864 12.6169
 48 528  2.1683 -1.5709 22.2800
 72 528  2.0993 -1.0515 14.7357
 96 528  3.6648 -2.0093 13.1837
120 528  2.0884 -1.7887 14.3926
144 528  1.9676 -2.3516 13.3118
168 528  2.5673 -5.2345 12.5994
192 528  2.3719 -4.9741 14.6930
216 528  2.7149 -2.9578 15.1715
240 528 -0.1695 -4.4277 15.7421
264 528  0.4744 -4.5589 14.6358
288 528  0.6657 -3.9313 18.7697
312 528  0.5720 -3.7046 15.3011
336 528  0.0583 -1.0524 13.6169
360 528 -0.0315 -0.9550 15.9902
384 528 -0.3398 -1.8998 15.9604
408 528 -0.4250 -1.9008 17.5894
432 528 -2.0212 -0.0352 18.9754
456 528 -2.8203  0.7836 16.3645
480 528 -2.2905  5.2143 13.5036
504 528 -2.8455  4.5459 16.6938
528 528 -2.3085  3.8793 14.9040
552 528 -0.9060  3.5758 18.4634
576 528 -0.8162  3.2403 12.7942
600 528  0.4076  2.2906 12.9376
624 528  1.6302  1.7770 13.4615
648 528 -0.3680  0.3384 14.7357
672 528 -1.5222 -0.1491 17.5017
696 528 -0.1742  1.1549 14.2236
720 528  0.5805  1.3278 18.5919
744 528  1.3574  1.1742 17.0021
768 528  1.7710  1.0219 19.0966
792 528  1.2053  0.8445 17.8934
816 528  1.1547  0.0788 16.1952
840 528  0.2592  0.7161 16.7931
864 528  0.0918  1.5525 14.2640
888 528  2.2017  3.1908 15.1273
912 528  1.3707  2.9478 16.1521
936 528  1.1385  3.0137 17.3088
960 528  1.4557  2.2280 13.0163
984 528  3.6126 -0.0545  8.5975
 24 552  0.0249  0.0519 12.1182
 48 552  2.2611 -0.7523 19.6028
 72 552  1.6514 -1.1474 15.1219
 96 552  0.1404 -1.5015 17.0439
120 552  2.1683 -2.5962 14.8010
144 552  3.0399 -4.3647 14.4439
168 552  3.9355 -6.3716 13.3390
192 552  4.3200 -6.8365 14.3467
216 552  4.4457 -6.0711 13.1056
240 552  2.8086 -5.6391 14.8641
264 552  0.0671 -5.4328 15.9109
288 552 -0.6143 -4.3230 18.5357
312 552 -0.3271 -3.5249 13.6794
336 552 -0.5720 -1.6419 13.9968
360 552 -0.1902 -1.5870 14.3407
384 552  0.3000 -2.3297 15.8390
408 552  0.1740 -2.1356 18.3401
432 552 -1.1604 -1.2318 16.7628
456 552 -2.2930  0.0684 17.4367
480 552 -2.2021  4.5514 14.7496
504 552 -1.9485  4.6560 15.8721
528 552 -0.2394  1.4324 13.1293
552 552 -0.0357  1.2526 14.9287
576 552 -0.5219  3.9759 10.6940
600 552 -0.4507  2.0800 17.2986
624 552 -0.2356  1.9785 16.2977
648 552  0.0767  2.5370 15.2527
672 552 -1.3591 -0.9229 16.9923
696 552 -2.4276  0.0988 23.0537
720 552 -2.0477  0.3408 15.4774
744 552  0.1374  0.6717 16.3331
768 552  1.7942  0.7638 16.2926
792 552  1.9898 -0.5391 16.6639
816 552  1.8237 -0.8523 18.1475
840 552  1.2378 -0.6074 16.2169
864 552  4.6162  0.8068 10.0735
888 552  2.9767  1.9874 10.6301
912 552  3.3001  4.9576 14.2060
936 552  2.8131  3.1497 17.2093
960 552  2.4235  0.7949 16.5018
984 552  3.6456  0.0027  8.4235
 24 576  0.0214  0.1488 12.4269
 48 576  2.7045 -0.3445 17.3621
 72 576  7.5968 -4.9680 19.2336
 96 576  8.0518 -5.3062 16.4400
120 576  4.0663 -2.0284 16.8276
144 576  2.9348 -4.2898 10.8040
168 576  5.5229 -5.9707 12.2066
192 576  5.0492 -7.0324 11.6987
216 576  3.2248 -6.4172 14.9260
240 576  2.2617 -5.7120 19.1642
264 576  0.9591 -5.1926 19.7809
288 576 -1.7498 -4.2549 14.8664
312 576 -2.9548 -4.5583 16.3521
336 576 -2.8460 -3.9513 17.1688
360 576 -0.6929 -3.9673 17.9488
384 576 -0.0470 -3.3753 18.2966
408 576 -0.0683 -2.7160 16.9258
432 576 -0.8575 -1.3769 15.7295
456 576 -2.6601  0.0648 16.1089
480 576 -4.0746  2.2968 12.7134
504 576 -1.2596  3.1654 13.0755
528 576 -0.1887  0.9005 15.1707
552 576 -0.9084  2.6651 15.1318
576 576 -0.6818  3.9978 17.6163
600 576  0.5176  4.9020 17.3640
624 576  0.1605  3.7560 17.1844
648 576 -0.2086  2.8513 18.3109
672 576 -2.5498 -0.0950 17.8084
696 576 -3.2823 -0.0430 21.3810
720 576 -2.2156  0.3174 17.1602
744 576 -0.0697 -2.5221 12.7727
768 576  1.0699  0.8710 15.7409
792 576  2.7864 -0.3794 17.8138
816 576  2.6342 -1.0499 19.3072
840 576  1.7928 -5.9656 19.0620
864 576  1.7107 -7.9085  8.9069
888 576  8.0671  3.4487 13.2130
912 576  5.6880  9.5784 12.3965
936 576  2.1385  2.1681 13.1042
960 576  1.5036  2.3464 16.8250
984 576  3.7037  0.0735  8.9180
 24 600 -0.0124  0.0577 13.2613
 48 600  4.0963 -1.2935 13.6524
 72 600  6.5772 -5.0373 16.3375
 96 600  7.2942 -5.4634 13.7467
120 600  6.1664 -2.2723 13.4460
144 600  5.2529 -5.8112 13.0218
168 600  5.0991 -5.7384 13.6265
192 600  2.1289 -6.6416 14.6296
216 600  1.8365 -6.4015 15.9909
240 600  1.5172 -5.8547 18.9399
264 600  1.2815 -5.1792 16.9388
288 600  0.8127 -3.4800 16.4850
312 600 -0.1645 -2.9220 14.6971
336 600 -2.8494 -3.9686 18.8342
360 600 -3.6622 -5.1228 17.3580
384 600 -1.3179 -4.0492 15.8415
408 600 -1.0109 -3.4038 16.8666
432 600 -0.4496 -1.3291 18.0266
456 600 -2.6375 -0.6513 17.7689
480 600 -6.0401  1.3686 16.9137
504 600 -4.0629 -0.5863 14.5479
528 600 -1.9937  0.6930 16.5547
552 600 -1.1619  2.2783 15.6639
576 600 -1.3073  3.6131 18.6386
600 600  0.8332  4.8032 18.1920
624 600  2.0025  5.1244 16.6833
648 600 -0.3144  2.5050 18.6171
672 600 -1.3645  2.0330 18.6096
696 600 -2.7577  0.1411 16.8506
720 600 -1.6134 -0.2547 16.7779
744 600 -1.4185 -4.0487 15.3378
768 600 -0.0412  0.2249 15.1591
792 600  2.6624 -0.5616 21.2675
816 600  2.9791 -0.6909 18.2481
840 600  0.7915 -5.3858 21.8966
864 600  2.0495  0.0472  9.9991
888 600  3.8787 10.6208  9.5570
912 600  8.5122  6.9750  7.9084
936 600  0.1551  3.0246  9.2932
960 600 -0.0937  3.7709 14.7043
984 600  3.7001  0.0341  9.0177
 24 624 -0.0088  0.0551 12.3895
 48 624  4.9416 -6.3864 18.5333
 72 624  5.0899 -5.5048 15.2447
 96 624  5.3480 -3.8406 13.0948
120 624  5.8525 -2.7370 15.1642
144 624  9.8269 -1.1492 14.3040
168 624  7.6672 -3.7424 16.7772
192 624  5.7084 -4.7575 12.8317
216 624  2.2024 -5.6522 16.1310
240 624  2.1312 -4.4861 14.6764
264 624  1.4987 -4.3021 16.0576
288 624  2.0182 -2.9027 17.7522
312 624  4.7644 -2.2153 15.4054
336 624 -0.1902 -2.8742 10.9750
360 624 -3.7669 -5.0102 17.2983
384 624 -2.9362 -4.4255 15.7649
408 624 -0.8314 -3.1748 16.0058
432 624 -1.0184 -2.2377 20.4338
456 624 -1.1003 -3.5222 21.3916
480 624 -1.2357 -3.7941 14.2051
504 624 -7.8123 -8.2555 13.6428
528 624 -4.0455  1.1437 12.9515
552 624 -2.4259  2.1700 18.6185
576 624 -2.4724  3.3456 19.1205
600 624  0.2782  3.7661 16.3314
624 624  4.4103  5.7537 18.5808
648 624 -0.1884  2.0441 17.9187
672 624 -0.9161  2.1217 19.4197
696 624 -2.9288  1.7272 17.2364
720 624 -2.8344 -0.8752 15.5550
744 624 -3.8386 -8.2004 13.0589
768 624  0.8027 -4.7508 14.1170
792 624  1.9629 -1.2913 16.0734
816 624  2.2552 -0.8088 20.3752
840 624  2.2239  0.5789 15.4010
864 624  1.0202  0.2444 15.8245
888 624  1.2817 -1.3486 17.2818
912 624  1.6068 -1.9569 11.2414
936 624  1.9181  4.2000 11.1127
960 624  3.9244  3.3531 13.1296
984 624  3.7232  0.0886  9.2557
 24 648 -0.0030 -0.0256 12.3498
 48 648  0.3392 -3.7909 16.6271
 72 648  1.5126 -2.8500 16.6988
 96 648  4.8133 -2.8541 17.2120
120 648  5.1364 -2.8429 13.9722
144 648  8.7417 -1.0032 14.5775
168 648  7.9667 -1.6105 16.4162
192 648  6.5740 -3.5190 19.0191
216 648  4.3228 -4.1774 16.0228
240 648  4.0717 -3.7933 15.6462
264 648  3.1506 -2.8511 15.6160
288 648  3.1618 -1.5060 18.2724
312 648  4.2230 -2.3859 18.1988
336 648  4.2601 -0.9138 16.1497
360 648  5.6607 -0.2148 13.9658
384 648 -2.9136 -4.4402 10.3379
408 648 -0.1919 -0.2642 20.4203
432 648 -0.1471 -1.2784 17.7702
456 648 -0.1464 -2.0931 17.9352
480 648  0.2403 -2.2050 17.5682
504 648 -0.3148 -2.0364 11.6432
528 648 -8.3426 -8.3157 10.2766
552 648 -2.3351  2.5419 13.5080
576 648 -3.4233  3.7289 17.0334
600 648 -2.8044  3.3920 11.8861
624 648  4.1098  6.1284 13.7514
648 648  0.2222  1.9056 14.4435
672 648 -0.2666  1.9922 20.9011
696 648 -0.7414  2.8883 11.6841
720 648  0.1389 -4.8397 11.7752
744 648  0.1100 -4.8591 15.5647
768 648  0.6360 -4.4831 14.1180
792 648  1.7730 -2.5214 12.1406
816 648  2.0973 -1.6279 20.1070
840 648  1.9558 -0.2823 18.1974
864 648  3.0625  1.1398 18.4277
888 648  3.7687 -1.6769 16.2355
912 648  3.9361 -2.9269 13.7845
936 648  2.9694  2.4496 16.2254
960 648  4.2698  2.7391 19.2935
984 648  3.6741  0.0555  8.7861
 24 672  0.0130 -0.0210 12.3249
 48 672  1.3542 -3.4076 19.1522
 72 672  0.5732 -3.5316 16.6119
 96 672  0.7737 -0.7341 19.0744
120 672  4.1112 -1.8950 14.6394
144 672  5.5458 -2.5590 17.0011
168 672  6.2529 -2.2275 15.7424
192 672  7.1492 -1.6000 18.4398
216 672  4.4765 -2.2255 16.0040
240 672  6.2396 -3.7621 16.8203
264 672  4.3945 -0.2149 12.8798
288 672  3.6597 -1.2563 20.6682
312 672  3.7899 -1.7248 16.5116
336 672  5.4031 -0.2393 14.7655
360 672  5.3426 -0.0656 14.5550
384 672 -0.0812  0.9711 16.6364
408 672  0.1754  0.5091 24.4618
432 672  0.1415 -0.0650 24.0136
456 672  0.3494 -1.1865 16.8021
480 672  0.0005 -2.0284 22.4024
504 672 -0.4548 -1.7727 16.0176
528 672 -1.6075 -1.8337 14.7988
552 672  1.8089  6.9900 10.3914
576 672  0.0051  6.0813 20.4246
600 672  1.6776  5.0116 17.7293
624 672  0.3443  4.0947 11.0597
648 672  0.1372  2.8819 13.7234
672 672  0.0637  2.8313 18.3164
696 672 -2.8950  7.7859 10.6488
720 672 -0.2060 -0.7067 15.3169
744 672 -2.2334  0.1856 20.5146
768 672 -2.6941 -4.2023 10.5471
792 672  0.0716 -3.1529 13.5867
816 672  1.6718 -1.4994 19.2309
840 672  1.7192 -0.3413 17.7728
864 672  3.1278  0.5884 18.9100
888 672  3.9540 -0.0146 15.4361
912 672  1.7002  7.2727 14.1150
936 672  2.3554  2.1158 14.8203
960 672  3.8504  2.5089 18.4506
984 672  3.6093  0.0792  8.5546
 24 696  0.0352  0.0006 12.0677
 48 696  2.9854 -2.2825 12.7156
 72 696 -0.8647 -0.0859 17.1142
 96 696  0.1576 -0.7704 16.1373
120 696  4.0965 -2.2649 15.9751
144 696  4.8410 -3.6429 19.8627
168 696  5.1107 -3.6398 18.0161
192 696  6.2615 -0.3706 15.1458
216 696  6.4294 -2.1457 16.7322
240 696  7.0850 -3.0031 18.1993
264 696  2.2577  1.4516 12.3074
288 696  2.2699  1.7254 20.0300
312 696  3.7068 -2.9489 13.0874
336 696  3.0442 -4.9577 14.9417
360 696  7.4371  4.0552 13.3650
384 696 -0.1435 -3.8736 11.3400
408 696 -1.0014  0.1154 22.9057
432 696 -1.1152  0.2797 21.1682
456 696 -1.7031 -2.0178 19.4194
480 696 -0.3076 -1.8688 13.5803
504 696 -1.6872 -1.2752 15.5880
528 696 -1.8350 -1.0472 14.3046
552 696  1.7645  4.9286 13.6694
576 696  0.4163  6.1261 19.8709
600 696  2.1243  6.4114 15.0620
624 696 -0.3627  0.6524  9.9506
648 696 -1.8305  0.8272 15.2707
672 696 -0.1497  9.0926 16.3170
696 696 -0.9991  9.6762 11.6616
720 696 -4.0012 -0.0503 16.9068
744 696 -1.2348  2.6782 15.0984
768 696 -1.0978  2.6038 12.7594
792 696 -0.4540 -2.7592 14.3022
816 696  0.3088 -1.8384 19.1665
840 696  1.1250  0.0933 23.6175
864 696  2.0273 -0.6269 21.0991
888 696  0.4958 -0.5535 16.4071
912 696  1.6592  8.0311 16.6636
936 696  1.7319  5.9249 15.3555
960 696  1.9382  4.5383 14.1083
984 696  3.5780  0.0412  8.5596
 24 720  0.0146  0.0168 12.1877
 48 720 -1.7097  3.1907 16.9480
 72 720 -1.6079  2.8924 17.8501
 96 720  1.0000  1.0000  7.4869
120 720  3.9462 -2.9335 13.2322
144 720  4.2769 -3.7512 17.7808
168 720  4.7084 -4.6591 15.7669
192 720  4.8111 -5.0688 15.1629
216 720 -1.7897 -0.3063 11.0954
240 720  6.8941 -2.7028  6.6354
264 720  2.3870  1.2904 20.1490
288 720  3.7931  2.1419 23.3182
312 720  3.4623 -3.0555 12.0107
336 720  3.3448 -4.6743 18.7743
360 720  3.2481  0.1924 18.2343
384 720  2.4457  0.7616 14.6184
408 720  1.8500  5.9761 15.3408
432 720  1.8257  5.8599  9.7072
456 720 -0.9073 -2.6104 14.9403
480 720 -1.7407 -2.3849 13.0341
504 720  5.0114  6.1724 13.3446
528 720  3.6792  3.1751 15.8832
552 720  4.3045  2.8655 10.4811
576 720  1.1638  7.3816 11.9920
600 720  1.1562  7.1606 13.9164
624 720 -3.0276  1.7461 11.3550
648 720 -1.1036  1.0231 13.8866
672 720  0.3079  9.3593 17.5447
696 720  0.4417  9.2455 13.6381
720 720 -3.7457 -0.2636 10.2621
744 720 -0.4399  2.8755 13.5388
768 720  0.8218  1.0086 15.0942
792 720  0.4066  0.0974 13.6304
816 720  4.0278 -0.2365 13.5957
840 720  1.5387 -0.0502 20.2617
864 720  1.5390 -0.2222 17.3695
888 720 -0.2313  0.5420 13.5829
912 720 -0.0103  7.2755 10.6672
936 720  1.1981  9.2208 13.3631
960 720  1.1943  9.0869  9.5436
984 720  3.6143 -0.0313  8.6338
 24 744  0.0075 -0.0214 12.1056
 48 744 -1.3987  2.8367 16.8638
 72 744 -1.4250  2.4388 13.2202
 96 744  6.4736 -8.1624 12.5117
120 744  6.2438 -5.2595 16.8297
144 744  4.9990 -5.9648 15.2976
168 744  4.2370 -5.8228 14.2705
192 744 -1.3281 -0.9448 13.6898
216 744 -1.2456 -1.1802 15.2792
240 744 -3.7219 -7.0023 12.5434
264 744 -0.7544  0.0130 12.8449
288 744  2.1020  0.8670 23.0209
312 744  3.8953  0.0367 16.1165
336 744  5.0821 -0.2440 17.0535
360 744  3.1209  0.2523 18.1816
384 744  1.6516  0.7720 14.7548
408 744  0.4993  6.6629 14.3548
432 744  0.2225  6.9708 19.0305
456 744 -0.7079 -3.7565 16.9587
480 744 -2.4386 -3.4699 21.9311
504 744 -1.8379 -4.6329 22.6424
528 744  4.2429  3.1547 16.2462
552 744  4.1554  8.2252 12.5360
576 744  3.7982 11.3012 16.2824
600 744  2.3194  7.6022 14.3864
624 744  2.9446  6.8151 17.6659
648 744  2.5911  6.8668 15.9394
672 744  0.9930  7.9756 13.1698
696 744  0.9981  9.0343 10.9826
720 744  3.0191  3.4021 12.9005
744 744  2.3653  2.6909 17.0247
768 744  2.0786 -0.2221 16.6762
792 744  3.8193 -0.3513 16.1702
816 744  5.8223 -0.0314 18.1966
840 744  4.2482  0.3854 16.3342
864 744  2.7520  1.4126 12.0785
888 744 -2.0726  2.8125 13.7326
912 744 -3.0438  3.2474 10.7121
936 744  2.2711 10.0911 16.3132
960 744  3.7865 10.4037 18.1447
984 744  3.5926 -0.0076  8.3492
 24 768  0.0297  0.0469 11.0960
 48 768  6.9723 -0.1862 12.9277
 72 768  5.7882 -5.9454 12.8042
 96 768  5.9004 -5.9132 14.6038
120 768 -3.7997 -1.1852 12.1833
144 768 -2.0676 -1.6677 16.0393
168 768 -1.1240 -0.8737 11.7798
192 768 -2.1447 -0.8748 17.4030
216 768 -1.0029 -3.9469 11.9258
240 768 -0.9934 -5.7180 15.7202
264 768 -0.6598 -5.5275 12.7328
288 768 -0.2810 -7.6538  8.1537
312 768  5.8183 -0.9837 13.9841
336 768  5.7811 -0.1265 19.9211
360 768  5.8508  0.8204 16.5228
384 768 -5.7885  0.8842 12.4503
408 768 -1.1278  2.9704  9.9668
432 768 -0.0945  6.9834 16.6478
456 768 -0.2196 -4.8018 23.5056
480 768 -2.2897 -3.4987 15.4662
504 768 -0.1388 -5.3531  9.5587
528 768  0.9815 -5.3571 15.2054
552 768 -0.2789 -6.5445  9.6551
576 768  1.1948  7.7881  9.8256
600 768  3.7026  6.3741  7.1272
624 768  3.7708  5.3725 15.7285
648 768  3.6035  5.4060 16.0454
672 768  4.0383  6.0097 15.9691
696 768  4.0598  6.1536 15.1143
720 768  3.5111  2.9578 15.3736
744 768  3.2808  2.8320 14.5009
768 768  3.3021 -0.9431 13.8421
792 768  3.6962 -0.5236 16.4826
816 768  2.1987  0.3316 17.9039
840 768  3.2844  0.9253 16.3362
864 768  3.2355  2.3185 13.3631
888 768  4.1890  4.6611 13.3510
912 768  3.7870  5.0649 15.4723
936 768  3.8980  7.9584 11.5538
960 768  4.0379 10.3849 16.8354
984 768  3.6145 -0.0066  8.2919
 24 792  0.0114  0.0332 11.4848
 48 792  7.1002 -1.0059 11.4344
 72 792  6.9073 -2.0480 13.2655
 96 792  5.7345 -6.3023  8.4058
120 792 -1.0399 -0.1724 16.8662
144 792 -1.1848 -0.1109 16.9785
168 792 -2.2289  4.7055 14.6622
192 792 -2.6919  5.3924 13.0503
216 792  0.4291 -6.2554 14.1032
240 792  0.2753 -6.0380 18.6997
264 792  1.8728 -5.7944 16.4232
288 792  0.1720 -3.1691 17.9761
312 792 -0.7465 -5.8167 14.1707
336 792  5.6631 -0.0536 12.1046
360 792  5.1295 -1.0849  9.3515
384 792 -4.1868  2.4359 14.0444
408 792 -4.2471  2.2024 12.4060
432 792  1.0000  1.0000 10.0458
456 792  4.0807 -0.1175  8.8912
480 792  1.8752  4.8043 21.6033
504 792  6.1562  3.7388 13.4175
528 792 -14.1044 -27.1607  8.5467
552 792  6.0258  5.4038 11.7286
576 792  3.0257  5.2139 16.1119
600 792  0.1936  7.1707 19.7735
624 792  0.2860  7.1566 17.7787
648 792  3.0647  5.1438 13.6800
672 792  3.6878  6.0983 15.2424
696 792  3.9383  6.4065 13.7921
720 792  2.8561  1.1797 14.7761
744 792  4.6050  3.4162 13.7238
768 792  7.2414  1.6675 16.2086
792 792  3.9237 -0.7645 13.2116
816 792  0.8194  1.7795 14.9990
840 792 -1.7495  3.2147 15.1855
864 792 -2.1190  3.6001 13.8742
888 792  0.0979  2.9773 13.8624
912 792  4.2653  5.5149 17.6366
936 792  4.0218  4.3809 16.2867
960 792  4.0274 11.6401 11.2288
984 792  3.6501  0.0170  8.6395
 24 816 -0.0149 -0.0477 12.5073
 48 816  7.2164 -2.7066 16.7109
 72 816  7.0497 -2.6092 15.9695
 96 816  7.7194  0.8121 11.6593
120 816 -0.8349  0.0229 13.1532
144 816 -0.5192  0.2272 16.4371
168 816 -2.5094  3.9058 15.5132
192 816 -2.9426  2.9037 12.1757
216 816 -5.6044 -0.6727  7.6736
240 816 -5.3003 -5.8315 13.9954
264 816 -5.7353 -3.1498 13.8386
288 816 -5.6413 -4.9748  9.6298
312 816 -2.8301 -7.0465 10.5966
336 816 -6.0714  1.2334  9.7983
360 816 -9.8723  0.1354  7.9974
384 816 -11.8593 -5.1533 15.7704
408 816 -11.1160 -5.2587 11.2094
432 816  1.0000  1.0000  6.6478
456 816 -9.7674  5.8602 12.4465
480 816 -5.3624  4.2004 11.5119
504 816  7.9977  0.6899 11.6707
528 816  6.0573  6.6965 13.2837
552 816  6.1980  7.1875 21.1629
576 816  2.8242  5.8805 13.5993
600 816 -0.0270  7.2002 19.1167
624 816  0.0747  7.2899 18.8918
648 816  0.7281  5.1696 14.5279
672 816  2.6835  5.3401 14.6679
696 816  4.0055  7.8273 12.7670
720 816  4.1077  7.9494 14.1909
744 816  8.2463  2.6299 10.9173
768 816  7.7278  2.4349 17.4131
792 816  6.0904  2.2432 10.6656
816 816 -1.8857  3.2084 16.6756
840 816 -2.1037  3.4591 16.7510
864 816 -2.0187  3.3057 15.5740
888 816  0.2737 -0.0407 13.0125
912 816  6.2665  5.4153 15.9558
936 816  6.5875  5.5879 20.0819
960 816  4.0221  7.0914 12.3613
984 816  3.6655  0.0372  8.7955
 24 840 -0.0105 -0.0282 12.8919
 48 840  5.3781 -1.9060 13.5363
 72 840  6.0851  0.1191 15.4576
 96 840  5.0400 -1.7345 12.2178
120 840  2.0954 -4.0106  6.9869
144 840  1.6943  0.6346 12.0584
168 840 -0.0812  0.0577 14.7236
192 840 -3.4297  1.9871 14.3031
216 840 -5.3655  0.6727 12.8403
240 840 -6.0746 -4.4502 14.4324
264 840 -6.2422 -4.6960 14.2921
288 840 -4.4559 -10.3071 11.5430
312 840 -2.9981 -11.9268 14.4854
336 840 -8.0926  0.3525 10.1352
360 840 -9.6892  7.0685  7.5490
384 840 -12.1289 -6.1832 18.2800
408 840 -0.0121 -3.1896  9.4783
432 840 -7.0095 -0.2323 14.8499
456 840 -0.1218 -1.7364 10.9155
480 840 -2.9618  0.2269 12.9522
504 840 -0.0914 -0.3558 14.9234
528 840  3.3154  4.7095  8.6336
552 840  2.2211  5.6804 13.4123
576 840  1.3906  5.4045 20.8415
600 840 -0.0363  6.6181 13.3722
624 840  0.5157  6.2757 13.1611
648 840  0.9151  5.1344 15.5178
672 840  0.8905  5.5506 16.9805
696 840  0.8198  5.8982 14.0983
720 840  6.0765  9.7471 10.2611
744 840  7.8787  0.7907 12.7569
768 840  3.6055  6.0087 10.4200
792 840 -1.7813  3.5485 14.0056
816 840 -1.6523  4.1321 16.4762
840 840 -1.9645  4.8120 14.5474
864 840  1.9071  4.9743 14.0211
888 840  1.9711  0.3274 14.4541
912 840  3.6841  1.3430 12.5916
936 840  5.2671  4.8633 14.1776
960 840  4.2460  8.6365 15.3199
984 840  3.6635  0.0121  8.6818
 24 864 -0.0132 -0.0665 13.0035
 48 864  4.5022 -0.4934 15.5444
 72 864  6.0534 -0.1489 10.4470
 96 864 11.7954 -7.7198 10.4027
120 864  4.1872 -10.2136 13.1185
144 864  6.6508 -10.7961  8.8493
168 864  2.2254 -1.5442 13.6921
192 864  0.8801 -2.6481 14.9250
216 864 -4.5132  0.3570 12.7148
240 864 -4.7586 -1.0993 12.0307
264 864 -4.2442 -8.8288 12.0784
288 864 -4.1518 -10.3388 13.3854
312 864 -4.0970 -10.4502 12.5426
336 864 -4.8500 -4.1441 11.9218
360 864  1.0000  1.0000  6.5609
384 864  1.0000  1.0000  9.9515
408 864 -3.1419 -6.8232 20.1555
432 864 -5.2779 -5.3784 23.0381
456 864 -2.0813 -5.0342 15.7483
480 864 -2.0051  1.2624 16.1575
504 864  0.9178  0.1311 13.1938
528 864  1.8669  1.0086 13.3581
552 864  1.9219  4.5849 17.3104
576 864  1.5239  4.7479 19.5785
600 864 -0.7329  5.1995 12.9879
624 864  0.0248  4.6288 13.7216
648 864  0.1963  3.7321 13.3114
672 864  0.2396  4.5493 13.7671
696 864  0.7967  5.0711 14.5614
720 864  4.1539  6.0473  9.0189
744 864  3.6526  6.6815 16.0057
768 864  2.0938  7.8449 16.6873
792 864 -0.0604  4.8644 19.4286
816 864 -0.1910  4.7670 19.7621
840 864 -1.1668  4.9726 15.1841
864 864  2.0409  4.9279 15.0538
888 864  3.8095  1.4009 19.5932
912 864  2.8181  0.9876 17.3998
936 864  2.9084  1.4634 16.0142
960 864  4.9137  7.2364 14.3356
984 864  3.7289  0.0749  9.1411
 24 888 -0.0210 -0.0376 13.1238
 48 888  1.0170  1.9151 13.2057
 72 888  9.2677 -3.2989 10.7285
 96 888 12.0020 -12.1286 11.2930
120 888  6.0402 -11.2431 14.6919
144 888  6.1664 -11.0313 12.5422
168 888  2.8759 -2.6907 11.0796
192 888 -3.0847 -2.4945 15.5124
216 888 -3.3947 -2.3217 19.7744
240 888 -1.9262 -6.8522 10.3106
264 888 -5.5646 -12.1235 13.6158
288 888 -8.9752 -14.0336 13.1900
312 888 -1.1178 -5.1338 11.1347
336 888 -2.8992 -5.1747 11.1691
360 888 -10.0640 -1.1000  9.2116
384 888 -9.1779 -10.1273 15.8339
408 888 -4.7960 -4.9849 16.5931
432 888 -5.4201 -5.1747 17.9155
456 888 -4.0446 -4.0470 12.3176
480 888 -1.2506 -1.9103 10.9550
504 888  0.6753  0.0441 14.5295
528 888  2.1142  1.1328 17.3505
552 888  0.1284  2.7990 12.8246
576 888 -0.0958  2.9910 12.0108
600 888  0.2682  3.8393 16.1563
624 888  0.2218  3.7486 16.1957
648 888  0.3439  4.4792 16.2759
672 888  0.2726  4.4789 13.4421
696 888  1.9109  2.9753 14.0149
720 888  3.9256  1.6492 15.3069
744 888  4.8994  0.5486 11.2804
768 888  2.2566  6.1652 12.9885
792 888 -1.8459  3.2163 13.9148
816 888 -0.1532  4.6309 17.3735
840 888 -0.3344  4.4049 13.9419
864 888  3.0768  2.4679 12.1959
888 888  3.7281  0.8957 17.3004
912 888  2.4025  0.0106 16.5214
936 888  2.8137  0.4796 14.3086
960 888  4.8160  2.9348 14.9341
984 888  3.6744  0.0763  9.0380
 24 912 -0.0037 -0.0285 12.6035
 48 912  1.8158 -4.1493 15.8118
 72 912  4.2278 -6.8112 17.9068
 96 912  7.7040 -5.5626 10.6648
120 912  6.9010 -12.7056 11.1185
144 912  7.4390 -10.8356 10.0022
168 912  9.3332 -8.9475  7.5866
192 912 -4.8397 -4.5307 19.6999
216 912 -2.4187 -4.7819 18.5485
240 912 -1.1720 -6.9606 15.6036
264 912 -0.8569 -7.1339 12.5040
288 912 19.1139 35.1284  8.2549
312 912 14.0144 24.2486  7.9661
336 912 -3.8001  0.1477 17.4222
360 912 -3.9070 -0.1913 20.8747
384 912 34.1946  5.0863  8.9050
408 912 -9.0795 -8.3554 14.9872
432 912 -6.1057 -5.1206 12.1385
456 912 -5.5046 -4.8629 13.5756
480 912 -3.8907 -5.8883 15.7973
504 912  2.8468 -3.0193 12.4726
528 912  4.1137 -0.7305 13.7738
552 912  3.5510 -0.0908  9.1374
576 912 -0.8807  3.3494 10.7419
600 912 -0.2765  2.1825 16.9198
624 912  2.2873  5.6397 12.6259
648 912  2.6172  5.7912 14.9382
672 912  2.0150  1.7055 13.9135
696 912  2.0506  0.6249 16.7707
720 912  2.3676  0.7399 14.5251
744 912  4.9572 -1.0502 18.9498
768 912  0.6653  0.4515 14.7608
792 912  1.0595  1.1661 15.0681
816 912  0.6968  4.0903 15.6738
840 912  0.3522  7.8456 11.0492
864 912  2.4494  2.9565 11.0579
888 912  3.7073  0.6393 21.1925
912 912  2.3821 -0.2918 17.1232
936 912  3.0654 -0.9628 14.9176
960 912  4.6925  1.1413 15.9796
984 912  3.5580  0.0335  8.4941
 24 936  0.0244 -0.0129 11.7229
 48 936  2.8338 -5.4393 14.8532
 72 936  4.2209 -7.0766 19.1969
 96 936  5.7166 -8.1608 14.8989
120 936  0.8422 -11.9587 16.8073
144 936  0.5146 -10.0280 11.3629
168 936 -0.1991 -9.3810 10.5676
192 936  0.3597 -6.6842 11.4986
216 936  1.2068 -6.9138 10.7480
240 936 -0.6401 -8.0229 12.9231
264 936 -3.5331 -8.0672  9.4621
288 936  1.0000  1.0000  7.0083
312 936 -15.8056 -16.9521 20.9038
336 936 -4.1710  1.5587 11.2560
360 936 -4.2477  0.3583 19.7449
384 936 34.0392  9.4022 10.9161
408 936 -9.5114 -7.1842 14.4279
432 936 -8.1308 -9.8453 10.8528
456 936 -6.1188 -7.8469 12.8812
480 936 -4.3043 -6.7897 12.8949
504 936  2.7632 -5.6643 13.0267
528 936  2.8661 -5.7671 17.4680
552 936 -5.8608 -4.8966  8.1091
576 936 -7.9602 -4.9353  9.0733
600 936  0.9484  2.0109 18.2855
624 936  1.8376  2.4107 13.7595
648 936  1.8676  4.7806 15.9887
672 936  2.0163  1.5867 14.3730
696 936  1.7323 -0.5575 15.6390
720 936  0.9032 -1.8070 14.5130
744 936  6.8630 -2.9787 16.1633
768 936  6.7472  0.0567 10.6603
792 936  2.6335  2.2135 14.6989
816 936  0.2829  4.2122 14.1466
840 936  1.2776  7.2338 13.0528
864 936  2.7877  1.5481 12.1858
888 936  4.3459 -0.8919 15.2846
912 936  4.2964 -2.8260 14.5033
936 936  2.9041 -1.1275 14.7071
960 936  1.9536 -1.6245 15.5728
984 936  3.6253 -0.0378  8.2409
 24 960  0.0126 -0.0529 12.1118
 48 960  0.2163 -7.1855 12.7759
 72 960  0.0076 -7.8961 12.5788
 96 960  2.3024 -8.1066 10.3066
120 960  0.2569 -13.1757 10.9090
144 960  0.0278 -12.5982 10.2548
168 960 -0.1930 -12.2281 11.8106
192 960 -0.0490 -7.1484 10.3578
216 960  1.7531 -7.2963 11.4323
240 960  0.0544 -9.9697 14.0306
264 960 -7.5862 -7.9552  8.4641
288 960 -8.2166 -8.7125 10.9981
312 960 -4.1283 -13.7240  7.9673
336 960 -8.0501  1.2321  8.0040
360 960 -14.7449 -2.5706 17.5409
384 960 -9.0361 -1.4942 12.2904
408 960 -9.0225 -3.7348 10.1314
432 960 -8.4392 -8.4481  9.8030
456 960 -9.5860 -9.8191 13.4245
480 960 -4.5233 -8.4379 15.3210
504 960 -3.1100 -7.6274 16.2804
528 960 -0.2670 -4.2391 11.8904
552 960 -0.2756 -1.7102 20.7647
576 960  0.4690  0.0305 14.8156
600 960  2.9323  2.0414 22.1198
624 960  3.3971  2.0925 15.0499
648 960  4.6221  2.8611 10.6911
672 960  4.2072  0.0698 10.4778
696 960  5.2575 -1.2466 14.0030
720 960  6.0461 -1.4569  8.8263
744 960 11.8245  0.1139  9.6468
768 960  4.7313  4.0952 13.7851
792 960  3.0048  1.8829 15.9725
816 960  0.1361  5.3693 19.9763
840 960  1.9192  6.0180 14.9960
864 960  4.1972  2.9190 14.8812
888 960  6.7903 -2.9614 12.2573
912 960  7.6969 -5.8397 12.7476
936 960  2.1466 -2.7321 10.3051
960 960  1.6304 -1.9965 15.9163
984 960  0.4747 -0.2139  8.2106
 24 984 -0.0015 -0.0096 14.7604
 48 984 -0.0203 -0.0023 12.4074
 72 984  0.0115  0.0002 12.3239
 96 984  0.0372  0.0052 12.4089
120 984 -0.0487  0.0046 12.0616
144 984 -0.0293  0.0246 12.1310
168 984 -0.0034  0.0186 12.1882
192 984 -0.0148 -0.0142 11.4711
216 984 -0.0498 -0.0096 11.7010
240 984 -0.0068  0.0168 12.3969
264 984 -0.0129  0.0259 12.4660
288 984 -0.0432  0.0040 12.0289
312 984 -0.0028  0.0028 12.1325
336 984 -0.0224  0.0039 12.3343
360 984 -0.0013 -0.0038 12.1543
384 984  0.0426 -0.0049 11.5983
408 984 -0.0060 -0.0353 10.7613
432 984  0.0065 -0.0254 11.2871
456 984 -0.0186 -0.0030 12.1422
480 984 -0.0367 -0.0131 12.1774
504 984 -0.0206 -0.0197 12.4338
528 984 -0.0211  0.0013 12.5632
552 984 -0.0060  0.0144 12.7288
576 984  0.0581 -0.0105 12.3706
600 984  0.2081  0.0030 12.4223
624 984  0.2103  0.0193 11.9692
648 984  0.1612  0.0121 12.0339
672 984  0.0613  0.0117 12.2639
696 984  0.0230  0.0050 12.0648
720 984  0.0846 -0.0025 11.9625
744 984  0.0779  0.0093 10.8734
768 984  0.1080  0.0256 10.9781
792 984  0.0695  0.0219 12.3852
816 984  0.0040  0.0298 12.7775
840 984  0.0147  0.0273 12.4741
864 984  0.0292  0.0098 12.1404
888 984 -0.0778  0.0023 12.0111
912 984  0.0108 -0.0012 12.2332
936 984  0.1637  0.0078 12.1252
960 984  0.1948  0.0056 12.6152
984 984  0.5971 -0.0257 12.1705
