 24  24  0.0223 -1.6174 13.2087
 48  24 -0.0179 -1.6617 10.2661
 72  24 -0.0073 -1.6597 10.1262
 96  24 -0.0421 -1.6719 10.3850
120  24 -0.0382 -1.6529 10.5078
144  24 -0.0497 -1.6505  9.7889
168  24  0.0152 -1.7008 10.1098
192  24  0.0266 -1.7018 10.5826
216  24 -0.0539 -1.6509 10.2006
240  24 -0.0120 -1.6539 10.2918
264  24  0.0064 -1.6349  9.9383
288  24  0.0024 -1.5794  9.6776
312  24 -0.0351 -1.6714 10.2876
336  24  0.0085 -1.6171  9.7397
360  24  0.0860 -0.3699  8.7552
384  24  0.0083 -1.5689  9.6687
408  24 -0.0472 -1.6342 10.0550
432  24 -0.0613 -1.6138 10.0077
456  24 -0.0612 -1.5728  9.7943
480  24 -0.0219 -0.4056  9.5402
504  24 -0.0401 -1.6558  9.7855
528  24 -0.0721 -1.6968 10.2463
552  24 -0.1220 -1.5740  9.7282
576  24 -0.0598 -0.4120  9.6983
600  24  0.0328 -1.5680  9.9614
624  24 -0.0034 -1.5875 10.0902
648  24 -0.0028 -1.6251 10.3636
672  24  0.0281 -0.4452  9.8735
696  24  0.0111 -0.4259  9.6590
720  24  0.0135 -1.6015  9.8920
744  24 -0.0599 -1.5974 10.0058
768  24 -0.0017 -0.3867  9.9959
792  24 -0.0313 -0.3461  9.9234
816  24  0.0359 -0.4120  9.4417
840  24  0.0512 -0.4245  9.2311
864  24 -0.0135 -0.4563  9.6100
888  24 -0.0271 -1.5389  9.8254
912  24 -0.0176 -1.5973  9.8986
936  24 -0.0424 -1.6261 10.1074
960  24 -0.0183 -1.6078  9.9374
984  24  5.5104 -1.5600 10.6100
 24  48 -0.0086  0.0090 11.7152
 48  48 -4.1103  6.6582 16.1104
 72  48 -5.4024  3.3589 15.1085
 96  48 -5.7806  5.5118 12.9654
120  48 -4.0457  7.6195 16.6836
144  48 -3.3353  6.7124 13.5053
168  48 -2.7812  2.9792 15.9201
192  48 -4.2975  2.8977 17.9410
216  48 -4.2254  2.2334 17.1695
240  48 -5.0454 -0.5271 21.7815
264  48 -5.4934  0.2229 15.7871
288  48 -5.6118 -0.5489 12.0616
312  48  0.0269  4.7124 14.3284
336  48  1.7740  2.2410 15.9712
360  48 -0.0621  0.9020 13.9767
384  48 -0.6966  1.0410 18.0579
408  48 -1.2067  2.7461 17.2852
432  48 -0.9319  2.8694 18.3797
456  48 -2.9847  3.1786 20.1143
480  48 -3.0803  2.7159 17.1543
504  48 -3.9409  0.9717 17.8265
528  48 -2.3126  1.3228 16.3894
552  48 -3.5676 -1.1283 19.3793
576  48 -3.5934 -1.1062 16.6228
600  48 -2.6002  1.3443 18.7829
624  48 -1.2048  0.7133 16.7519
648  48 -2.4265  1.0925 13.8195
672  48 -2.2863  1.0421 12.5212
696  48 -3.0256  0.0398 12.2201
720  48 -1.1199  0.9781 14.2275
744  48 -1.0385  2.7698 11.1531
768  48 -0.8696  2.0800 13.0183
792  48 -0.1409 -0.4428 16.2826
816  48  0.2464 -1.0612 15.0312
840  48  0.0476 -0.9003 16.7669
864  48 -1.7468 -0.4741 10.6472
888  48 -7.7117  1.4062 15.9637
912  48 -7.7857  1.1246 16.6672
936  48 -6.0333  1.8292 12.8890
960  48 -3.7779 -8.5570 12.5995
984  48  5.0311 -0.0176  7.4025
 24  72 -0.0198  0.0079 11.9360
 48  72 -3.3204  4.1051 17.4374
 72  72 -5.0167  3.4476 13.9160
 96  72 -5.7335  5.0092 15.0288
120  72 -4.0525  5.0726 18.0912
144  72 -1.7580  3.1356 13.5476
168  72 -2.3018  2.7863 14.8188
192  72 -3.8398  2.9016 16.8784
216  72 -4.2371  1.4819 17.0519
240  72 -4.8688 -0.0141 18.9894
264  72 -5.5346  0.5014 19.4165
288  72 -5.8675  0.0170 18.4702
312  72 -1.3174  2.8361 15.6139
336  72 -1.5384  2.6842 17.2551
360  72 -1.9132  2.3022 17.5208
384  72 -2.1752  1.9868 20.7980
408  72 -1.9311  2.0556 20.6827
432  72 -0.9883  2.8243 17.2959
456  72 -2.1858  5.0020 15.9503
480  72 -2.5457  2.9969 16.4539
504  72 -2.6599  2.8752 15.9473
528  72 -2.2790  0.8826 17.2342
552  72 -2.0845 -0.1475 17.2530
576  72 -2.6791 -0.2465 18.3687
600  72 -1.0268  0.8596 19.6005
624  72 -1.0058  1.0850 23.0171
648  72 -0.3068  1.7374 15.8944
672  72 -1.9104  1.0766 14.5211
696  72 -2.3278  0.2546 15.2258
720  72 -2.4671  0.1327 14.6355
744  72 -1.3386  0.3310 13.6838
768  72 -0.2484  0.5061 15.4690
792  72  0.1753 -0.7138 18.0887
816  72  0.1093 -1.5272 15.4193
840  72 -1.7851 -0.6625 14.8015
864  72 -8.8741  1.2122 10.7274
888  72 -8.8794  1.0654 16.3687
912  72 -8.7682  1.0112 15.3610
936  72 -6.9620  0.9901 11.6376
960  72 -5.0896 -7.8696 14.8272
984  72  4.7754 -0.0030  7.4571
 24  96 -0.0219  0.0465 12.7961
 48  96 -5.5161  3.8540 15.3542
 72  96 -3.3593  3.8131 11.8992
 96  96 -4.2623  4.1992 15.4476
120  96  0.2727  2.1795 15.9481
144  96  0.1172  1.9000 18.3521
168  96 -2.9652  2.5793 14.0459
192  96 -3.0414  2.1179 15.9656
216  96 -2.9667  1.3006 19.6239
240  96 -5.0640  0.1378 18.5111
264  96 -5.5283  0.2718 17.9295
288  96 -6.1037  0.2066 16.2174
312  96 -5.9655  1.8680 14.8452
336  96 -2.8785  3.0845 12.7491
360  96 -3.6700  1.9700 17.3044
384  96 -3.1118  2.0976 17.3177
408  96 -1.8449  1.8116 19.4407
432  96 -1.0546  2.3688 17.5893
456  96 -1.6628  2.8544 17.5687
480  96 -1.8354  3.1502 18.9023
504  96 -1.5619  3.4113 15.1590
528  96 -1.2240  2.9914 13.2816
552  96 -1.7872 -0.2336 19.0879
576  96 -1.9417 -0.0458 19.9946
600  96 -0.8074  1.0936 16.1384
624  96 -0.0479  2.1169 19.8530
648  96  0.0046  2.2193 17.7069
672  96 -0.6964  1.2030 17.7268
696  96 -2.7286  0.8712 17.5981
720  96 -3.0429  0.6953 11.8679
744  96 -2.7901  0.0973  9.2447
768  96 -0.8543 -1.0588 14.4576
792  96  0.1966 -0.2104 15.0895
816  96 -0.6218 -0.3486 16.9317
840  96 -2.7687 -0.4629 13.4104
864  96 -7.2774  1.9001 13.4024
888  96 -9.2246  0.5585 16.5138
912  96 -8.8662 -0.7864 12.5260
936  96 -8.1258 -5.1627 10.8510
960  96 -10.0154 -7.1457 13.6227
984  96  5.3212  0.0018  7.4199
 24 120 -0.0172  0.0026 12.7818
 48 120 -5.8382  4.2221 14.5019
 72 120 -1.6347  4.7546 12.6363
 96 120  0.8570  2.9588 18.8878
120 120  0.3745  1.9252 15.8270
144 120  0.1859  1.3458 16.0526
168 120 -2.0914  1.3605 17.1914
192 120 -3.6047  2.1072 12.1429
216 120 -5.3452  0.3650 11.4050
240 120 -5.4648 -0.1265 14.5495
264 120 -5.2344 -0.7435 15.1150
288 120 -7.2843  2.1973 13.0130
312 120 -7.7760  1.7026 11.2448
336 120 -6.8535  0.8532 13.5052
360 120 -4.0391  1.1718 18.4494
384 120 -4.0693  1.5059 17.3086
408 120 -3.1612  1.1841 14.1726
432 120 -1.3157  2.1045 18.7133
456 120 -1.9687  3.7409 20.1953
480 120 -1.7134  3.7086 17.0553
504 120 -0.2962  4.7246 14.1518
528 120 -0.6662  3.6413 13.7061
552 120 -1.2302 -0.0692 13.5516
576 120 -1.7615 -0.2841 14.5855
600 120 -2.1159  0.4856 17.7517
624 120 -0.0196  2.7030 18.1332
648 120  0.0238  2.7999 13.5640
672 120 -0.2281  1.2549 12.5205
696 120 -0.3969  0.8434 16.5019
720 120 -1.2621 -0.0924 12.3649
744 120 -1.5476 -1.8211 15.2793
768 120 -0.9816 -1.2304 16.1116
792 120 -0.0281 -0.0617 18.7096
816 120 -2.9108  0.1580 17.1472
840 120 -3.4375 -0.0628 15.0305
864 120 -5.9442 -0.1054 15.4602
888 120 -6.2074 -0.1968 12.7458
912 120 -3.2248 -2.4607  8.8075
936 120 -6.7527 -6.1269 13.7259
960 120 -8.6612 -8.0347 12.6627
984 120  0.4826 -0.0737  7.0682
 24 144  0.0059 -0.0072 12.4345
 48 144  2.9963 -1.1005 12.6693
 72 144  3.7644 -1.1557 17.2585
 96 144  1.5835  1.5143 14.2751
120 144  0.3484  3.0273 16.1252
144 144 -2.0032  1.9230 14.4162
168 144 -2.3184  1.4216 19.8045
192 144 -9.6984 -2.8256 11.2323
216 144 -9.9832 -1.9893 16.5527
240 144 -10.9486 -1.1521 13.6426
264 144 -12.9842 -0.1221 14.8370
288 144 -13.1081 -0.1360 10.6242
312 144 -10.0894  0.7690 12.2354
336 144 -8.2786 -0.0980 15.9675
360 144 -8.2431 -0.6173 13.1585
384 144 -5.5784 -0.9048 15.0593
408 144 -6.0177 -0.9588 17.8127
432 144 -6.1775 -0.3867 14.6111
456 144 -2.2459  3.8995 19.1387
480 144 -2.1503  3.6575 17.3941
504 144 -1.7720  3.6717 16.0514
528 144 -0.9669  4.2372 13.5346
552 144 -0.1444  3.4345 12.3998
576 144 -1.8595  1.8025 13.9953
600 144 -1.4151  2.9474 16.6210
624 144 -0.4894  2.7478 14.6448
648 144 -1.5391  1.7619 20.8893
672 144 -1.6097  1.6916 14.5694
696 144 -1.1129  1.1672 17.3957
720 144 -1.8171  0.4721 13.4080
744 144 -3.0393 -1.1898 15.5568
768 144 -1.8494 -1.6851 15.6176
792 144 -0.4630  0.1256 16.9713
816 144 -2.3834  0.4198 15.7017
840 144 -3.4049 -0.3936 19.0022
864 144 -4.1150 -1.4703 14.1348
888 144 -0.2241 -4.0429 12.1663
912 144 -0.0126 -4.8523 14.2875
936 144 -0.0647 -4.9773 10.9218
960 144 -6.0437 -7.6547  9.2841
984 144  2.5886  0.0454  7.2260
 24 168  0.0225  0.0028 11.5773
 48 168  2.2434  1.8019 12.1716
 72 168  3.7589 -0.8911 20.3055
 96 168  2.8169 -0.9250 14.5545
120 168 -3.1152  3.2032 19.2162
144 168 -3.7026  3.2497 15.3773
168 168 -3.9249  3.0502 20.4375
192 168 -5.0221 14.9026  7.1759
216 168 -9.9108 -1.8882 14.0611
240 168 -10.1405 -1.6394 14.1801
264 168 -13.1168 -0.0606 16.1120
288 168 -13.1368 -0.0989 11.9517
312 168 -10.8148 -2.0867 16.3544
336 168 -10.3515 -1.8949 12.8798
360 168 -9.8893 -3.8080 12.4068
384 168 -8.9921 -3.9853 16.5942
408 168 -5.9320 -1.4038 14.4385
432 168 -6.1926 -1.1099 12.2064
456 168 -7.4377  0.3878 17.1217
480 168 -5.6189 -0.8035 15.7061
504 168 -3.0597  1.7964 14.2025
528 168 -1.1186  3.5591 13.9939
552 168 -0.0923  2.8177 12.4966
576 168 -1.8764  2.2325 15.0697
600 168 -2.3170  3.7379 14.6529
624 168 -0.8204  3.3969 15.0454
648 168 -2.0147  0.8195 21.6932
672 168 -1.7696  0.6474 16.3307
696 168 -0.9051  0.8684 15.9165
720 168 -0.9281  0.8729 13.2557
744 168 -1.6542 -0.1736 13.5641
768 168 -2.9357 -2.0371 16.8589
792 168 -2.2447 -0.3021 14.4105
816 168 -1.5071  0.3047 14.1173
840 168 -2.4206 -1.1823 14.8353
864 168 -2.3447 -3.7396 11.2075
888 168  0.8634 -6.3073 13.4991
912 168  0.7543 -5.6419 15.0354
936 168  2.1889 -5.8273 16.1421
960 168  0.1017 -6.1183 14.7379
984 168  3.3674  0.0994  7.4894
 24 192 -0.0048 -0.0163 12.1902
 48 192 -5.7593  2.0903 15.2294
 72 192 -6.6231  2.9460 20.1870
 96 192 -7.9014  1.6079 12.6882
120 192 -8.8733  0.1974 17.1272
144 192 -9.5166 -0.0890 13.7639
168 192 -4.1486  2.5958 15.6391
192 192 -7.6345 -0.8348 14.1768
216 192 -6.9062 -0.7477 15.5323
240 192 -7.0086 -0.9331 14.9537
264 192 -7.0350 -2.0797 16.1762
288 192 -6.4935 -0.6755  8.8782
312 192 -10.9575 -2.2478 21.0307
336 192 -11.2522 -2.0532 13.9282
360 192 -12.1329 -4.8618 14.3933
384 192 -10.0194 -4.2895 16.2332
408 192 -10.7606 -3.0168  9.8958
432 192 -11.0482 -4.7369 10.8852
456 192 -7.5206 -3.1777 11.8353
480 192 -5.8214 -1.3088 15.5817
504 192 -4.1868 -1.4590 13.6537
528 192 -1.5983 -0.1959 15.1116
552 192 -0.8366 -0.0418 15.7193
576 192  0.1652  3.1225 11.5695
600 192  0.4675  1.1651 12.8824
624 192  0.2890  1.1546 16.0344
648 192 -0.0495  1.0984 15.5978
672 192  0.3284  0.5684 16.3359
696 192  1.6165  1.0040 14.5087
720 192 -0.0509  1.0681 18.6230
744 192 -0.4226  0.3779 16.9254
768 192 -0.4751 -0.9221 13.8635
792 192 -2.1990 -1.2039 14.7548
816 192 -0.4530 -0.1738 14.8098
840 192 -0.0071 -1.0078 13.4956
864 192  1.1322 -6.7583 10.9710
888 192  2.7289 -7.0566 14.9801
912 192  2.1162 -6.4512 13.8535
936 192 -0.2344 -5.7932 15.6172
960 192 -0.2288 -5.4277 12.5357
984 192  3.3008 -0.0642  7.3682
 24 216  0.0051 -0.0375 12.5367
 48 216 -7.7591  1.3414 11.2936
 72 216 -6.8890  1.9448 12.8982
 96 216 -9.6706 -0.0824 13.9079
120 216 -9.1421  0.0388 17.9670
144 216 -8.6907 -1.6204 16.4856
168 216 -7.5391 -2.0284 14.3125
192 216 -7.6167 -1.8073 19.7064
216 216 -7.9930 -1.8204 20.0531
240 216 -8.1392 -1.4511 14.7571
264 216 -6.8987 -1.2872 12.6587
288 216 -7.0326 -1.2687  9.9583
312 216 -8.0207 -0.6599 15.3121
336 216 -8.0708 -1.1761 13.6584
360 216 -16.0689 -6.9235 12.4694
384 216 -13.2273 -6.2983 13.9614
408 216 -11.7828 -4.0330  9.4448
432 216 -11.3701 -3.6976 13.1014
456 216 -9.8976 -4.1100 10.4063
480 216 -3.6897 -2.3075 14.2680
504 216 -2.7439 -1.9535 13.6166
528 216 -1.9557 -1.2942 14.1929
552 216 -0.9648 -1.0890 17.2735
576 216  1.1509  0.3154 13.1077
600 216  4.6936  4.3004 14.4476
624 216  2.3676  2.5306 13.2674
648 216  1.9652  1.5342 15.3919
672 216  2.9634  1.5242 17.3406
696 216  2.9941  2.0301 13.8624
720 216  0.1909  0.5290 10.7870
744 216 -0.3069 -0.3486 15.0834
768 216  0.3940 -0.7768 16.5343
792 216  1.8553 -1.0812 17.1799
816 216  1.7677 -1.0406 15.8871
840 216  1.8932 -1.7271 15.3187
864 216  1.8722 -6.7105 12.5812
888 216  0.1177 -6.3133 11.7855
912 216 -0.3013 -4.0636 14.4479
936 216 -1.7044 -5.0983 17.6215
960 216 -2.1817 -5.2491 18.9777
984 216  0.4488 -0.0380  7.2402
 24 240  0.0407  0.0066 11.8060
 48 240 -0.9335  0.5909 23.9225
 72 240 -10.0360 -2.0914 15.4239
 96 240 -9.7570 -1.7486 15.8748
120 240 -7.2022 -4.2553 11.2215
144 240 -6.4672 -4.9242 14.4605
168 240 -6.9791 -2.7259 14.1148
192 240 -7.2467 -1.9535 19.0540
216 240 -8.0565 -2.2520 14.4422
240 240 -11.8017 -0.5260 16.8948
264 240 -11.6764 -1.8927 14.2143
288 240 -12.7608 -3.7254 14.7193
312 240 -13.4465 -4.1172 15.1946
336 240 -7.5633 -1.0186 12.4931
360 240 -15.8710 -7.3362 17.8666
384 240 -16.0288 -7.4155 19.3595
408 240 -14.9706 -6.8855  7.9785
432 240 -11.7020 -4.9368 13.5082
456 240 -9.7306 -7.0314  9.6349
480 240 -2.1443 -1.8971 14.7316
504 240 -2.1669 -2.0045 14.9057
528 240 -1.9878 -2.7109 17.7920
552 240 -0.3941 -2.3668 17.5517
576 240  0.8044  0.8022 13.1056
600 240  2.3054  3.6155 11.5366
624 240  3.7114  3.1625 15.8410
648 240  3.5491  1.9136 16.2752
672 240  3.2224  1.8688 15.8514
696 240  3.3195  2.1028 15.4556
720 240  2.3840  0.0654 12.2118
744 240  1.7352 -0.8277 11.4791
768 240  3.4153 -0.2724 15.5376
792 240  3.1837 -0.6500 16.6693
816 240  2.9625 -1.5455 15.6655
840 240  3.7913 -3.5509 13.8296
864 240  3.5906 -5.7879 14.3149
888 240  0.1079 -3.5228 12.3418
912 240 -1.5320 -1.9167 16.4613
936 240 -1.7631 -4.9874 17.9757
960 240 -2.0597 -5.0358 17.8867
984 240  0.4847 -0.0833  7.2553
 24 264  0.0250  0.0421 11.8802
 48 264  0.1926  1.7766 23.5250
 72 264 -4.8861 -1.1671 16.4339
 96 264 -5.0670 -2.6979 17.6774
120 264 -4.4417 -5.0871 16.3925
144 264 -5.2923 -4.9716 12.8195
168 264 -21.5928 -5.4134  8.6794
192 264 -6.6036 -2.4271 11.6384
216 264 -10.9438 -2.8525 10.1190
240 264 -11.8724 -1.2270 18.1622
264 264 -12.2335 -1.3808 14.7916
288 264 -12.3210 -2.6862 13.3881
312 264 -14.0542 -3.7661 19.0232
336 264 -14.9318 -2.9222 12.5464
360 264 -16.9250 -8.5704 10.6482
384 264 -20.0266 -5.1963 13.6253
408 264 30.7575 -10.7747  7.7945
432 264 -11.6211 -6.6310 14.0499
456 264 -10.2861 -6.9112 13.3904
480 264 -5.9634 -6.8260  9.2034
504 264 -2.0255 -2.3048 15.4344
528 264 -2.9199 -1.3097 14.4070
552 264 -0.6123 -1.5466 16.4881
576 264  0.0325 -0.0332 12.8031
600 264  0.4029  1.7310 16.7446
624 264  1.9922  1.6530 18.2718
648 264  1.9682  2.1990 16.3087
672 264  1.9360  2.5604 17.1102
696 264  3.0628  2.4398 14.2640
720 264  3.1192  1.5306 13.4833
744 264  3.7073 -0.6870 12.6534
768 264  4.6054 -0.4859 17.1828
792 264  3.8411 -0.2682 19.2736
816 264  3.2514 -1.3715 11.8965
840 264  4.1537 -3.0737 16.6028
864 264  2.6844 -4.3028 15.0587
888 264  0.0737 -1.9883 16.2418
912 264 -0.3484 -1.9106 15.3033
936 264 -2.9265 -3.1455 14.7535
960 264 -1.8477 -2.1454 13.5309
984 264  4.9049 -0.0201  7.5463
 24 288 -0.0141 -0.0007 12.1031
 48 288  0.1824  1.7433 14.0640
 72 288 -5.0096  1.5290 12.7652
 96 288 -4.0221 -2.2558 11.4095
120 288 -3.7745 -3.8874 12.0188
144 288 -4.7617 -3.4454  9.7030
168 288 -19.0700 -9.9239 13.6120
192 288 15.3761  0.2351 10.6746
216 288 10.1080  3.2016  6.8192
240 288 -12.0050 -0.9446 12.1482
264 288 -12.4666 -0.8481 14.8574
288 288 -14.0500 -1.7043 11.1164
312 288 -14.4535 -2.2320 15.2200
336 288 -15.5507 -1.3122 14.2042
360 288 -16.1657 -1.2717 11.5917
384 288 -19.9162 -3.8313 11.2386
408 288 -16.8882 -6.7879  8.4745
432 288 -9.1582 -5.8635 11.2051
456 288 -6.8461 -6.3283  9.5922
480 288 -5.0799 -7.7655 15.0653
504 288 -2.3947 -2.5701 11.5758
528 288 -2.6642 -1.2460 15.1161
552 288 -1.0991 -0.8831 13.8727
576 288  0.0713  0.2322 15.9882
600 288  0.0560  1.5438 15.8171
624 288  0.9714  1.3202 19.6006
648 288  1.6987  1.1020 18.4689
672 288  1.6200  0.8753 19.6069
696 288  1.8646  1.8936 13.5416
720 288  3.1875  3.2288 14.7219
744 288  4.5416  0.0407 14.0346
768 288  4.6904  0.6206 18.7232
792 288  3.9798 -0.0963 15.1552
816 288  2.9663 -1.8448 13.2684
840 288  2.3943 -2.3024 11.9959
864 288 -2.0075 -0.9622 14.8640
888 288 -2.0653 -1.1269 15.0739
912 288 -4.9893 -3.0969 13.2377
936 288 -6.0612 -3.0447 22.0193
960 288 -0.2734 -1.3688 14.1836
984 288  4.7509 -0.0566  7.3231
 24 312 -0.0447 -0.0059 12.2495
 48 312  2.6515 -2.8353 11.1860
 72 312 -5.2513  1.9706 13.2258
 96 312  1.2309 -1.2154 14.4624
120 312  1.1545 -2.0391 13.8113
144 312 -1.2843 -2.0445 12.8056
168 312 -0.1111 -4.7418  9.4081
192 312 16.8438  0.0794  8.5534
216 312 -4.1801 -5.9202  8.6491
240 312 -15.6675 -2.8852  9.4547
264 312 -14.9792 -1.8968 17.4339
288 312 -14.8185 -1.3105 13.3406
312 312 -14.9791 -1.0464 10.8925
336 312 -15.5994 -1.3820 10.7593
360 312 -16.0856 -0.9818 12.9953
384 312 -17.1202 -1.9306  9.2919
408 312 -16.0823 -5.8557 13.1111
432 312 -7.8006 -4.6268  8.8977
456 312 -6.8581 -7.9296 12.4849
480 312 -6.6968 -7.7905 12.7570
504 312 -5.5957 -4.3354 11.8485
528 312 -2.5770 -2.1042 14.5530
552 312 -1.5338 -0.9865 14.1886
576 312 -0.2529  0.3061 14.5348
600 312  0.1042  1.9495 15.0693
624 312  0.9700  0.8157 21.1564
648 312  1.7543  0.8020 16.3180
672 312  1.6526  0.9104 12.8906
696 312  2.0330  1.7414 11.9357
720 312  2.3204  1.7990 17.0505
744 312  3.2726 -0.0284 16.2892
768 312  3.8041  0.9074 15.8989
792 312  2.3092  0.0889 16.5906
816 312  1.9276 -1.1809 15.9411
840 312 -0.8907 -0.7261 16.7958
864 312 -2.2638 -0.2251 18.1174
888 312 -3.6489 -0.7044 16.8712
912 312 -5.0686 -2.9934 14.4353
936 312 -4.1875 -3.1935 14.7014
960 312 -0.5225 -3.0575 14.2338
984 312  0.4652 -0.1594  7.4245
 24 336 -0.0210 -0.0223 12.3297
 48 336  3.8986 -3.4225 14.1589
 72 336  4.3041 -3.9305 12.5320
 96 336 -0.0984 -0.9653 18.5238
120 336  0.5967 -1.8823 15.1135
144 336  1.9458 -3.6349 17.4014
168 336  0.0190 -4.1889 12.7163
192 336 -5.6420 -5.1600 13.0156
216 336 -5.8072 -5.2603 13.8142
240 336 -15.7137 -3.7367 10.1409
264 336 -15.3743 -2.3425 17.0691
288 336 -14.0222 -1.9731 11.7526
312 336 -8.2020 -2.0420 15.2026
336 336 -10.4739 -0.4030 14.3381
360 336 -10.2761 -0.8382 11.3354
384 336 -9.9316 -1.2405 12.9144
408 336 -9.2765 -3.4467 13.1721
432 336 -6.5736 -2.9423  9.6114
456 336 -5.3705 -5.6313 10.3926
480 336 -7.8068 -7.1801 12.9266
504 336 -5.4949 -3.5378 13.3156
528 336 -3.2000 -2.5290 15.8189
552 336 -1.2637 -0.4635 16.0332
576 336 -0.6032  0.0622 14.8173
600 336  0.4132  3.2452 14.9955
624 336  1.7709  0.1604 16.4618
648 336  1.6335  0.1301 15.4681
672 336  2.2778  0.3178 14.0559
696 336  2.9561  1.3833 15.3061
720 336  3.0884  0.9128 19.2008
744 336  3.4102 -0.1125 17.9883
768 336  4.0271  0.9750 18.0380
792 336  4.2308  0.3977 14.6022
816 336  0.8890 -1.0711 15.0846
840 336 -1.4933  0.0605 16.7593
864 336 -3.9636 -0.0045 18.1606
888 336 -3.5301 -0.5720 15.1147
912 336 -3.2037 -1.2844 12.1564
936 336 -0.3640 -1.8999 11.0986
960 336  1.7533 -3.3182 16.4594
984 336  0.4885 -0.0776  7.5421
 24 360  0.0058 -0.0396 12.1734
 48 360  3.8999 -3.4494 15.1690
 72 360  3.6321 -3.5730 13.0690
 96 360  1.4177 -0.1252 12.7955
120 360  1.7277 -0.2268 10.5868
144 360  1.8443 -3.4610 16.5266
168 360 -0.2537 -4.1259 14.4138
192 360 -5.7303 -4.6844 14.8117
216 360 -5.7555 -5.4460 15.1945
240 360 -5.4186 -1.6122  9.3006
264 360 -13.2951 -2.0139 12.1876
288 360 -10.7704 -1.7139 12.1028
312 360 -8.6264 -1.1397 17.3257
336 360 -8.1237 -1.6830 17.8840
360 360 -9.9257 -1.7965 14.1530
384 360 -9.8828 -1.7447 13.9578
408 360 -8.2909 -2.5450 13.3944
432 360 -3.2934 -3.4622 10.9770
456 360 -2.3116 -3.9740 16.3270
480 360 -3.2640 -3.2536 12.7015
504 360 -3.9692 -3.0915 15.1172
528 360 -2.4599 -2.6540 17.8494
552 360 -0.9785 -0.0851 19.7426
576 360 -0.3270  0.2524 21.8841
600 360  1.1753  2.7600 19.1854
624 360  2.4041  1.7600 19.2345
648 360  3.3078  0.7571 16.8856
672 360  3.5738  0.4868 17.8687
696 360  3.4228  1.0893 15.8825
720 360  3.4305  1.1613 14.7631
744 360 -3.8843  6.9666  7.8184
768 360  6.1644 -0.0347  6.9606
792 360  5.9905  1.0849 13.8444
816 360  1.3502 -1.0891 13.4714
840 360 -0.4340  0.1517 16.4599
864 360 -2.8734  0.3497 16.5710
888 360 -3.1816  0.0818 17.4493
912 360 -1.0843 -0.0764 16.3845
936 360  0.3756 -0.6927 16.4755
960 360  2.5525 -2.1175 19.2083
984 360  0.4576 -0.0663  7.3437
 24 384 -0.0022  0.0297 12.2217
 48 384  4.4462 -3.5883 15.1063
 72 384  4.0535 -3.3303 13.2963
 96 384  3.8409 -0.1689  9.3249
120 384  6.0082 -1.8534 12.4648
144 384  1.0676 -4.0992 12.0236
168 384 -1.1252 -3.9480 14.9266
192 384 -7.1705 -2.6893 11.7961
216 384 -6.1552 -3.3241 10.3304
240 384 -4.1998 -3.8535 12.1338
264 384 -9.3607 -2.3466 17.9459
288 384 -8.9820 -2.2303 16.2134
312 384 -9.9286 -2.0971 13.1570
336 384 -8.4190 -2.5792 16.0813
360 384 -8.2154 -2.5966 14.7697
384 384 -6.8748 -1.1318  9.7437
408 384 -5.9453 -2.0350 12.8903
432 384 -6.1891 -3.0497 13.3734
456 384 -4.0353 -3.5208 14.2699
480 384 -3.1481 -2.1961 14.5453
504 384 -3.4844 -2.2716 15.1890
528 384 -2.1942 -2.3183 16.8937
552 384 -0.1569  0.0243 20.5247
576 384  0.5614  0.1103 19.7354
600 384  1.6615  1.1162 14.8888
624 384  3.2949  1.5465 15.5261
648 384  3.4928  0.9979 14.1894
672 384  4.5210  1.1212 14.7063
696 384  4.3040  0.7819 10.6327
720 384 -7.9710  7.7569 14.9438
744 384 20.9423 -9.9705 14.0645
768 384 12.4688  0.4592  7.0289
792 384  8.0469  0.6977 16.7424
816 384  7.6750  0.7946 16.7687
840 384  4.0023  5.1913 10.6518
864 384 -0.5817  1.8819 19.9418
888 384 -0.9320  2.1369 19.9711
912 384 -1.1814  2.1570 16.3524
936 384 -3.1736  0.8439 13.6634
960 384  0.0656 -0.2265 18.1641
984 384  5.2247  0.0023  7.2379
 24 408  0.0019  0.0337 12.2610
 48 408  8.7516 -7.1638 12.1011
 72 408  9.2841 -6.1366 13.8480
 96 408 11.7696 -6.8695  8.4483
120 408  5.8999 -6.8591 11.4496
144 408  6.0631 -5.8293 10.6235
168 408  0.8806 -4.5815 11.3842
192 408  2.2853 -11.0947 10.8804
216 408 -4.1518 -3.9047 10.7276
240 408 -1.9403 -3.0236 13.7180
264 408 -7.2710 -2.8796 15.8090
288 408 -6.5521 -2.8601 18.1924
312 408 -5.2886 -3.9677 12.5160
336 408 -6.3562 -2.9972 16.2861
360 408 -6.0106 -2.6764 13.8695
384 408 -5.8794 -2.1583 14.2039
408 408 -7.0215 -3.7776 12.8760
432 408 -7.0254 -3.1331 19.1580
456 408 -2.0193 -3.2212 11.8962
480 408 -4.3071 -3.1157 11.5324
504 408 -4.8874 -1.1325 15.8512
528 408 -3.3509 -0.5876 16.4073
552 408  0.1395  1.0414 15.1203
576 408  1.3801  0.2486 20.1666
600 408  2.0900  0.2816 16.8169
624 408  3.3217  0.9884 18.6208
648 408  2.6963  0.4850 13.7763
672 408  5.6935  1.6427 17.5158
696 408  5.0801  3.0141  6.7358
720 408 -5.9993 11.6329 13.4535
744 408 21.7543 -9.2362  8.4255
768 408 10.1875  0.6787  7.3296
792 408  7.6943  0.2736 16.2849
816 408  6.4502  1.7678 15.1118
840 408  4.1437  2.9955 13.8391
864 408 -0.6150  2.1345 18.5674
888 408 -0.9089  2.5031 17.7558
912 408 -0.9617  3.2003 17.7270
936 408 -3.3085  1.3329 18.1991
960 408  0.0784 -0.5504 18.0751
984 408  5.3701  0.0908  7.3576
 24 432  0.0109 -0.0245 12.2607
 48 432  8.9689 -9.1020 11.9603
 72 432  9.7053 -10.9024 10.3215
 96 432  5.4511 -7.7282 12.3904
120 432  5.4502 -7.1435 18.8383
144 432  5.0073 -7.2322 16.4342
168 432  1.0980 -9.8558 11.6774
192 432 -1.7349 -5.7598 12.7245
216 432 -1.9102 -5.9186 10.6764
240 432 -6.0936 -4.5773 10.3001
264 432 -7.8420 -3.8619 13.1995
288 432 -5.7808 -4.6451 14.3887
312 432 -5.6665 -4.9774 18.3961
336 432 -4.6925 -3.7781 18.0388
360 432 -7.6917 -2.9556 14.0254
384 432 -9.9610 -1.4663 15.3214
408 432 -9.3684 -2.8664 15.6133
432 432 -5.7000 -2.7251 13.7436
456 432 -5.3894 -2.9909 18.8251
480 432 -5.8372 -2.7655 18.9524
504 432 -7.5695 -0.9222 15.5159
528 432 -2.5517 -0.2946 16.6288
552 432 -0.2299  0.3284 19.7272
576 432  1.5245  0.9658 20.8938
600 432  2.6442  0.9075 20.9866
624 432  2.2140  0.1829 15.9709
648 432  2.3594 -0.1500 14.4211
672 432  4.1567  0.7779 15.4259
696 432  3.8186  4.2309 12.6427
720 432  2.7266  4.2042  9.5060
744 432  3.5512  0.2151  8.7920
768 432  0.6085 -2.2371 12.6232
792 432 -1.7405 -5.3387 12.5897
816 432  6.0341  1.8561 11.5421
840 432  0.0137  1.8774 12.2649
864 432 -1.0976  8.6355 12.4665
888 432 -1.2016  7.3110 12.3697
912 432 -0.1917  3.8393 18.6508
936 432 -0.4254  1.5036 17.0999
960 432  0.5638 -0.6220 19.0580
984 432  5.0936  0.0417  7.2063
 24 456  0.0088 -0.0168 12.3780
 48 456  5.6175 -6.4275  9.8784
 72 456  4.9145 -8.1366 13.5254
 96 456  4.3363 -8.0602 12.9714
120 456  4.8746 -6.8037 15.9470
144 456  4.3633 -9.1087 14.0325
168 456  1.9463 -7.9667 13.6290
192 456  1.6600 -6.2376 13.7258
216 456 -1.8285 -5.9926 14.0184
240 456 -1.0518 -7.0298 14.4616
264 456 -1.8108 -7.4814 17.5661
288 456 -2.2280 -6.7659 14.2189
312 456 -4.8277 -4.6244 20.7654
336 456 -4.7398 -4.8647 16.9461
360 456 -8.6950 -1.8529 16.3118
384 456 -10.0417 -1.1817 16.9858
408 456 -8.0818 -1.0292 16.0467
432 456 -6.1759 -1.8352 20.0042
456 456 -5.2369 -2.5748 17.6635
480 456 -5.9046 -2.1074 18.9759
504 456 -0.2801 -1.5773 15.3861
528 456 -2.5909 -0.0955 16.7900
552 456 -0.9420 -0.2838 18.7303
576 456 -0.1888  0.2899 28.1226
600 456  0.7180  0.4916 23.3912
624 456  1.1175  0.2168 13.0737
648 456  1.1182 -2.6210 16.8843
672 456  0.8703 -0.0496 12.0480
696 456 -0.1069  1.8841 12.7464
720 456  0.2457  1.7791 11.3519
744 456  0.7051 -1.0074 12.6146
768 456  0.0976 -3.8856 12.4926
792 456 -1.4509 -6.8474 14.1995
816 456 -4.1258 -3.7051 12.9271
840 456 -2.2289  1.9192 13.8248
864 456 -3.4281  3.1359 13.7370
888 456 -3.6067  2.3261 10.8004
912 456 -2.0112  1.0693 18.1572
936 456 -0.2240  2.3401 18.5090
960 456  1.3953  1.1905 15.3767
984 456  0.7593 -0.0434  7.1447
 24 480  0.0095 -0.0343 12.3781
 48 480  7.8404 -5.5846 14.2964
 72 480  5.2966 -5.4343 14.3183
 96 480  4.7278 -7.4613 15.8062
120 480  3.7330 -7.8410 16.0720
144 480  0.3368 -9.2798 13.4814
168 480  0.4725 -9.0163 13.1536
192 480  0.3203 -7.4358 14.4595
216 480 -0.1359 -6.6816 13.9227
240 480 -2.7219 -5.1436 16.3491
264 480 -0.2932 -7.1442 19.1555
288 480 -1.8993 -6.4996 12.9527
312 480 -4.6723 -5.9610 11.7848
336 480 -3.8523 -5.3379 12.0323
360 480 -6.2720 -0.9527 17.9622
384 480 -5.7704 -0.0578 15.7690
408 480 -6.1299 -0.7154 14.1914
432 480 -4.9056 -0.5929 13.9388
456 480 -2.2378 -2.0494 17.3250
480 480 -0.7473 -1.8500 17.8991
504 480 -3.6897  0.3324 18.8749
528 480 -4.0282  1.0774 21.1672
552 480 -4.1353  1.9553 18.5388
576 480 -0.4745  2.2251 15.6242
600 480 -0.3118  3.4751 17.1947
624 480 -1.8144  3.4675 17.6271
648 480 -3.9768  0.3031 13.2961
672 480 -4.0305 -0.8175 12.2622
696 480 -1.1853  0.1369 14.9457
720 480 -0.7179 -0.2242 12.3492
744 480  2.7218  1.9391 10.8546
768 480  1.0723 -3.7991 13.7012
792 480  0.0972 -5.1633 15.2365
816 480 -2.2171 -5.2898 14.6478
840 480 -3.0725 -1.6040  9.8043
864 480 -1.0499  3.0449 12.5826
888 480 -1.8310  2.0586 12.4970
912 480 -1.1659  0.7386 17.5571
936 480  0.1719  2.5415 15.3644
960 480  1.9856  2.4067 16.2372
984 480  0.4578  0.0735  6.8933
 24 504  0.0156  0.0320 11.9351
 48 504  4.9472 -2.0602 10.7265
 72 504  3.7864 -4.1186 14.3824
 96 504  3.4469 -6.7286 15.0740
120 504  2.2344 -8.4078 13.2705
144 504  0.1279 -10.5899 14.5945
168 504  1.8628 -11.1079 12.4022
192 504 -0.0857 -7.6419 10.4708
216 504 -1.6817 -6.7637 11.2303
240 504 -2.0264 -6.5169 11.4120
264 504 -0.1794 -7.0683  8.5518
288 504  1.1780 -9.0826 12.8670
312 504  1.8795 -8.7591 12.7581
336 504 21.9678 24.9220  9.5439
360 504 -3.0612 -3.8244 13.2494
384 504 -4.0270 -2.6559 16.9003
408 504 -3.4329 -2.0012 15.9650
432 504 -1.0672 -3.3353 16.1179
456 504 -0.3797 -1.9594 18.8885
480 504 -1.7695 -1.4599 23.3008
504 504 -2.1836  0.0531 21.8339
528 504 -3.1260  0.4253 21.7811
552 504 -2.8339  1.4897 19.1512
576 504 -1.0866  1.9694 16.2707
600 504 -2.8587  4.6010 15.1342
624 504 -2.1291  4.1543 14.4462
648 504 -4.3888 -0.5453 13.2574
672 504 -3.9824 -0.6781 15.6156
696 504 -1.0652  2.0291 16.3762
720 504  0.1382  1.2388 13.8149
744 504  2.5014  2.4591 12.4359
768 504  1.4585 -2.9313 13.0787
792 504  0.4389 -4.6690 19.9209
816 504  0.6717 -4.6870 21.5682
840 504  1.6557 -3.7220 14.6696
864 504  0.0809  2.7088 14.6640
888 504 -1.1490  1.9032 14.6440
912 504 -1.3630  1.2089 16.3887
936 504 -1.5837  2.0767 13.8625
960 504 -0.6173  4.2022 14.2433
984 504  0.4495  0.1330  7.1478
 24 528  0.0257  0.0468 12.1701
 48 528  2.5914 -1.2004 14.6004
 72 528  2.6414 -2.9001 14.0285
 96 528  1.4682 -5.9824 15.2702
120 528  1.1673 -6.9742 11.4643
144 528  3.9518 -16.0142 14.2643
168 528  2.0277 -10.9894  9.7949
192 528  8.6294 -12.2803  7.6494
216 528  8.7962 -11.1977  8.2795
240 528  8.7092 32.0328  6.8774
264 528  2.0029 -5.1515  9.4479
288 528  9.9905 -12.6793 11.2709
312 528 -4.0672  6.3389  6.1806
336 528  2.9605 -10.9907  9.4109
360 528 -0.8752 -5.6958  9.7736
384 528  0.7734 -3.0031 11.5433
408 528  0.2605 -4.2266 15.8468
432 528 -0.2353 -3.9784 17.2210
456 528 -0.1221 -2.8329 20.5276
480 528 -2.0076 -1.1379 20.6989
504 528 -2.1943 -0.1297 19.8118
528 528 -2.3601  0.0356 16.3451
552 528 -1.5809  0.6319 15.3597
576 528 -0.2458  0.8463 17.7588
600 528 -0.1967  2.7257 11.4121
624 528 -1.1500  2.0296 10.5655
648 528 -3.8120 -1.2548 14.6366
672 528 -3.3306  0.9108 12.4892
696 528 -2.5452  2.5558 15.2817
720 528 -0.4278  3.1522 14.5373
744 528  1.0162  1.2033 10.8414
768 528  1.1303 -0.6942 12.5813
792 528  1.6318 -2.7357 14.6698
816 528  1.6668 -2.9527 19.0814
840 528  1.7519 -3.0463 17.3619
864 528  0.0601  2.8646 16.4565
888 528 -0.1044  2.7266 15.9604
912 528 -1.0843  1.8859 16.3076
936 528 -0.9564  3.2845 16.1712
960 528  0.2977  4.8406 11.9764
984 528  0.4864 -0.0909  7.3045
 24 552 -0.0015  0.0015 12.7458
 48 552  1.6637 -0.2552 15.4756
 72 552 -0.5379  1.7566  9.5884
 96 552  2.3330 -10.2849  9.6292
120 552  1.6332 -10.5252  7.6202
144 552 -11.8069 18.0483  8.4012
168 552  1.9936 -14.8638 14.1172
192 552  2.2087 -13.8542 13.2111
216 552  1.9967 -13.2941 16.2282
240 552  2.2821 -13.2204 14.9760
264 552  2.2456 -10.2306 11.4264
288 552  9.1479 -13.7315 13.7745
312 552  1.4573 -10.8196 12.0784
336 552  1.1402 -10.1862 14.2408
360 552  0.6162 -8.5778 16.5216
384 552  0.1894 -8.9740 13.7208
408 552  4.5710 -4.2557 12.1138
432 552  2.9927 -3.8888 16.4988
456 552 -0.2451 -2.3495 21.2617
480 552 -1.5683 -1.3408 19.3342
504 552 -3.0354 -0.4215 16.6693
528 552 -1.9463 -0.4478 14.2946
552 552  0.1209 -1.3102 14.6519
576 552  0.4638  0.3147 16.3665
600 552  0.0026  2.6167 17.7944
624 552  0.0602  3.3292 17.8170
648 552 -1.9176  1.7467 14.7504
672 552 -4.2390  1.9162 12.5877
696 552 -2.0302  3.9097 15.5624
720 552 -0.9081  1.6601 14.5595
744 552 -0.8612  0.3352 14.4804
768 552  2.0910 -2.2533 12.2326
792 552  2.4051 -2.7835 18.0055
816 552  3.5266 -0.8727 18.5148
840 552  3.9901 -0.1691 12.2225
864 552 -0.2142  3.2681 13.9381
888 552  0.9112  1.4442 16.5496
912 552  1.1433  1.8769 18.4388
936 552  0.9227  3.0618 19.7662
960 552  2.8555  2.9547 16.4022
984 552  3.3005  0.1073  7.3918
 24 576 -0.0120 -0.0972 12.5113
 48 576  1.6754  0.1289  8.6817
 72 576 14.2253 -13.4119  9.1932
 96 576 13.9437 -15.2784 12.2675
120 576 -21.6934 -12.2523  7.7282
144 576  5.0559 -22.2205  8.9097
168 576 -1.8995 19.0809  7.5045
192 576  1.2981 -15.7259  7.5952
216 576  1.3567 -13.8456 14.8777
240 576  1.3704 -13.5572 14.2032
264 576  1.2352 -10.7409 10.0904
288 576  7.7255 -14.3474 11.8111
312 576  1.1089 -11.4677 15.3068
336 576  0.0493 -12.6461 13.4986
360 576 -4.0523 33.8020  9.9646
384 576  2.3543 -11.9643 11.1905
408 576  4.2940 -5.4450 15.2802
432 576  2.7356 -3.9250 16.1073
456 576 -0.1922 -2.5418 12.9365
480 576 -1.2504 -0.7173 17.3833
504 576 -2.4981 -0.8037 20.5581
528 576 -0.9401 -0.4732 15.1610
552 576  0.0086 -0.3326 15.5149
576 576  0.3431  0.2938 16.1135
600 576 -0.0424  2.8884 15.2222
624 576  0.1568  5.6524 18.8647
648 576  0.0019  5.1287 19.0847
672 576 -1.6089  3.1420 17.1844
696 576 -0.8017  3.1361 21.3335
720 576 -0.3229  2.7017 17.1580
744 576  0.2841  0.7572 14.9996
768 576  2.6126 -2.8886 13.1605
792 576  3.6214 -0.0362 12.5466
816 576  3.7110  0.0769 14.6958
840 576  3.7858  9.3819 13.2218
864 576  3.8497  9.9589 10.4316
888 576  2.3974  0.9512 14.6644
912 576  2.0426  1.0043 13.1892
936 576  2.2004  3.8088 16.3685
960 576  3.7337  1.0506 15.5626
984 576  2.0064  0.0774  7.1678
 24 600 -0.0057 -0.0949 12.4404
 48 600  9.3668 -11.7230 11.3761
 72 600 -23.8610 19.2063  8.7094
 96 600 15.5223 41.0733  6.4349
120 600 -15.7096  0.9780  6.4289
144 600  6.9291 -24.8117  7.4157
168 600  7.0178 -18.4023 16.0430
192 600  5.1990 -19.2892 11.2691
216 600  1.6807 -14.8648 11.2509
240 600  0.3852 -13.3620 16.9407
264 600  0.0894 -11.9164 19.3419
288 600  0.4037 -12.0283 20.0284
312 600  0.6662 -12.4807 16.0884
336 600 -0.1130 -14.3267 19.0855
360 600 -0.4266 -14.8454 21.1785
384 600 -0.1153 -14.1724 13.1999
408 600  3.8925 -5.8618 13.7096
432 600  2.1889 -5.3102 16.9542
456 600  0.2887 -2.9773 11.6359
480 600 -3.5669 -0.0641 19.6787
504 600 -3.6132 -0.1927 19.7305
528 600 -0.0484 -0.0263 16.7793
552 600 -0.1029  0.1107 18.2592
576 600  0.0152  0.9827 22.2207
600 600 -0.0722  2.1220 18.5450
624 600  0.4624  5.6752 16.7911
648 600  0.2671  6.7787 15.4629
672 600  0.0400  6.7052 15.9492
696 600 -0.0695  5.0855 17.5082
720 600 -0.0692  2.6296 21.4305
744 600  2.9043  1.4191 14.1559
768 600  3.6145  0.9172 11.6776
792 600  0.2476  3.0552 17.4059
816 600  1.5161  5.3695 16.7571
840 600  3.9096 10.0185 12.9669
864 600  9.7908  3.6760 12.0336
888 600  9.7966  3.3574 20.4783
912 600  7.2437  2.0285 10.9972
936 600  4.9774  0.0930 13.5313
960 600  4.2432  0.2547 14.4692
984 600  1.8604 -0.0294  7.2239
 24 624 -0.0002  0.0139 12.4032
 48 624  9.0730 -12.3746 12.4755
 72 624  8.0225 -9.0302 13.7989
 96 624 11.2450 -14.7777 12.3673
120 624 -16.2781 -3.2050  7.1161
144 624 -5.3357 17.3406  8.1812
168 624  9.3971 -18.1659 13.9693
192 624  6.6588 -19.2310 11.6776
216 624  3.1118 15.9780 10.0221
240 624 -0.6806 -10.8134 11.5924
264 624  0.0974 -11.9200 17.9344
288 624  0.6960 -12.7238 14.5078
312 624 -0.2013 -13.9450 13.2570
336 624  0.1380 -14.2643 12.6641
360 624  0.0590 -16.7818  9.5298
384 624  2.9538 -5.7556 11.6665
408 624  2.1973 -5.7229 18.8017
432 624  1.2203 -5.5960 15.7830
456 624 -2.9191  1.6432 12.7974
480 624 -3.8630 -0.4961 19.4548
504 624 -3.9362 -1.9055 17.9705
528 624  0.3678  0.0240 17.1134
552 624  0.3125  1.0571 16.3219
576 624 -0.0819  1.7863 18.9293
600 624 -0.1529  2.1815 20.2436
624 624 -0.7969  3.6777 12.0474
648 624  1.2116 11.5795 13.8761
672 624  0.2686  8.8927 15.4696
696 624  0.2048  7.6480 17.0220
720 624  0.0745  2.6258 15.0416
744 624  0.2035  2.4943 13.0884
768 624  0.2593  1.7500 15.0685
792 624 -0.7157  3.1221 14.8572
816 624  1.8648  3.1517 11.4196
840 624  8.1791  5.0949 17.2617
864 624  9.6776  3.9747 13.0180
888 624 10.2301  2.7496 16.7003
912 624  3.4448  0.3089  8.9787
936 624  4.9385  1.7180 16.6707
960 624  5.7749  1.7532 16.5743
984 624  5.0903  0.0244  7.6965
 24 648  0.0267  0.0229 12.1086
 48 648  6.9553 -12.0489 17.9375
 72 648  8.1707 -14.9522 13.8086
 96 648  8.8685 -15.3066 10.7791
120 648  5.4184 -19.0057 14.6931
144 648  4.0152 -19.0204 13.4498
168 648 -13.6432 15.1104  9.1806
192 648  5.8836 15.6134  9.4699
216 648  5.8931 -20.4611 11.4629
240 648  1.0000  1.0000  7.4384
264 648 -2.2290 -18.2847 10.6693
288 648 -0.4756 -17.0639 10.3486
312 648  1.1711 -17.9159 11.7081
336 648  0.1206 -15.5870 10.6841
360 648 -2.0621 -19.0388  9.2175
384 648  1.6976 -5.7261 10.5637
408 648  1.7165 -5.7680 14.9959
432 648 -1.9501 -0.0056 18.9491
456 648 -2.2363  0.6837 18.6330
480 648 -1.2041 -2.5498 13.3098
504 648  0.8655 -4.6618 16.4761
528 648  1.6891  1.3429 12.8211
552 648  2.0363  2.3409 13.8759
576 648  0.9895  4.9367 13.5734
600 648  0.1227  2.2994 14.6058
624 648  5.9461  0.4643 15.0687
648 648  5.1488  3.8071 10.3257
672 648  3.8747 13.1586 14.8708
696 648  1.1217  8.6856 12.4510
720 648  6.9241  0.2409 11.8208
744 648  6.7443  0.3511 12.6828
768 648 -0.6293  0.1084 17.0793
792 648  1.0187  0.1389 16.1549
816 648  3.3874  2.3533 17.9915
840 648  5.9568  3.5637 13.5804
864 648  7.5986  4.9201 14.7407
888 648  2.0037  5.6141 10.6516
912 648  0.3374  2.0446 13.0151
936 648  1.6261  0.6338 18.2939
960 648  4.8062  2.8544 16.1280
984 648  0.4697  0.0714  7.3267
 24 672  0.0133 -0.0276 12.3313
 48 672  6.0346 -10.9535 11.7815
 72 672 -18.0469 15.1685  7.3498
 96 672 12.0440 -17.1300  7.3819
120 672  7.2315 21.0096  8.2432
144 672 -4.9048 32.2579  5.3752
168 672  8.9675 -11.2333 11.1494
192 672  9.5277 15.8063  7.9180
216 672  7.4183 14.4791 11.0933
240 672  7.7662 -17.1230  9.6908
264 672  6.0777 -18.0649 10.0727
288 672 -0.1298 -18.5512  7.6150
312 672 -2.1192 -18.0616  9.3485
336 672 -2.2123 -18.0582 11.2977
360 672 -6.1820 -19.2566 10.1027
384 672 -9.0916 -19.0882 12.8236
408 672 -0.3532 13.8060  9.1412
432 672 -2.2257 -0.3745 24.3980
456 672 -2.4696  0.0683 19.3011
480 672 -0.6482 -1.1811 15.4297
504 672  1.9230 -1.4513 13.1662
528 672  3.0116  1.9772 13.2574
552 672  3.5595  5.0399 11.2000
576 672  9.9894  6.3395 11.6900
600 672  9.8044  5.3566 11.6185
624 672  6.2044  0.3001 18.8886
648 672  3.4638 14.0748 11.7825
672 672  3.7611 13.7002 14.6952
696 672  2.9363  9.9868 11.4975
720 672  6.3037  7.7713 19.1903
744 672  6.7716  7.8101 20.6783
768 672 -0.2445 -0.4204 15.4568
792 672  0.9807 -0.0731 16.8422
816 672  2.4750  0.7674 14.3976
840 672  4.8662  3.5813 16.0161
864 672  2.0860  6.6086 19.7173
888 672  1.9004  7.0043 25.9155
912 672  1.1689  7.0560 21.5606
936 672  0.1565  2.5283 17.3305
960 672  1.9623  2.6054 13.0821
984 672  0.4682 -0.0696  7.2630
 24 696 -0.0066 -0.0200 12.4298
 48 696  8.6701 -11.5235 12.2686
 72 696  8.6860 -11.7811  9.9431
 96 696  8.9602 -17.3394 10.0412
120 696  9.7650 -18.6737  7.7890
144 696  7.2857 -11.1809 11.3668
168 696  7.1777 -10.0063 16.1656
192 696  4.9190 -10.6435  9.2703
216 696  6.7635 -15.0525  9.1758
240 696  1.0000  1.0000  7.0452
264 696  1.0000  1.0000  7.0859
288 696 -0.1562 -20.1499 10.8423
312 696 -2.4358 -20.2078 14.3822
336 696 -2.7839 -18.1423 12.1394
360 696 -1.9464 -16.3467 10.4498
384 696  1.8509 -12.8499 11.0666
408 696 -1.8577 -6.9921 13.8733
432 696 -1.7677 -1.9094 14.9756
456 696  0.1766 -1.6709 15.7322
480 696  0.0579 -2.1677 15.7256
504 696  3.9864 -2.5311 13.6288
528 696  6.9353  1.6506 15.9064
552 696  9.7743  6.9504 11.6195
576 696 10.0048  6.7774 19.9208
600 696  9.7981  5.7495 18.5268
624 696  7.3376  1.9248 15.6990
648 696  3.8909 13.6441 12.3046
672 696  4.7514 15.7796 15.5405
696 696  3.7154  9.2275  9.9381
720 696  6.3386  8.1578 18.3675
744 696  6.5523  7.7860 15.9300
768 696  1.7596  0.4629 13.8933
792 696  1.0041 -0.0325 15.6061
816 696  1.9034 -0.2521 13.8875
840 696  3.7975  1.8866 11.8374
864 696  1.8270  7.0283 20.6326
888 696  1.8512  7.2638 25.3684
912 696  1.3406  7.4575 25.1089
936 696 -1.1116  3.0298 13.3783
960 696  2.1100  2.6938 12.1091
984 696  5.0201  0.0620  7.7158
 24 720 -0.0032  0.0013 12.5727
 48 720  3.6275 -10.0726 15.2271
 72 720  3.4338 -9.9729 12.1170
 96 720  3.1074 -11.2907  7.1852
120 720  5.4385 -13.1096 10.4762
144 720  4.5950 -10.5859 17.5756
168 720  4.3322 -10.5983 16.5418
192 720  3.3153 -14.9702 12.3961
216 720  4.2185 -15.8454 17.8617
240 720 15.8813  9.1956  8.4681
264 720  1.0000  1.0000  9.1142
288 720 -0.0418  5.0701  6.6866
312 720 13.1656 19.0758  7.4050
336 720 -3.4880 -15.8949  9.5358
360 720  1.7532 -9.4709  9.4724
384 720  1.7535 -8.6721 13.5822
408 720 -0.6851 -6.0728 13.5790
432 720  1.1363 -4.0972 15.8325
456 720  1.1799 -2.2770 14.5130
480 720 -0.3171 -2.7379 13.2231
504 720 -1.2195 -4.9652 12.8432
528 720  6.9083  1.1383 13.9171
552 720  7.8008  5.9602 13.4253
576 720 10.7175  6.2771 11.0487
600 720  9.7234  5.8623 13.5646
624 720  5.9994  9.6519  9.0443
648 720  3.8782 17.6217  8.5393
672 720  2.0927 17.7938 11.8760
696 720  3.7071  9.5152 10.2887
720 720  3.5869  9.0677 14.0055
744 720  4.7860  8.1914 12.6844
768 720  1.9133  0.8747 13.1206
792 720  1.7827  0.6514 16.7663
816 720 -0.8505  0.7182 13.7620
840 720 -2.2348  1.0835 11.9005
864 720  1.2645  4.9482 11.3770
888 720  4.3900  6.2836 14.8140
912 720  6.7957  9.8070 13.2768
936 720  8.6419  8.2982  9.9637
960 720 10.5817  6.3427 13.9729
984 720  5.3852 -0.0547  7.6072
 24 744 -0.0118 -0.0124 12.4348
 48 744  3.8880 -9.7549 14.5488
 72 744  3.6959 -9.9876 15.7130
 96 744  3.0987 -10.9636 11.1020
120 744  5.4075 -11.5287  8.8735
144 744  4.2016 -10.9011 13.3710
168 744  4.1889 -11.0754  9.5259
192 744  4.7238 -15.6922 11.7004
216 744 23.1076 37.5224  6.5750
240 744  1.0000  1.0000  7.0843
264 744 -7.8395 -24.0198 11.5470
288 744 -7.9153 -24.1510 15.8693
312 744 -7.9701 -23.4286 11.3702
336 744 -1.0336 -15.9633 17.3279
360 744 -0.7852 -13.0445 10.5038
384 744  2.4218 -8.1120 16.1094
408 744  1.9353 -5.3102 12.9877
432 744  2.9329 -3.1617 13.5219
456 744  1.1754 -4.0803 15.4128
480 744 -1.9883 -4.9500 19.4217
504 744 -0.2205 -5.9126 16.4013
528 744 -0.2883 -6.0425 13.9259
552 744  7.1960  8.0441 20.1624
576 744  7.9626  8.7139 21.9934
600 744  6.1851  7.4895 11.4973
624 744  5.4337  7.2947 13.4867
648 744  4.1983 17.5777 11.3137
672 744  3.8785 17.1118 10.0048
696 744  4.0176  9.1596 13.7205
720 744  4.0642  9.6774 12.7370
744 744  5.7961  4.3008 12.7458
768 744  4.1572  9.0266  8.1969
792 744 -1.8214  0.3187 18.0835
816 744  0.9636  0.2115 16.3452
840 744  3.1683  0.4161 14.7233
864 744  4.6474  1.1582 14.1700
888 744  4.7990  4.3941 16.9089
912 744  6.3945  8.6704 12.7121
936 744  6.7623  8.0061 12.9610
960 744 10.0793  6.3517 15.3621
984 744  0.7276  0.0563  7.2316
 24 768 -0.0318  0.0127 11.4772
 48 768 -3.2264 -5.3325 15.8992
 72 768  3.0565 -9.3264 10.5622
 96 768  4.7323 -9.9794 12.8474
120 768  5.9026 -11.8201 13.4127
144 768  6.6542 -12.4394 11.6362
168 768  5.6276 -14.3220 16.1445
192 768  5.4317 -14.1855 10.9314
216 768 -8.9958 -17.6194 14.2721
240 768 -8.6565 -18.0696 10.2050
264 768 -13.0719 -22.2663 12.1090
288 768 -7.9929 -23.9162 12.3334
312 768 -9.9297 -21.0492  8.7774
336 768 10.1533 26.8402  6.6089
360 768 12.2740 30.0122  8.5964
384 768  1.0732 -2.1313  7.5687
408 768  5.9395  0.9416 11.5813
432 768  7.1337 -6.9061  9.9747
456 768  1.0000  1.0000  7.2125
480 768 -3.7397 -8.1730 17.1255
504 768 -2.1023 -7.6356 17.8507
528 768 -0.1245 -7.1239 11.8022
552 768  6.2353  6.5807 16.3925
576 768  7.2756  7.6944 20.1416
600 768  8.2399  4.0272 15.0376
624 768  5.4737  3.7107 16.0187
648 768  6.7401  7.9973 10.8136
672 768  6.0884  9.2069 12.9264
696 768  5.9156  9.6465 14.1198
720 768  6.4115  7.0631  8.6398
744 768  6.3640  5.8983 12.0207
768 768  2.7523  6.8807 14.1257
792 768 -2.7546 -0.6697 15.3990
816 768  2.1376  1.3856 13.5364
840 768  2.2899  0.0115 16.7210
864 768  2.4258 -0.3901 17.6813
888 768  4.7519  0.7609 11.4957
912 768  7.8614  6.7887 13.9228
936 768  8.2295  6.0982 12.0438
960 768 11.7299  5.0897 15.5532
984 768  0.7473  0.0809  7.3082
 24 792 -0.0358 -0.0673 12.0668
 48 792 -0.1305 -3.8750 13.3147
 72 792  3.9197 -5.2310 15.1211
 96 792  4.9243 -7.0225 15.1303
120 792  5.1404 -6.7715 10.1045
144 792  1.7686 -12.8199 11.6491
168 792  0.1652 -14.7221 11.3145
192 792  1.0000  1.0000  6.6000
216 792 -7.0810 -16.8740 12.8531
240 792 -7.4704 -16.9935  8.2811
264 792 -15.7523 -14.9503 12.1228
288 792  1.0000  1.0000  7.9770
312 792  1.0000  1.0000  7.1420
336 792 -10.9130 -23.9929 10.5484
360 792 -11.1991 -21.8608 17.0046
384 792 -11.0840 -22.0367  6.9335
408 792  1.0000  1.0000  7.4925
432 792  1.0000  1.0000  8.4957
456 792  5.8138  5.0937  7.7819
480 792  2.8584 -5.1984 11.0859
504 792  3.9365 -5.9878  8.9140
528 792  0.4586  3.8264 13.9124
552 792  3.0395  5.0234 16.4644
576 792  4.6637  1.3930 12.6685
600 792  7.1140  2.5554 12.0626
624 792  5.1397  3.9349 14.9463
648 792  6.2389  7.9492 10.6633
672 792  9.6235  8.6129 13.5112
696 792  7.9108 11.9003  9.2533
720 792  7.4373 13.1381 12.9335
744 792  2.3400  4.8111  8.6395
768 792  2.3196  5.0658 16.3434
792 792  1.9800  5.0502 12.8701
816 792  2.6039  5.1103 14.1902
840 792  1.0141  2.0604 12.7501
864 792  2.8274  0.0834 19.4220
888 792  3.8784 -1.6805 13.3927
912 792  8.3326  6.6019 14.7897
936 792  8.6770  5.6243 13.3109
960 792  7.2753 -0.0995 18.7409
984 792  4.5983 -0.0205  7.4924
 24 816 -0.0210 -0.1136 12.8607
 48 816  0.2419 -3.3857 15.1869
 72 816  4.5735 -4.4427 19.3480
 96 816  2.2958 -5.8546 15.7987
120 816  0.9974 -3.9396 14.5047
144 816  2.8264 -15.0045 12.8943
168 816  2.6943 -14.9019 10.8904
192 816 -2.0058 -16.0597 15.9249
216 816 -2.3996 -16.3019 13.8138
240 816 -1.5303 -14.3642  9.2572
264 816 -0.4451 -13.3206  9.8429
288 816 -1.9803 -12.9938 14.2351
312 816 -1.1270 -14.9327 13.9752
336 816  5.0016 26.9869  9.3401
360 816 16.0576 -0.2455  7.3919
384 816 -6.7100 -11.2005  7.8107
408 816  1.0000  1.0000  8.0161
432 816  1.0000  1.0000  8.8648
456 816  7.6840  3.3068 12.2446
480 816  2.1981  3.8976 15.2318
504 816  1.4388  4.8790 18.2181
528 816  0.0093  4.6528 18.1076
552 816  0.7013  4.0361 15.7406
576 816  5.7186  0.3923 17.2654
600 816  5.8714  0.3607 13.9033
624 816  3.9314 -0.0761  6.6261
648 816 10.8439 13.3751 12.0935
672 816  9.3073  7.9792 10.5687
696 816  9.0466  7.9774  8.0168
720 816  9.0526 13.7758  8.4821
744 816  5.1945  9.4280 12.9955
768 816  4.9984  8.2565 16.5344
792 816  5.5760  9.2071 15.4207
816 816  2.5244  6.6054 12.0130
840 816  2.7200  5.0967 12.9798
864 816  4.7066  0.9757 18.4897
888 816  4.8027  0.1641 14.1884
912 816  7.8112  4.8679 10.0549
936 816  6.1552  4.7676 13.3748
960 816  6.8027  0.0943 20.1059
984 816  5.1517  0.0328  6.9397
 24 840 -0.0001 -0.1329 11.0818
 48 840 -40.1529 -17.8525 12.1621
 72 840  4.9009 -0.6991 21.9445
 96 840  4.2947 -0.4723 15.1585
120 840  3.4628 -4.6623 13.0909
144 840 -5.6839 -14.1738 13.4724
168 840 -6.7784 -17.1735 13.5659
192 840 -7.2309 -18.8361 10.4450
216 840 -8.9412 25.8425  8.3387
240 840 -4.8033 -10.2734 11.2692
264 840 -2.4096 -10.8816 13.9507
288 840 -2.8936 -11.8645 13.7729
312 840 -1.9880 -14.9168  8.8408
336 840 -12.1738 -11.2519 10.6993
360 840 -12.4455 -16.8444 11.4904
384 840 -8.8283 -10.8750 10.4015
408 840 -7.1336 -7.8873 13.9477
432 840  6.1147  0.9992 12.6846
456 840  7.5069  3.3396 17.4516
480 840  6.1699  3.5291 13.5131
504 840  6.9301  4.7848 14.9447
528 840  3.9390  0.9718 17.4271
552 840  2.9753  0.6862 19.1993
576 840  4.2236  0.8062 18.7438
600 840  4.3310  0.9239 13.0244
624 840  3.9257  0.4580  7.6024
648 840 10.0703 13.2122  8.5563
672 840  7.7283  6.4229  9.2634
696 840  8.1868  6.9595 11.9426
720 840  8.7635 10.2576  8.0275
744 840  4.9432  9.0899 14.9489
768 840  4.7340  8.8710 16.5887
792 840  4.7056  8.9179 18.3232
816 840  5.9794  9.3973 15.8102
840 840  6.2190  2.2028 13.5906
864 840  6.1666  0.7031 17.4061
888 840  5.8660 -1.8467 18.0277
912 840  5.8562  0.4238 17.6896
936 840  5.8773  0.5078 15.8261
960 840  6.4168  0.0817 21.3054
984 840  4.9494 -0.0339  6.7261
 24 864  0.0171 -0.1029 10.7654
 48 864 -0.4521 -1.9872 12.3564
 72 864  4.8406  0.0934 18.2023
 96 864  4.0944  1.0946 14.2236
120 864 -0.7170 -8.6843 14.3716
144 864 -4.1919 -12.1301 10.4775
168 864 -8.0642 -15.8059  7.4910
192 864 -3.0345 -20.8354 10.7955
216 864 -2.9610 -21.6394 12.5197
240 864 -3.2341 18.2520  7.4984
264 864 -6.2013 -10.8136  8.2543
288 864 -19.3515 -1.3150  7.3812
312 864 -19.8461 -3.0093 11.6496
336 864 -16.0603 -11.7018 11.0923
360 864 -15.1903 -11.7802  9.7391
384 864 -0.9788 -4.9433  8.0642
408 864 -8.1216 -9.7358  8.5813
432 864  3.7050  1.8895  9.3014
456 864  5.8815  0.3139 17.8835
480 864  6.1205  0.1990 18.2179
504 864  5.9903  3.6686 15.0443
528 864  4.1440  1.3538 15.9798
552 864  3.5887  1.7102 13.3090
576 864  5.3927  2.7473 14.0009
600 864  5.9451  1.3163 11.8293
624 864  4.4363  2.9523 11.7851
648 864  3.5772  5.0606 14.9512
672 864  5.7647  4.9014 12.8313
696 864  5.1631  5.2601 12.5736
720 864 -7.0822 -14.0954  8.7186
744 864  7.7596  8.1229 11.6599
768 864  3.2460  9.5683 12.6316
792 864  4.4085  6.3294 16.9040
816 864  4.4531  3.8647 11.8337
840 864  6.1618  2.1155 11.4101
864 864  6.1798  1.2503 13.3214
888 864  7.3530  0.0395 14.9605
912 864  5.9107  0.3086 16.3733
936 864  5.7890  0.9436 17.4912
960 864  6.4308  0.4748 19.8698
984 864  0.4446 -0.0350  7.1498
 24 888 -0.0113  0.0296 12.4018
 48 888 -2.8380 -4.5798 16.3818
 72 888 -1.0368  4.3472 10.2900
 96 888 -1.3105 -11.0201  8.0700
120 888 -1.9112 -10.8383 18.3523
144 888 -1.3447 -11.9358 15.8866
168 888 -9.7606 -15.9947 13.6433
192 888 -10.1724 -16.1802 10.6917
216 888  4.8368 39.1546  6.6093
240 888 -22.9848 -11.8191  6.1021
264 888 -21.9718 -15.3145 12.3952
288 888 15.0550 -19.1075  9.1750
312 888 -20.3805 -2.4336  8.3346
336 888 -11.0139 -10.6781 12.7800
360 888 -11.5226 -11.8978 11.0724
384 888 -4.1531 -14.1935 10.3770
408 888  1.0000  1.0000  7.6982
432 888  0.2777  6.1506 16.8338
456 888  6.3008  0.1179 19.0660
480 888  6.6915 -0.2398 20.3927
504 888  6.7037 -0.1420 13.9071
528 888  6.2044  1.1110 11.3552
552 888  6.9473  3.4338 18.2378
576 888  8.1325  3.7781 17.7692
600 888 10.2616  3.8333 15.2364
624 888  9.1004  4.6647  9.1127
648 888  8.9909  5.1945 13.4813
672 888  6.9845  2.9046  8.0331
696 888  5.8653  1.2740  9.8386
720 888 11.2674  9.8847  7.9900
744 888 10.2483 11.0878 14.5856
768 888  4.1277  5.0528 10.2818
792 888  5.6133  5.3114 22.3316
816 888  5.5248  5.9171 13.6054
840 888 10.0734 13.9924  9.8661
864 888  7.9124  7.1976 11.1513
888 888  7.9526  0.3434 16.1918
912 888  7.6495  0.5303 16.4211
936 888  6.6424  1.6158 15.7434
960 888  6.5138  1.9748 19.7980
984 888  2.8968  0.0120  7.1637
 24 912 -0.0309  0.0356 12.7429
 48 912 -3.2894 -3.4119 12.4302
 72 912 -5.8067  9.9108  9.5338
 96 912 -7.4196 -1.9192  9.7137
120 912 -10.9097 -3.7500  6.2900
144 912 -9.9046 -13.9278 13.2322
168 912 -11.1536 -16.5318 12.5900
192 912 17.5945 12.6481 10.9466
216 912 -19.5091 -13.8020 13.8591
240 912 -20.1314 -14.5227 13.9256
264 912 -19.6810 -14.8699 13.3419
288 912 27.3708  7.1207  6.6262
312 912 -5.0911 -14.8482  8.5141
336 912 -9.0362 -13.6329 21.1517
360 912 -9.0399 -13.9301  9.8747
384 912  1.7017 32.8314  9.6352
408 912  4.0053  0.1514  7.8444
432 912  4.8768  3.8860 16.1354
456 912  6.0970  0.0555 18.2268
480 912  6.5920 -0.2038 18.8850
504 912  6.3323 -0.7087 17.2100
528 912  5.8041 -0.1439 12.2057
552 912  6.8112  3.1865 16.8403
576 912  8.2086  3.8631 15.1304
600 912 10.2253  4.2656 14.3280
624 912  7.3251  5.7026  9.7534
648 912  8.8094  5.5570 13.7820
672 912 12.2737  7.0833  8.9509
696 912 13.4417  9.0362 12.7613
720 912 11.1299 11.0867 10.4873
744 912 10.8364 10.9114 13.0253
768 912  7.7763 13.1601 10.0654
792 912  5.9574  5.1570 16.9347
816 912  4.1942  7.0158  8.0447
840 912  8.5446 13.9886 17.7474
864 912  8.0549 12.0209  9.8524
888 912  6.3678  1.9495 12.3811
912 912  8.2115  0.3069 15.3091
936 912  7.0857  1.5690 16.2289
960 912  6.9980  1.7766 17.1279
984 912  3.1179 -0.0335  7.3446
 24 936 -0.0074  0.0132 12.4412
 48 936 -7.9356 10.1126  7.7295
 72 936 -9.0393  0.0660 10.1698
 96 936 -10.0493 -1.9038 18.6523
120 936 -9.3542 -2.7884 13.5430
144 936 -10.7485 -14.9124 12.5964
168 936 -11.1054 -10.9454 10.4454
192 936 18.2367 13.8988  9.2782
216 936 -19.0446 -13.9273 16.5912
240 936 -19.6717 -14.1466 15.2977
264 936 -0.9364  7.9520  8.0110
288 936 26.3899  8.7699  7.4268
312 936 -14.3326 -10.8769 12.1031
336 936 -7.9691 -12.9831  8.7636
360 936 -6.1359 -13.8318  7.9881
384 936 -6.2992 -13.3159 15.3853
408 936 -0.1909 -6.1005 12.6812
432 936 -0.0772 -7.8843 10.6552
456 936  5.1675  0.8415 15.3741
480 936  5.4033  0.3614 19.4065
504 936  5.9728 -1.2115 17.8006
528 936  3.8278 -4.0819 14.0078
552 936  6.8459 -0.0511 12.3075
576 936 11.6573  5.9866 11.4043
600 936 11.5748  6.1830 12.1146
624 936 11.7651 11.0006 10.7520
648 936  8.9750  0.6902 11.9161
672 936  7.0142 -1.0284 12.0313
696 936  0.0995  1.5784 11.9744
720 936 -2.8160  3.9130 14.3745
744 936 10.4648 13.1448  9.2253
768 936  7.3945  5.6680 10.5388
792 936  9.0182  3.8352 13.1171
816 936  5.7038 11.3342 13.7152
840 936  7.9525 14.8046 11.2645
864 936  8.3087 11.9247  9.7075
888 936  9.2331  2.7499 11.8043
912 936  8.7398  0.0870 16.3767
936 936  7.6873  0.8784 13.5355
960 936  6.4646  0.7401 15.2953
984 936  3.2298 -0.0118  7.3090
 24 960  0.0007 -0.0068 12.3140
 48 960 -3.7149 -8.8094  9.1365
 72 960 -10.4709 -5.1955 11.0059
 96 960 -10.6002 -0.7907 20.2285
120 960 -11.9306  0.8745 13.0041
144 960 -10.2300 37.1716  6.2364
168 960 -15.0268 -8.8310 10.4296
192 960 -14.6344 -8.6630 14.5195
216 960  1.0000  1.0000  5.9021
240 960 -11.8931 -14.9328  5.4020
264 960 -19.0210 -6.1652 16.8127
288 960 29.0026 -12.2493  7.4190
312 960 -15.4665 -9.8096 12.7479
336 960 -13.5974 -10.8640  9.4878
360 960 -6.7167 -10.2155 16.1929
384 960 -7.2323 -11.9077 15.3017
408 960 -6.0572 -13.9026  9.8082
432 960  6.7405 -7.3724 19.3757
456 960  7.8496 -6.9065 11.6817
480 960  7.9595 -0.0196 13.3504
504 960  6.4306 -1.8221 12.8782
528 960  4.6982 -2.6754 12.4979
552 960  3.2167 -4.4105 12.7503
576 960  4.0185 -6.9458 12.6366
600 960 10.1841  4.7778 10.0454
624 960 11.7520 11.6755 14.4567
648 960 10.0461  2.1262 10.2223
672 960  8.0892 -0.9389  9.9477
696 960 -0.9306  3.1411 13.5136
720 960 -4.1827  5.2628 11.5420
744 960  9.5695 14.7319  8.3901
768 960  9.8672  3.8286 10.4121
792 960  8.8570  5.7597  9.9253
816 960  5.7645 11.1275 12.8635
840 960  5.7699 10.8488 14.6787
864 960  8.3797  9.0900 10.0016
888 960  8.9557  6.7718 11.0325
912 960  8.9817 -0.1429 20.8818
936 960  7.5332  1.1486 11.8892
960 960  5.9222  1.4457 13.5074
984 960  4.8946  0.1052  7.6573
 24 984  0.0064  0.0086 15.1131
 48 984  0.0083  0.0069 12.7164
 72 984  0.0233  0.0115 12.5169
 96 984  0.0018  0.0010 12.5557
120 984  0.0051 -0.0229 12.1338
144 984  0.0466 -0.0245 11.8167
168 984  0.0246 -0.0096 12.4672
192 984 -0.0338 -0.0245 12.4760
216 984 -0.0149 -0.0283 12.1230
240 984 -0.0252 -0.0011 12.1315
264 984 -0.0052  0.0123 12.3945
288 984  0.0575  0.0084 12.4320
312 984 -0.0222  0.0012 12.2553
336 984 -0.0179  0.0093 12.4370
360 984 -0.0265  0.0195 12.8872
384 984  0.0180  0.0009 12.9555
408 984  0.0288 -0.0283 12.6293
432 984  0.0575 -0.0374 12.4031
456 984  0.0792 -0.0297 12.1599
480 984  0.0151 -0.0182 12.2269
504 984  0.0073 -0.0207 12.1695
528 984  0.0865 -0.0355 11.6330
552 984  0.0629 -0.0295 11.8467
576 984 -0.0004  0.0014 12.3239
600 984  0.0256 -0.0004 12.2536
624 984 -0.0244 -0.0132 12.3630
648 984 -0.0326 -0.0071 12.2893
672 984 -0.0154  0.0053 11.6860
696 984  0.0553  0.0153 12.2837
720 984  0.0424 -0.0025 12.3902
744 984 -0.0304 -0.0145 11.8011
768 984 -0.0034 -0.0109 12.5610
792 984 -0.0287 -0.0258 12.5111
816 984  0.0315 -0.0131 12.2634
840 984  0.0377  0.0090 12.4619
864 984  0.0245  0.0063 12.3883
888 984  0.0561 -0.0028 12.5358
912 984 -0.0541 -0.0114 12.3632
936 984  0.0893  0.0013 12.4632
960 984  0.1857  0.0180 12.8406
984 984  1.4058  0.0099 11.5334
