 24  24  0.0149 -0.4139 12.6994
 48  24 -0.0374 -2.6183  8.5000
 72  24  0.0085 -2.7262  8.8940
 96  24  0.0703 -2.7273  9.3128
120  24 -0.0822 -2.6478  9.0461
144  24 -0.0746 -2.7406  9.3393
168  24 -0.0180 -2.7275  9.5499
192  24  0.0903 -0.4904  9.0931
216  24 -0.0015 -0.4565  9.0657
240  24 -0.0637 -2.6180  9.4476
264  24 -0.0032 -2.5629  9.3591
288  24  0.0101 -0.7285  9.2607
312  24 -0.0078 -2.6329  9.5575
336  24  0.0148 -2.5984  9.1066
360  24 -0.0199 -0.3765  8.6615
384  24  0.0219 -0.4468  8.7438
408  24 -0.0516 -2.6297  8.5618
432  24 -0.0067 -2.7006  9.0299
456  24  0.0880 -2.6944  9.7804
480  24  0.0172 -2.5959  9.5701
504  24 -0.0194 -2.5934  9.2230
528  24 -0.0047 -2.6529  9.0142
552  24 -0.0631 -2.6801  9.0045
576  24 -0.0908 -2.6855  9.1614
600  24 -0.0369 -2.7096  9.1709
624  24 -0.0674 -2.7049  9.3975
648  24 -0.0192 -2.6429  9.5502
672  24  0.0247 -0.4357  9.1108
696  24 -0.0077 -0.4295  8.0915
720  24  0.0769 -2.7166  8.5448
744  24 -0.0034 -2.6496  9.3119
768  24 -0.0550 -2.7252  9.6282
792  24  0.0105 -2.7247  9.5970
816  24  0.0354 -2.6135  9.1615
840  24 -0.0198 -2.6531  9.1594
864  24 -0.1002 -2.6422  9.4102
888  24 -0.1608 -2.6406  8.8559
912  24 -0.0537 -2.7322  9.3898
936  24  0.0357 -2.6508  9.4895
960  24  0.1018 -0.4601  9.0138
984  24  0.4252 -0.5673 11.5885
 24  48 -0.0129 -0.1113 12.7208
 48  48  1.7540 -3.9166 12.3067
 72  48  1.9788 -2.3051 11.3478
 96  48  1.5711 -2.2901 12.3936
120  48  0.7398 -4.3486 15.3038
144  48 -0.3763 -4.6049 15.6783
168  48 -1.7482 -4.7682 15.4919
192  48 -0.3692 -1.8751 14.3672
216  48 -0.3134 -0.1996 16.9099
240  48 -1.2794 -0.0569 19.0583
264  48 -0.9481 -0.2207 18.9179
288  48 -0.3184 -0.9684 16.8884
312  48  0.0122 -1.2074 16.9527
336  48  0.8635  0.7387 17.0780
360  48 -0.1871 -1.6112 16.3784
384  48 -1.7975 -1.0651 16.3818
408  48 -1.8820 -0.7970 14.6814
432  48  3.8316  2.0334 14.2244
456  48  1.6504  3.2078 14.9628
480  48  0.2428  1.6523 13.8019
504  48  0.1451  1.0997 15.7711
528  48  0.4481  1.6933 10.3019
552  48 -0.3229  7.7369 12.0952
576  48 -0.3016  4.6112 17.3829
600  48 -0.1230  3.4259 17.2642
624  48 -0.3541  2.8584 14.7468
648  48  0.4094  5.0522 15.9933
672  48  0.4057  5.9853 16.8305
696  48  0.4762 -3.6449 10.1025
720  48  0.2253 -4.3096 12.5589
744  48 -1.2195 -4.2871 11.8088
768  48 -6.0140 -2.8289 10.0074
792  48 -3.1333  0.7321 12.4660
816  48 -2.2943  2.0810 16.1410
840  48 -3.0986  1.9958 13.2102
864  48 -4.0262 -2.4216 15.7314
888  48  2.0677  2.9709 12.8587
912  48  4.3214  0.7260 17.4154
936  48  5.3843 -0.2175 17.8239
960  48  1.2023 -2.2608 13.4022
984  48  0.9649 -0.0559 10.0102
 24  72 -0.0421 -0.1122 11.7672
 48  72  0.9266 -6.3183 13.4609
 72  72  1.9662 -2.9957 15.1266
 96  72  2.8902 -2.8957 12.9494
120  72  1.4700 -4.3033 17.7406
144  72 -0.1349 -4.3831 15.8550
168  72 -1.8789 -5.1646 13.0890
192  72 -1.3737 -2.7718 15.3327
216  72 -1.9210 -0.3399 12.0509
240  72 -3.6428  0.6463 14.7588
264  72 -1.1890 -0.2872 16.0085
288  72 -1.0840 -0.2788 14.7470
312  72 -2.6991 -2.2810 12.0628
336  72 -0.2054 -0.7776 17.2466
360  72 -0.3207 -0.8653 22.5146
384  72 -0.2810 -0.7253 21.3902
408  72 -0.8685 -1.9899 18.2910
432  72 -0.0242  0.1757 10.8717
456  72  0.8809  2.5757 17.4047
480  72  0.2297  2.0558 13.8645
504  72 -0.1811  1.8514 14.1754
528  72 -0.5830  4.1395 12.4305
552  72 -1.3250  6.1945 15.4466
576  72 -0.8532  4.5839 17.0583
600  72 -1.7518  3.2368 12.7192
624  72 -2.7640  1.2196 12.2205
648  72 -0.7409  3.4527 14.6059
672  72  1.5916  4.9192 10.7222
696  72  2.0690  0.0212 10.3783
720  72 -0.3967 -0.7014 11.4124
744  72 -2.8690 -2.3346 12.8928
768  72 -4.4272 -2.7829 15.9997
792  72 -4.1976 -2.8108 17.2151
816  72 -5.0073  2.9708 18.6684
840  72 -1.0487  2.9022 16.1684
864  72  2.1946  0.4800 13.5862
888  72  4.0185  0.7819 16.5109
912  72  4.6309  0.7587 20.3667
936  72  5.4378  0.2858 19.3396
960  72  5.2457 -0.0559 16.6255
984  72  1.5256  0.0010 10.5413
 24  96 -0.0608 -0.0386 12.0388
 48  96  0.2901 -5.9051 12.4066
 72  96  0.1924 -3.7394 20.4079
 96  96  1.8215 -3.7337 15.2059
120  96  1.8797 -3.8530 14.6007
144  96  0.1664 -4.5735 12.2108
168  96 -2.2731 -5.6153 12.7880
192  96 -2.2053 -4.7668 14.0526
216  96 -3.4635 -0.2799 17.5469
240  96 -1.3683 -1.4628 14.5556
264  96 -0.8617 -2.8194 15.2557
288  96 -1.1112 -2.8179 12.5457
312  96 -4.7723 -5.0082 10.4326
336  96 -4.7703 -0.8687 14.8604
360  96 -1.7149 -0.1332 18.8892
384  96 -0.4717 -0.7037 18.7768
408  96 -0.0775 -0.0799 17.3857
432  96 -0.0499  0.1947 15.8620
456  96 -0.1185  3.5991 16.4529
480  96 -0.3440  3.8210 18.5678
504  96 -0.4628  3.1146 14.8035
528  96 -2.8710  5.6900 14.0310
552  96 -1.7818  5.7590 13.1630
576  96 -2.0952  3.3113 13.5129
600  96 -0.1503  2.0626 12.4499
624  96 -1.6231  1.0972 13.0461
648  96 -1.8491  1.2159 16.7997
672  96 -0.4287  3.2850 12.8093
696  96 -0.8274  4.0720 13.0270
720  96 -0.8510  1.3035 13.0245
744  96 -4.0464 -0.3989 13.1822
768  96 -4.9468 -1.6944 13.2776
792  96 -5.1148  1.0302 10.4839
816  96 -5.6879  4.2771 13.4314
840  96 -1.2250  2.8129 16.5098
864  96  0.0245  2.3173 18.0908
888  96  2.3185  1.6543 12.5119
912  96 -5.4705  0.0215 13.9674
936  96  3.2159 -0.0349 11.0224
960  96  0.0146  0.9964 11.8755
984  96  1.5196 -0.0371 10.0877
 24 120 -0.0387 -0.0745 12.3695
 48 120 -0.2015 -4.8053 13.3144
 72 120 -0.3180 -4.2094 16.7770
 96 120  0.0845 -3.7404 15.2237
120 120  0.4517 -3.7752 15.3536
144 120  2.1052 -3.2263 11.2387
168 120  3.4750 -2.0121 10.7468
192 120 -1.8994 -7.6105 12.0021
216 120 -0.7268 -1.8760 21.1602
240 120 -0.3750 -1.8846 19.9494
264 120 -0.2263 -1.8317 18.5220
288 120 -1.4503 -2.8177 15.4717
312 120 -1.4768 -5.2114 10.6506
336 120 -5.1324 -0.7160 14.7913
360 120 -2.4862 -1.6403 15.2717
384 120 -1.8306 -0.0122 14.2266
408 120 -0.0223  1.7994 16.1845
432 120 -0.1207  2.1755 20.1191
456 120  0.0627  3.6471 19.9900
480 120 -0.6027  4.3372 15.8957
504 120 -0.8243  5.3545 13.5510
528 120 -0.2976  6.2073 14.4183
552 120 -0.1993  3.9208 13.2978
576 120  0.9055  2.2478 13.2883
600 120  1.1996  2.9149 15.7927
624 120  0.2236  1.5023 16.9896
648 120 -1.2022  0.7667 15.8543
672 120 -1.2236  3.0910 14.0996
696 120 -0.2490  3.9045 15.7170
720 120  0.0426  3.8575 14.6965
744 120 -2.2106  3.9410 12.4095
768 120 -4.3087  0.6190  9.6494
792 120 -7.7622  3.9667  9.1650
816 120 -7.1017  4.9970 11.1411
840 120 -2.2734  4.5521 13.9487
864 120 -0.5124  2.1445 11.8770
888 120 -1.8068  1.1363  8.8347
912 120 -5.4032 -0.0134 17.2417
936 120 -2.2364 -0.1884 13.6058
960 120 -1.9342 -0.2447 12.5890
984 120  1.5227 -0.0182 10.4669
 24 144  0.0308 -0.1131 11.2406
 48 144 -3.0182 -6.0085 12.3960
 72 144 -2.2514 -5.4505 15.5606
 96 144 -1.3919 -2.9517 16.7704
120 144 -0.2096 -2.6591 20.2181
144 144  0.3309 -5.9607 16.6504
168 144  3.3715 -3.0527 11.6086
192 144  5.2318 -0.2459 16.4675
216 144  7.3260  0.6953 15.5396
240 144  1.8044 -1.8714 14.6728
264 144  0.2107 -1.1728 14.5739
288 144 -0.3652 -0.2418 13.4016
312 144 -4.7377 -3.9047 14.5025
336 144 -5.8850 -1.0932 14.3254
360 144 -2.3031 -1.6060 14.4498
384 144 -0.4010 -2.0329 12.0799
408 144  0.9234  4.2929 14.3815
432 144  0.4232  4.5880 14.3816
456 144 -5.8247  0.0988 13.1616
480 144 -1.3316  4.7665 13.9895
504 144 -0.1919  5.2940 15.0310
528 144  1.7542  6.1899 14.1471
552 144  2.9264  3.9749 12.1825
576 144  1.9646  1.7565 14.1819
600 144  1.8650  2.6745 14.2625
624 144  1.4056  2.8474 14.8247
648 144 -0.6218  0.9956 15.9143
672 144 -1.3705  2.7064 19.5131
696 144 -0.3815  3.7582 15.6738
720 144  0.0587  3.8586 13.5821
744 144  0.0480  3.3539 12.7414
768 144 -2.4263  3.6584  9.3522
792 144 -2.0379  3.1707 11.6597
816 144 -0.2219  1.7693 11.7682
840 144  0.1088  1.2483 11.7213
864 144 -5.9077  7.9470 10.6868
888 144 -0.9168  1.8453 12.0511
912 144 -3.7676 -0.0481 16.1479
936 144 -2.4553  0.0520 10.3928
960 144 -3.1825 -0.7443 12.4113
984 144  1.5305 -0.0094 10.5424
 24 168  0.0493 -0.0564 11.4802
 48 168 -3.5765 -4.8969 13.4085
 72 168 -2.4848 -5.1660 18.0736
 96 168 -2.0248 -2.1671 15.3131
120 168 -1.0057 -1.1764 16.9130
144 168  0.8334 -6.0125 16.4804
168 168  1.6828 -6.0264 15.1179
192 168  5.4314  0.0772 17.2430
216 168  6.6192  1.0430 16.9624
240 168  6.2092 -0.1659 15.5826
264 168  2.1523 -1.8412 13.2593
288 168 -0.0266  0.1384 13.5653
312 168 -4.2085 -3.8471 12.2098
336 168 -6.1915 -3.6798 13.4578
360 168 -5.5429 -4.0276 12.4826
384 168 -1.0122 -0.8795 13.6287
408 168  0.1241  1.5148 14.7960
432 168 -4.0209  3.0036 11.6352
456 168 -6.1147  0.0166 19.9269
480 168 -1.2243  4.5737  9.3336
504 168  2.2227  3.2683 12.8450
528 168  2.3419  5.7739 16.5356
552 168  3.6081  5.0883 13.2158
576 168  2.8383  1.4008 15.3882
600 168  3.7947  1.9504 15.9585
624 168  2.6734  3.1780 17.3251
648 168 -0.2395  0.9462 18.4851
672 168 -1.8596  1.8387 17.8163
696 168 -1.9973  3.3372 13.8902
720 168 -1.9209  3.5875 11.4297
744 168 -2.2425  2.4778 14.2784
768 168 -2.1505  1.5985 14.6741
792 168 -1.7101  2.7211 14.2021
816 168  0.0680  1.0267 17.5002
840 168  0.1912  0.7139 17.2666
864 168  0.3024  0.9394 14.9874
888 168 -4.9969  1.0280 10.0544
912 168 -6.1053  0.0772 16.3507
936 168 -6.0083 -0.0174 12.1939
960 168 -4.1978 -1.7948 11.1974
984 168  1.5258 -0.0115 10.3671
 24 192  0.0054 -0.0711 12.3918
 48 192  1.2451 -4.0608 12.6042
 72 192  0.7831 -3.6426 16.0264
 96 192 -0.1674 -2.4024 16.6821
120 192 -2.5095 -5.0890 12.5934
144 192 -1.0907 -6.9657 16.4860
168 192  0.0772 -5.2763 14.7949
192 192  3.8689  0.2571 13.9070
216 192  5.0159  1.5978 20.0040
240 192  4.7502  0.5172 17.0929
264 192  3.6528  0.0170 15.4658
288 192  0.5095 -0.0212 16.5722
312 192 -0.0862 -0.2772 11.8819
336 192 -4.0261 -5.8799 10.3609
360 192 -6.0715 -6.0593 12.1891
384 192 -0.1886 -0.2781 14.0212
408 192 -0.3657  1.0935 12.3171
432 192 -2.9605  3.0145 13.8607
456 192 -0.8585  0.0142 13.8322
480 192 -1.8806 -3.4750 13.9248
504 192  4.9565  1.9817 10.6722
528 192  2.9794  3.8162 11.1356
552 192  1.0985  4.0440 10.8849
576 192  2.4287  0.7520 14.2750
600 192  2.9872  0.3600 15.2033
624 192  1.9572  2.0207 15.3101
648 192 -0.2089  1.9449 15.6317
672 192 -0.9252  0.6356 21.9759
696 192 -2.0297  0.0920 13.8985
720 192 -3.2669  1.2622 11.4041
744 192 -1.9241  1.0467 13.1614
768 192 -1.2877  0.2699 15.4368
792 192 -1.7795 -0.3691 14.6099
816 192 -3.1273 -0.1330 15.1857
840 192 -2.5064  0.2254 14.0940
864 192 -3.2066  0.0988 13.2340
888 192 -6.2291  0.8690 11.0610
912 192 -8.3226 -0.3138 13.3237
936 192 -9.0443 -1.2286 10.1483
960 192 -5.9194 -4.7401 11.3214
984 192  1.5613 -0.0088 10.4133
 24 216  0.0169 -0.1342 12.2411
 48 216  0.3245 -3.7730 12.5429
 72 216  0.4976 -3.3331 16.0981
 96 216 -0.1087 -1.9794 17.2613
120 216 -2.1048 -5.2128 12.4436
144 216 -1.5358 -6.7496 17.8001
168 216 -0.2095 -7.8138 13.4096
192 216  0.2742 -6.5967 13.0633
216 216  5.5515  1.8973 13.9544
240 216  5.2179  1.6303 15.2964
264 216  4.2667  1.3036 18.0278
288 216  2.4702 -1.1048 11.2581
312 216  8.3465 -3.8634 13.7280
336 216  8.1385 -3.3980 18.5110
360 216  4.1070 -0.5551 13.9944
384 216  4.8436 -0.8233 15.2010
408 216  5.5819  0.1464 13.7370
432 216  7.6527  1.3268 10.7022
456 216  6.8367  0.3711 12.4882
480 216  3.0150 -0.4334  9.3879
504 216 -0.2706 -3.9611 13.2102
528 216  0.0733 -0.0700 12.1875
552 216  1.8688  0.1647 14.2782
576 216 -0.0895  1.0988 15.6623
600 216 -0.0347  0.4908 16.6834
624 216  1.2732  0.8115 17.9058
648 216  1.8840  0.4577 16.7407
672 216 -0.3892  0.3579 15.4556
696 216 -1.6239 -0.4819 17.7156
720 216 -2.6677 -0.6185 16.7186
744 216 -1.2779 -1.0075 15.6640
768 216 -0.7032 -1.5359 13.0257
792 216 -3.6959 -1.2023 15.0259
816 216 -4.6590 -0.5240 16.2780
840 216 -5.1382  0.5722 13.1007
864 216 -9.8722  4.3328 14.5328
888 216 -7.9213  1.9485 13.2676
912 216 -10.6904 -1.1513 11.5436
936 216 -8.1889 -4.8723 10.3796
960 216 -5.9917 -4.6871 12.2224
984 216  1.2073 -0.0423  9.8016
 24 240 -0.0086 -0.1148 12.6765
 48 240 -0.2507 -3.4196 13.9289
 72 240 -0.5587 -2.8231 19.7529
 96 240 -0.2392 -1.6468 20.5356
120 240 -0.4351 -4.7466 17.0535
144 240  0.1449 -7.0253 18.1479
168 240  0.8043 -8.8494 18.4743
192 240  1.1973 -8.3632 16.4587
216 240  1.9446 -0.5083 14.1854
240 240  4.2573  1.7722 15.1471
264 240  3.9134  1.6380 17.8078
288 240  2.2724 -4.0752 11.8560
312 240  2.5969 -4.4024 12.1366
336 240  2.7191 -1.7139 18.7729
360 240  3.7128 -0.3223 20.9065
384 240  2.8736 -0.9546 16.1643
408 240  2.0364  0.0678 14.3425
432 240  4.2408  1.9853 13.9425
456 240  4.0014  4.3747 15.9758
480 240  2.4244  4.3788 15.0097
504 240 -0.1569 -4.0845 13.4150
528 240  0.2841 -3.9303 12.2814
552 240 -0.0792  1.2830 14.0937
576 240 -0.7500  1.7445 15.2948
600 240 -0.2213  0.6794 15.4582
624 240  1.9678 -0.3996 16.2467
648 240  2.1140  0.2131 17.1429
672 240  2.2389  1.7947 15.1974
696 240  0.0245  1.1086 15.7126
720 240 -2.4067 -0.9671 11.8872
744 240 -3.3437 -3.1839 13.8032
768 240 -3.7307 -2.6229 14.7222
792 240 -4.1989 -1.0065 12.4285
816 240 -8.8524  0.2429 13.1835
840 240 -8.9980  2.1743 13.2389
864 240 -8.8209  1.9343 11.6553
888 240 -9.4192  0.7215 15.1214
912 240 -5.9174 -5.6628  8.7866
936 240 -6.1479 -6.5781 11.4980
960 240 -8.0432 -4.2326  9.1392
984 240  0.4293  0.0505  9.2350
 24 264 -0.0078 -0.1037 12.4689
 48 264 -1.8109 -4.9570 14.6752
 72 264 -0.4906 -3.1236 14.9574
 96 264 -0.7619 -3.3949 15.0010
120 264  0.0807 -4.2979 14.5629
144 264  1.2461 -5.7126 16.4251
168 264  0.7009 -9.4296 16.8757
192 264  1.1274 -9.1035 15.1191
216 264  1.5707 -1.7071 17.0232
240 264  0.3737 -0.0067 14.5464
264 264  4.1254  1.6560 16.2429
288 264  4.3366  0.0820 11.4796
312 264  1.5869 -2.1485 10.5582
336 264  2.3076 -1.9992 16.4253
360 264  2.4955 -1.3556 16.6528
384 264  1.1203 -0.4407 18.3414
408 264  1.1952  0.2124 18.5050
432 264  1.8069  0.6603 18.1289
456 264  2.5358  3.0092 18.3345
480 264  2.0687  3.9328 17.4841
504 264  0.2217 -0.1696 11.7541
528 264 -0.3508 -2.1394 14.7146
552 264 -2.0186  0.9137 18.2357
576 264 -0.9470  1.1953 15.6093
600 264  1.7560 -0.2090 12.6334
624 264  1.8362 -0.7273 13.8399
648 264 -0.3172 -0.2845 14.7279
672 264 -0.4325  0.9496 16.9113
696 264 -0.9019  1.8184 13.4993
720 264 -2.3090 -0.3174 11.9763
744 264 -4.2144 -2.3911 13.1616
768 264 -6.0461 -5.1321 10.8658
792 264 -8.6149 -0.0608 11.5589
816 264 -9.5805  1.1597 14.3949
840 264 -9.2605  1.5042 11.4202
864 264 -8.7699  0.9605 11.1845
888 264 -7.5341  0.1801 14.7030
912 264 -5.9731 -5.3729 10.4800
936 264 -8.0090 -4.9783 13.3996
960 264 -7.9513 -2.0701 11.4276
984 264  0.4861  0.0761  9.0439
 24 288  0.0131 -0.0852 11.7098
 48 288 -2.1182 -6.1419 16.7749
 72 288 -1.8111 -5.0698 12.3393
 96 288 -0.0671 -5.2775 14.4504
120 288  2.0808 -5.2798 16.6967
144 288  2.9343 -5.0669 17.7069
168 288  2.9183 -4.8980 16.7591
192 288  0.3392 -3.2704 15.3415
216 288  1.8394 -1.8764 12.1903
240 288  4.9899  2.5466 14.8427
264 288  5.8735  2.5241 13.9873
288 288  5.0985  1.9084 10.6177
312 288 11.6676  0.2794 11.8772
336 288  9.2566  1.0525  9.7754
360 288  1.1966 -0.1935 12.9057
384 288  0.9295  0.0127 17.1606
408 288  1.4808  0.2754 20.6377
432 288  1.4632  1.1903 18.0372
456 288  2.1129  1.9180 14.6236
480 288  1.8192  4.0908 12.5251
504 288  1.8553  1.6289 12.0753
528 288 -2.2605  0.2941 16.9659
552 288 -4.1790  0.7382 17.6304
576 288 -3.1205  0.9886 14.2932
600 288 -0.1106 -0.8646 16.2644
624 288 -0.3483 -1.1600 19.2486
648 288 -0.7650 -0.7287 15.9902
672 288 -1.1006 -0.4233 16.3935
696 288 -1.8400  0.5219 13.5943
720 288 -2.6829 -0.2152 11.5913
744 288 -6.9814 -4.6858 10.4523
768 288 -8.0898 -5.8648 11.7392
792 288 -11.0785 -2.2632 14.6583
816 288 -10.6959 -0.0503 12.1012
840 288 -8.9796  5.5657 13.2242
864 288 -6.8862  3.5220 11.8246
888 288 -6.1521  1.9661 12.6567
912 288 -4.7761 -6.3226 12.7332
936 288 -5.3163 -6.0271 16.4289
960 288 -5.0231 -3.1273 12.4603
984 288  1.5336  0.0040  9.7465
 24 312 -0.0160 -0.1202 12.3835
 48 312 -1.7583 -7.4261 16.4252
 72 312 -1.1030 -6.7460 16.9594
 96 312 -0.4669 -6.6283 16.9714
120 312  0.3905 -5.8859 22.9081
144 312  1.1326 -4.6638 17.5499
168 312  1.9854 -3.8687 18.6587
192 312  3.1312 -1.4853 11.6975
216 312  0.3524 -3.3158 12.7857
240 312  6.0990  2.1465 13.6648
264 312 12.0655  0.8871 10.6795
288 312 12.6527 -0.7196 12.5584
312 312 12.4110  0.4414 10.5313
336 312 12.7742  7.0449  9.8667
360 312  5.1103  7.1132 12.6796
384 312  4.0330  8.2972  9.8049
408 312  0.2944 -0.1482 19.1723
432 312  1.4002  0.1728 17.2017
456 312  2.1753  0.9913 14.0867
480 312  0.4257  6.3167 16.5896
504 312  0.1149  0.6470 11.9259
528 312 -2.2632  0.1779 11.8397
552 312 -2.6914 -1.6342 14.1515
576 312 -2.2917 -0.3948 14.5729
600 312 -1.0047 -0.8827 17.6509
624 312 -0.6581 -0.9508 19.6983
648 312 -0.2907 -1.7844 15.2586
672 312  1.4168 -9.7142 11.9858
696 312  1.0454 -10.1508 13.7656
720 312 -3.8640 -0.2826 13.1035
744 312 -6.6975 -5.2585 10.3445
768 312 -8.3016 -6.3236 13.9265
792 312 -12.8202 -2.9270 11.8134
816 312 -13.2787 -1.9258  9.9571
840 312 -8.8531  5.1931  9.9735
864 312 -6.4931  4.7477 14.1759
888 312 -5.3769  4.2584  9.3185
912 312  0.4617 -2.0280 13.0231
936 312  2.7881 -5.6807 10.5810
960 312  5.0550 -2.7135 11.2993
984 312  1.5806 -0.0728  9.6381
 24 336 -0.0293 -0.1378 13.0240
 48 336 -0.2063 -6.7592 12.2608
 72 336 -0.0773 -5.8614 14.9411
 96 336 -0.9862 -5.0473 15.4912
120 336 -0.1416 -4.8253 17.4175
144 336  0.9446 -3.8947 15.5168
168 336  3.6035 -0.7589 14.1690
192 336  4.5836 -0.4361 13.7803
216 336  5.8585 -2.8437 11.6529
240 336  7.3525 -0.3721 10.1155
264 336 12.6943 -0.0347 12.9253
288 336 13.0065 -0.0999 12.4062
312 336 11.7279  0.3598  8.4195
336 336  8.8770 11.5123 13.4233
360 336 -16.9874 -17.8602  7.6659
384 336  5.0530  8.1198 10.3315
408 336  0.2857 -0.9619 11.7442
432 336  0.2165 -1.1238 13.3883
456 336  0.7533 -0.2047 15.3791
480 336  0.2714  0.1117 14.5598
504 336 -0.0166 -0.1973 16.2966
528 336 -0.3959 -0.7467 12.1362
552 336 -2.5078 -1.8890 14.2260
576 336 -2.9202  0.2132 14.4905
600 336 -2.6316 -0.3801 16.1466
624 336 -0.5282 -0.2600 11.4770
648 336 -0.7915 -4.0035  9.2375
672 336  0.8320 -9.2223 14.7786
696 336  1.5994 -9.9438 16.8541
720 336  0.3805 -8.7915 13.8106
744 336  0.9312 -7.1779 12.8223
768 336 -8.7698 -3.1034  9.1597
792 336 19.9698  4.0316  9.0582
816 336 -15.4856 -0.7112 11.0702
840 336 -14.8050 -0.0455  9.9085
864 336 -14.8248 -0.0633  9.8061
888 336  3.1178  0.9586 13.8056
912 336  2.9444 -0.6714 12.8138
936 336  4.0403 -2.8739 13.0965
960 336  4.4410 -2.3362 15.9307
984 336  1.6135 -0.0068 10.0183
 24 360 -0.0016 -0.0848 12.4769
 48 360 -1.0279 -5.3242 10.5927
 72 360 -0.2903 -4.8145 12.9036
 96 360 -1.2846 -3.1481 15.8361
120 360 -0.0138 -3.4407 16.1524
144 360  1.0982 -3.1388 16.3718
168 360  3.0833 -0.2093 15.3487
192 360  3.4983 -2.6323 12.0790
216 360  2.7617 -2.9492 12.9125
240 360  5.0879 -2.6854 12.8738
264 360  7.9294 -1.4951 10.5165
288 360  2.0870  0.3384 11.1125
312 360  3.9332  0.9317  9.9578
336 360 -22.6742 -14.2212  6.0732
360 360  3.7353  9.6680  9.8063
384 360  6.1526 10.5353 10.8277
408 360  2.0968 -0.0137 10.4010
432 360  0.8602 -0.5462 15.1798
456 360  0.1409 -1.6740 17.7062
480 360 -0.0019 -2.6545 19.1520
504 360 -0.5646 -2.6672 18.1015
528 360 -0.9199 -0.5038 14.2384
552 360 -1.8603 -0.1288 12.2038
576 360 -3.9289  0.0474 16.4548
600 360 -3.6440 -0.9098 17.5897
624 360 -4.7531 -2.9043 11.5730
648 360 -3.0222 -7.5821 11.1485
672 360 -0.0903 -8.7308 12.3063
696 360  0.1628 -9.8406 15.6128
720 360 -0.1282 -9.3249 12.9383
744 360 -7.6079 -4.1302 14.7226
768 360  0.0578 20.9072  7.6721
792 360 -14.6757 -10.6995 14.6010
816 360 32.1536 -13.7526  7.4228
840 360 -13.6692  1.1584 11.7677
864 360 -2.1705  0.0302 13.7818
888 360  2.2373  1.2469 14.3009
912 360  2.7209  1.4056 15.7244
936 360  4.0397 -0.7249 12.6810
960 360  3.9022 -0.4703 16.1469
984 360  1.5657  0.0068  9.6920
 24 384  0.0080 -0.0377 11.6769
 48 384 -2.3268 -4.1026 12.3464
 72 384 -3.7983 -2.9011 11.9433
 96 384 -1.2161 -2.0557 15.4063
120 384 -0.7495 -2.3896 11.8157
144 384  0.0702 -1.8059 11.1798
168 384  0.3881  1.9369 12.7529
192 384  1.8043 -2.4869 17.0356
216 384  1.0382 -2.9245 22.2544
240 384  0.2144 -2.6497 16.4553
264 384  1.3188 -0.0498 18.3011
288 384  1.8633 -0.2050 16.2480
312 384  1.7209 -0.1851 15.3943
336 384  1.6747  4.8620 12.9094
360 384  1.2651  5.6227 11.7674
384 384  1.8988  7.0135  5.2112
408 384  4.0049  2.1687 11.7433
432 384  3.3072  0.0956 17.6900
456 384  4.1642 -2.6368 20.8517
480 384  0.2680 -2.9442 17.6726
504 384 -0.0489 -0.4020 17.0372
528 384 -0.0637 -0.3473 16.7703
552 384  0.0973 -1.2861 11.8735
576 384 -0.0083 -1.5856 15.9197
600 384 -1.6752 -1.0410 13.4006
624 384 -3.0956 -3.1472 11.3490
648 384 -4.3378 -5.3446  9.4604
672 384 -3.7903 -8.2591 10.0983
696 384 -3.1982 -7.9650 12.5989
720 384 -6.1086 -3.0698 11.8334
744 384 -5.6984 -3.3937 18.3630
768 384 -6.8125 -4.0478  9.9668
792 384 -11.3719 -11.9612 11.4603
816 384 -11.0027 -12.0231 11.0722
840 384 -2.0772  1.0829 20.2341
864 384 -1.9791  0.0239 12.4424
888 384  0.3636  1.6119 13.3786
912 384  1.7207  1.6447 15.6218
936 384  0.2242  3.2409 12.1141
960 384  0.1433  2.5578 14.8164
984 384  0.7220  0.1031  8.9496
 24 408 -0.0186  0.0116 12.0866
 48 408 -0.0561 -0.0921 11.7312
 72 408 -3.4826 -1.0542 15.7927
 96 408 -3.7675  0.1966 17.9754
120 408 -2.4844  0.1204 13.8105
144 408 -1.9101  0.3521 13.7767
168 408 -0.0305  1.6485 19.6563
192 408  0.2956  0.8102 15.6894
216 408 -0.6003 -3.2256 16.6638
240 408 -2.1405 -3.5262 17.1730
264 408  2.0209  0.0389 17.7047
288 408  3.2441 -0.0743 16.0591
312 408  0.4735 -0.3989 12.6602
336 408  0.4754  0.3476 11.6881
360 408  1.5182  5.2599 11.9792
384 408  1.3947  5.7089 13.8070
408 408  2.6269  0.1483 14.6220
432 408  3.0787 -0.4747 15.2155
456 408  4.6838 -1.9970 14.6100
480 408  0.9253 -1.4719 16.6632
504 408  0.7141 -0.8305 16.7873
528 408  0.6209 -0.8970 16.3756
552 408  0.9247 -1.5847 13.7107
576 408 -0.0316 -1.4128 13.3789
600 408  0.0174  0.6475 16.1860
624 408 -5.8658 -3.8459 13.4357
648 408 -6.3405 -4.6865 13.4291
672 408 -5.6824 -8.3258 16.1326
696 408 -5.7889 -8.4959 17.4801
720 408 -5.7555 -4.0637 10.1914
744 408 -4.9824 -3.0125 17.1096
768 408 -6.6749 -4.2145 13.1463
792 408 -9.3305 -9.0250 10.7512
816 408 -4.1057 -4.7534 11.8518
840 408 -3.8383 -5.1842 12.5884
864 408 -2.6344 -4.6849 11.5911
888 408 -0.3316  2.8618 12.4268
912 408 -1.7172  3.3170 15.0195
936 408 -0.3407  7.0126 14.2267
960 408  0.1910  3.4147 14.7664
984 408  0.8638  0.2158 10.0952
 24 432 -0.0047  0.0151 11.9720
 48 432 -0.6704  0.2189 22.3977
 72 432 -0.7957  0.2769 17.7391
 96 432 -2.6663 -0.0781 17.1631
120 432 -1.9487  1.8685 13.4990
144 432 -2.2387  2.3468 15.1725
168 432 -2.1700  2.2552 14.6259
192 432 -0.6350  1.7548 18.7458
216 432 -0.4867 -0.1723 19.4422
240 432 -0.0137  0.0521 17.5468
264 432  1.8548  0.0827 15.2785
288 432  3.3785  0.1102 15.1166
312 432  6.3857  1.2049 14.0924
336 432  1.0418 -0.3225 13.1544
360 432 -0.2906 -0.8093 11.0766
384 432  2.0540  5.3412 19.6983
408 432  0.1852 -4.8551 20.3841
432 432  1.7826 -3.9873 17.9353
456 432  1.6506 -3.8146 17.4557
480 432  1.2090 -0.7976 15.9312
504 432  0.1602 -1.2676 18.7487
528 432 -0.4915 -1.1530 16.7254
552 432 -1.3324  0.3111 19.4078
576 432 -0.1337  1.5710 20.3191
600 432 -0.1111  1.6950 15.1261
624 432 -4.9943 -2.9244 13.9768
648 432 -5.8916 -3.6034 16.1430
672 432 -5.9465 -7.6110 13.5372
696 432 -7.1392 -6.1505 13.7522
720 432 -8.1774 -5.2883 10.9365
744 432 -4.9115 -3.0917 17.4574
768 432 -4.1134 -3.1006 13.9429
792 432 -6.0580 -6.3695 12.9138
816 432 -4.3901 -5.1669 18.2069
840 432 -4.0937 -6.5248 19.0433
864 432 -3.0336 -6.0431 16.5899
888 432 -2.3873  3.1654 10.9193
912 432 -1.9767  4.3997 12.5106
936 432  0.2653  6.2470 14.1471
960 432  1.6678  5.8635 15.6531
984 432  1.0195  0.0339 10.5480
 24 456 -0.0466  0.0685 12.7835
 48 456 -0.7508  0.0190 19.3038
 72 456 -0.2171  0.4191 23.5829
 96 456 -0.3148  1.8468 19.0376
120 456 -0.2216  2.1651 15.6921
144 456 -3.0227  3.2925 14.9212
168 456 -3.0884  3.1934 17.2204
192 456 -0.1268  1.2870 16.9111
216 456 -0.5259  1.0509 20.3478
240 456 -0.1999  1.2612 22.2705
264 456  0.7234  1.0419 17.6760
288 456  1.4129  0.6303 17.6005
312 456  6.6780  2.3017 18.5698
336 456  6.8946  2.2530 17.3146
360 456  3.6565 -0.0501 14.2148
384 456  3.7230 -1.7549 16.8648
408 456  2.5164 -2.8843 16.9006
432 456  1.5806 -3.7651 17.0080
456 456  0.5532 -4.1334 18.5868
480 456  1.6713 -1.3876 15.3807
504 456  0.0659 -2.1511 19.3559
528 456 -1.1726 -1.8557 14.0026
552 456 -2.2850  0.2970 17.4471
576 456 -0.8143  1.7698 15.7023
600 456 -0.0494  1.6028 13.9130
624 456 -0.0587  0.3559 16.1099
648 456 -0.0964 -0.1157 18.3316
672 456 -6.0207 -1.8724 14.7381
696 456 -6.2592 -1.2493 14.6669
720 456 -8.9966 -2.9510 14.0472
744 456 -1.3280 -3.0820 17.4218
768 456 -1.2585 -3.0121 19.3933
792 456 -2.0731 -3.9124 12.7989
816 456 -5.1513 -4.7180 14.9811
840 456 -4.3166 -6.8449 15.5517
864 456 -4.9295 -6.4165 11.4753
888 456 -3.5630  3.8676 13.4812
912 456 -4.0752  3.3409 13.5725
936 456  2.2832  7.3346 19.2187
960 456  2.1399  6.4803 16.8721
984 456  1.3674  0.0286 10.1152
 24 480 -0.0784  0.0506 13.5427
 48 480 -1.9920 -0.6097 17.1248
 72 480 -1.7823 -0.6197 17.7148
 96 480 -0.7719  2.1615 17.9999
120 480  1.9485  4.6357 13.9977
144 480  3.7503  5.5907 16.6185
168 480 -0.7070  2.8554 16.7282
192 480 -0.0193  1.8816 20.3218
216 480 -0.1994  2.3269 20.6568
240 480 -0.0739  2.3654 19.6904
264 480  1.2137  2.3427 16.0136
288 480  3.3872  1.0942 16.5614
312 480  4.0909  3.0780 21.4771
336 480  3.7717  1.8574 23.9452
360 480  4.0148  1.1602 19.1222
384 480  1.7806 -2.8038 12.3227
408 480  2.0105 -2.6544 17.1616
432 480 -0.1858 -3.7804 16.2047
456 480 -1.1218 -3.8010 18.1100
480 480 -0.3702 -1.2460 20.2851
504 480 -0.1671 -1.0195 17.5223
528 480 -0.3716 -1.2551 15.1649
552 480 -2.1283  0.4160 17.0106
576 480 -1.3517  0.9748 15.8487
600 480 -0.4110  0.5378 17.4218
624 480 -0.4626  0.2687 14.3569
648 480 -0.2241  0.2124 19.4495
672 480 -2.2384 -0.0938 13.4924
696 480 -5.7317 -1.0889 14.5521
720 480 -1.8380  0.6003 15.7976
744 480 -1.8932  0.9410 14.9685
768 480 -1.9865  0.8884 12.5863
792 480 -3.7721  8.1669 12.3062
816 480 -5.9994  8.1941 11.9787
840 480 -7.0591  6.0913 16.9537
864 480 -7.4350  5.8358 16.5102
888 480 -3.0963  4.6581 11.9093
912 480 -2.0512  5.1783 12.6289
936 480  2.2604  7.9022 14.4493
960 480  3.5145  6.6746 12.9904
984 480  1.5814  0.0955  9.8183
 24 504 -0.0412 -0.0288 12.4966
 48 504 -1.9401 -0.6024 17.1229
 72 504 -1.1157  2.8609 23.4197
 96 504 -0.5795  3.0420 25.1891
120 504  0.9000  4.9686 17.3604
144 504  4.6379  2.9623 13.6980
168 504  5.7491  3.0739 14.6556
192 504  5.9394  3.3444 15.0832
216 504  7.0200  4.4071 10.7252
240 504  9.8214  3.1627 10.9468
264 504  2.9330  0.9119 14.7174
288 504  3.8838  2.3269 18.7708
312 504  3.8226  2.9780 21.4253
336 504  3.6950  2.1587 19.2000
360 504  3.7923  1.7201 16.0538
384 504  1.4686 -1.4318 14.2624
408 504  1.6542 -0.6285 14.9324
432 504  0.6026 -2.5364 15.6309
456 504 -0.4919 -2.9498 16.7923
480 504 -0.4412 -0.9016 16.4694
504 504 -0.5667  0.0721 17.6611
528 504 -0.5208  0.1836 16.6511
552 504 -1.1767  0.8309 13.4109
576 504 -1.5798  0.4762 16.5522
600 504 -0.4098 -0.2301 16.0866
624 504 -1.2565 -0.2479 14.8455
648 504 -1.4486  0.2339 19.8428
672 504 -2.2874  0.8180 16.9693
696 504 -2.4769  0.4640 17.8658
720 504 -3.6994 -0.3354 17.2153
744 504 -2.6159  3.5086 16.8003
768 504 -2.9325  4.2847 18.3878
792 504 -4.1960  8.8941 20.5350
816 504 -4.2505  8.5742 17.2941
840 504 -5.3085  6.4922 13.9614
864 504 -6.1247  5.0436 14.2842
888 504 -1.1781  5.8474 12.9816
912 504 -1.6968  5.6455 12.3760
936 504  1.9199  8.2514 12.2873
960 504  2.4590  7.5710 13.8697
984 504  1.5544  0.0648 10.0019
 24 528  0.0032  0.0159 11.7182
 48 528 -0.8650  1.0061 12.4105
 72 528 -1.3843  2.8848 21.4138
 96 528 -0.7300  2.5119 16.2803
120 528  2.7253  1.8279 16.9020
144 528  4.2126  2.1975 15.9875
168 528  5.8471  1.1850 17.3562
192 528  6.4789  1.1975 13.3010
216 528  8.1391  3.3177 13.7130
240 528  9.7176  3.7128 14.1643
264 528  3.9645  1.9513 11.9057
288 528  3.8279  3.6304 16.6512
312 528  3.0267  2.9123 17.5318
336 528  3.6691  2.0354 18.1381
360 528  2.9602  0.4245 18.5264
384 528  3.1501 -0.6553 15.7551
408 528  1.6362 -0.2428 16.7224
432 528  1.5063  0.1302 17.4028
456 528  0.2654 -0.0532 16.2615
480 528 -1.9921  1.4407 19.5519
504 528 -2.1024  1.3299 19.3411
528 528 -1.9845  1.3929 15.7276
552 528 -2.0244  1.9221 15.6719
576 528 -2.1645  1.4985 16.4228
600 528 -1.2990 -1.1604 12.7605
624 528 -2.9862 -2.5917 16.6538
648 528 -1.3765  0.0992 20.1428
672 528 -1.9638  1.1558 17.8763
696 528 -1.7460  0.7372 17.5398
720 528 -3.7806 -0.9157 15.9828
744 528 -2.4528  2.2056 12.5346
768 528 -2.8283  4.7951 10.3427
792 528 -2.6224 10.7331 15.9903
816 528 -4.0967  8.5103 16.2547
840 528 -4.7806  7.2200 14.7704
864 528 -4.0513  6.0933 10.0041
888 528  3.8418  8.2502 11.4857
912 528  3.4419  9.7637 17.2697
936 528  4.7043 10.1245 15.5217
960 528  2.1990  9.1508 16.2159
984 528  1.1948 -0.0136 10.1541
 24 552  0.0038  0.0155 11.8711
 48 552 -1.1954  3.2617 14.1137
 72 552 -2.7207  3.0569 19.6871
 96 552 -0.1819  3.6371 13.1898
120 552  4.0425  2.1613 14.7596
144 552  5.7558 -0.1180 16.9444
168 552  5.6869 -0.2788 15.6750
192 552  4.8394  1.1042 15.1815
216 552  7.0778  2.4279 13.5455
240 552  9.6309  2.8806 12.3621
264 552  2.2599  3.1242 10.7701
288 552  3.3114  4.0160 19.9121
312 552  2.3217  2.8273 17.4227
336 552  2.1661  1.8679 14.2277
360 552  1.4425  0.8186 15.2495
384 552  1.2318  0.0770 17.9205
408 552  0.4626  0.8818 18.6578
432 552  0.2348  0.6353 17.5588
456 552  0.2594  0.4798 17.9700
480 552 -0.4524  2.2532 14.2669
504 552 -2.2972  1.4661 18.6420
528 552 -1.8842  2.4172 18.4170
552 552 -1.8462  3.1646 13.3110
576 552 -1.8920  2.3029 15.7853
600 552  0.1208 -0.0127 11.8511
624 552 -3.7260 -0.9403 12.4166
648 552 -2.1609 -1.9405 15.0436
672 552 -0.1507  2.0941 13.7177
696 552 -1.0084  0.4033 13.8368
720 552 -2.3166 -0.6646 16.3624
744 552 -3.6146 -1.3072 10.2433
768 552 -0.8293 11.1220 15.8010
792 552 -0.4277 10.6126 11.0596
816 552  1.0818  4.8985 13.2131
840 552  1.7574  4.3494 18.8879
864 552  6.2743  8.9944 16.5384
888 552 -0.0820  7.4473 12.5032
912 552  1.7216  9.1477 14.2444
936 552  1.4128  8.6222 12.5480
960 552 -1.9262  7.0454 13.6405
984 552  0.6446  0.0169  9.4913
 24 576 -0.0070  0.0137 12.1836
 48 576  5.9920  3.0858 15.8922
 72 576  6.2242  0.7366 13.3202
 96 576  5.0662  0.1625 17.3376
120 576  5.6353  1.6821 19.1777
144 576  6.1123 -1.0977 18.1994
168 576  6.0852 -1.0981 11.7163
192 576  2.0487  1.1715 14.8564
216 576  2.6158  1.4010 12.6828
240 576  2.4341  1.1409 13.7368
264 576  3.3681  2.0621 12.7789
288 576  3.5913  3.3503 15.9528
312 576  2.4472  2.3451 17.3122
336 576  2.1661  1.6343 16.4083
360 576  0.5830  0.2316 18.2074
384 576  0.4067 -0.3853 15.8179
408 576  0.6658  0.1025 16.2159
432 576  0.1911  0.5446 16.8822
456 576  0.3214  0.5091 14.0565
480 576  0.2076  2.7112 13.7288
504 576 -0.5562  2.7586 14.6341
528 576  0.1874  3.6624 21.3928
552 576  0.3131  3.7458 13.9674
576 576 -0.0514  3.5093 15.8255
600 576 -0.3882  1.3010 17.4119
624 576  0.0842 -0.8139 14.8726
648 576 -0.9819 -1.9899 13.8115
672 576 -2.8167  0.6361 14.3597
696 576 -1.7826  0.6454 15.1841
720 576 -2.2465  0.2314 18.2764
744 576 -0.0476  6.2351 13.0958
768 576  0.1265  8.0419 13.6247
792 576  0.2788  7.8910 14.9484
816 576  0.3473  5.8222 15.6293
840 576  0.7840  3.9546 15.6264
864 576  0.7195  4.0936 11.4399
888 576 -1.6089  3.3447 11.2756
912 576 -0.2480  4.1305 14.0328
936 576  0.3629  5.4769 16.8813
960 576 -2.0132  7.0518 19.3908
984 576  1.1199  0.0286  9.0551
 24 600  0.0260 -0.1771 11.1893
 48 600  0.0689 -2.8700 15.9716
 72 600  5.2681  0.7538 17.7705
 96 600  4.8014  0.0977 14.5249
120 600  4.2391  0.1239 17.9145
144 600  5.0561  0.0989 18.5663
168 600  1.8846  0.9311 12.1938
192 600  0.1925  1.8133 17.4149
216 600  1.7761  1.9101 16.4053
240 600  2.4293  1.2104 15.6993
264 600  2.5875  0.7011 18.6188
288 600  3.0733  1.0723 17.2517
312 600  4.7890  2.0233 13.7462
336 600  3.9541  1.1919 16.2432
360 600  1.6384  0.4277 13.3521
384 600  0.1621 -0.6421 13.6833
408 600  0.2934 -1.4542 16.6954
432 600  0.3956 -1.0428 14.7049
456 600  1.4964  0.1620 15.2735
480 600  1.8703  3.5559 14.3072
504 600  2.4248  4.1045 13.7397
528 600  2.0123  4.1227 15.0530
552 600  1.7698  4.0704 17.0311
576 600  1.2554  3.4523 16.0416
600 600  1.8428  2.4267 19.6800
624 600  2.3429 -0.8911 14.0620
648 600  3.1001 -0.8775 17.9590
672 600  2.2818 -0.1208 18.4063
696 600 -0.0166  2.1604 16.4801
720 600  0.1680  4.6670 18.1366
744 600  0.1477  4.8870 14.9684
768 600 -0.0525  5.9583 12.1808
792 600 -1.3345  6.2344 15.8017
816 600 -0.7950  6.6230 16.1603
840 600 -2.9947  4.2361 13.6328
864 600 -2.0720  3.0170 14.7122
888 600 -1.8301  2.9043 12.1372
912 600 -1.2350  4.6425 12.8133
936 600 -0.4903  4.5940 14.2643
960 600 -1.8984  4.4982 10.9397
984 600  1.4714  0.0340 10.2121
 24 624  0.0125 -0.1900 11.8602
 48 624  0.1391 -3.1793 16.1797
 72 624  4.0815 -0.2980 14.1486
 96 624  3.8646 -0.8388 14.6526
120 624  4.3389 -1.1285 18.5214
144 624  4.8223 -0.2911 16.5299
168 624  8.5478 -0.1200 11.9233
192 624  6.0694  1.8415 14.4477
216 624  2.7252  2.0109 13.4692
240 624  2.4012  0.9393 14.0338
264 624  2.6769  0.3588 16.1343
288 624  2.7626 -0.2627 14.5432
312 624  3.5153 -0.2517 12.5501
336 624  4.2188  1.2537 17.1956
360 624  4.3579  0.6973 17.6765
384 624  3.4450  0.7489 17.7062
408 624  2.4843 -0.6179 16.0853
432 624  2.5251 -0.6113 14.7955
456 624  3.7679  0.7975 14.4050
480 624  1.9983  0.4555 12.2527
504 624  2.4680  2.9141 12.6402
528 624  3.0605  5.0483 17.6898
552 624  3.9066  5.1825 11.2798
576 624  1.7981  3.3465 16.3231
600 624  1.2885  1.8173 15.9976
624 624  0.2905 -0.4648 15.8077
648 624  2.2231  0.4337 15.8939
672 624  2.2220  0.1829 17.5431
696 624  1.8193  0.0929 13.7372
720 624  0.0741  4.0616 17.2059
744 624 -2.4578  0.1487 16.8323
768 624 -2.8520  0.5925 16.1217
792 624 -2.7835  4.8650 19.9446
816 624 -2.9407  4.6382 18.7298
840 624 -3.3283  4.8080 12.4403
864 624 -2.1036  2.7415 15.4874
888 624 -1.9657  1.4630 13.8746
912 624 -1.8752  1.3703 11.9800
936 624 -2.5576  0.6375 15.3840
960 624 -3.1003 -1.1824 14.2073
984 624  1.2253 -0.0412 10.6272
 24 648 -0.0152 -0.0984 12.7379
 48 648  0.2105 -2.1433 13.1512
 72 648  0.4053 -1.7957 16.0141
 96 648  1.8761 -2.3810 17.3334
120 648  4.1348 -2.7365 14.0521
144 648  6.0026 -2.0988 11.5759
168 648  8.8437  0.0026 10.5539
192 648  4.1876  3.4248 12.7604
216 648  4.5116  3.9389 14.9661
240 648  3.9848  2.8925 15.4903
264 648  2.3806  0.9249 15.3465
288 648  2.7579 -1.3433 15.1144
312 648  2.9112 -2.3227 14.8216
336 648  4.2408  0.7397 16.5123
360 648  4.5134  0.6494 18.5307
384 648  4.9273  0.7923 17.0330
408 648  5.4384 -1.7790 15.4514
432 648  4.8764 -0.3773 12.7532
456 648  4.9739  0.6847 15.4033
480 648  2.7227  0.9972 12.8650
504 648  1.0983  0.4758 15.7636
528 648  1.6978  0.4334 17.6085
552 648  2.2803  0.2626 12.8654
576 648  1.9032  3.1962 12.0022
600 648  0.2263  0.6863 15.4096
624 648  0.0531 -0.2072 13.9540
648 648  2.0406  1.9446 13.2222
672 648  3.7875  1.6709 14.0926
696 648  1.6842  1.7553 12.4282
720 648  0.7483  2.7496 12.0829
744 648  0.2584 -0.0772 17.1142
768 648 -1.2043  1.1323 15.3807
792 648 -2.1464  2.0055 16.6598
816 648 -2.8731  2.0314 14.0836
840 648 -5.7297  3.4622 11.4695
864 648 -0.0893 -0.6307 13.4998
888 648 -0.7451 -0.0434 14.5378
912 648 -2.0987  0.1094 17.7551
936 648 -1.8470 -0.2440 15.4189
960 648 -2.0674 -2.8931 15.3502
984 648  1.5424 -0.0832 10.2203
 24 672 -0.0027 -0.1127 12.5168
 48 672 -0.0909 -2.6300 16.8903
 72 672  1.5996 -2.5430 17.8416
 96 672  2.8340 -2.9721 19.8257
120 672  3.8015 -3.2219 13.3342
144 672  5.7964 -2.4484 11.9369
168 672  5.6606  3.7540 14.5384
192 672  5.2061  4.4212 16.2472
216 672  4.9127  4.7416 17.5151
240 672  4.6477  2.0683 13.0793
264 672  4.1539  0.3898 13.9666
288 672  4.0051 -0.8182 15.9751
312 672  3.7896 -1.0378 14.8835
336 672  3.9844  0.2599 17.5589
360 672  4.3505  0.5306 18.4024
384 672  6.2313 -0.7280 15.8530
408 672  6.0787 -1.3808 16.0584
432 672  4.2608 -2.7368 14.9398
456 672  4.8326  0.3531 15.0320
480 672  3.5707  4.7604 15.8463
504 672  1.0855  1.1815 15.9772
528 672  1.6097  1.1851 18.6564
552 672  2.6058  0.4690 17.8497
576 672  2.0160  2.8398 13.7396
600 672  1.2888  1.9886 13.9393
624 672  0.0597  4.2771 13.6219
648 672  0.5692  5.7871 18.6072
672 672  3.2054  1.9061 13.4223
696 672  2.1456 -0.1113 17.1318
720 672  3.6532 -0.3895 15.5043
744 672  0.9176  1.6458 13.3766
768 672 -0.4036  2.3361 15.0077
792 672 -1.9470  1.8848 17.7040
816 672 -3.5055  2.2550 17.6693
840 672 -6.1750  3.1485  9.1524
864 672 -0.9492 -6.3071 15.5341
888 672  0.0422 -0.5386 15.6504
912 672 -2.7805  0.9872 16.3785
936 672 -0.1668 -1.2326 10.9849
960 672 -7.4384 -5.0531 11.7912
984 672  1.5172  0.0259  9.8307
 24 696 -0.0042 -0.1266 12.3314
 48 696  0.2024 -3.0210 17.4802
 72 696  2.3814 -3.2483 15.7574
 96 696  2.9356 -2.3048 17.7585
120 696  3.7936 -3.4549 17.4046
144 696 -2.9263  0.1147 12.3523
168 696 -2.9107  0.6676 11.4540
192 696  5.3456  4.4864 14.0679
216 696  4.3873  3.9258 15.9607
240 696  3.1552  0.6725 14.4411
264 696  5.5126  1.1274 16.2798
288 696  4.2349 -0.4900 14.8553
312 696  3.9271 -0.6752 15.4544
336 696  3.8797  0.0888 18.1496
360 696  6.7145  0.2193 13.7522
384 696  8.0764 -1.4023 16.5869
408 696  7.8147 -1.2370 16.2994
432 696  8.5577 -0.4968 14.3606
456 696  7.0373  9.3464  9.1155
480 696  4.1502  6.2016 10.9593
504 696  1.2697  2.9499 13.2750
528 696  1.8641  2.1570 20.2082
552 696  2.9986  2.2038 16.6407
576 696  2.3117  3.1653 18.4256
600 696  2.5948  2.0275 15.7601
624 696  3.1344  2.0018 14.4017
648 696  5.7834  4.2187  9.7696
672 696  4.1459  2.9002 13.5136
696 696  1.7714  4.6428 13.4274
720 696 -0.0892  1.3632 15.4869
744 696 -0.5868  2.8279 14.6475
768 696 -0.9998  1.2002 14.5859
792 696 -2.0291  1.1417 16.2265
816 696 -3.1520  0.9597 14.0182
840 696 -2.1642 -4.9091 14.2654
864 696 -1.7769 -5.8837 16.2750
888 696 -3.8865  2.2316 12.9788
912 696 -2.9852  1.3715 14.2348
936 696 -2.2309 -0.3191 12.2647
960 696 -8.2596 -4.1938 14.8850
984 696  0.6974  0.1394  8.6856
 24 720 -0.0248 -0.1734 12.7774
 48 720  0.0771 -2.8498 19.3603
 72 720  2.0688 -3.2877 14.8456
 96 720  1.1795 -1.9767 12.0773
120 720  1.8741  2.1651 20.1432
144 720  1.1636  2.1918 17.1492
168 720 -1.7682  0.6693 17.2798
192 720 -2.2534  0.5208 18.8707
216 720 -5.2039 -4.3131 11.6009
240 720  4.3809  0.6249 11.9680
264 720  3.8671  0.3626 15.3642
288 720  4.1799 -0.2938 17.5772
312 720  4.2437 -0.8758 19.9335
336 720  5.4645 -0.1174 19.4622
360 720  7.9918 -1.6944 14.8335
384 720  8.3222 -1.2842 18.2776
408 720  8.1761 -1.2119 16.1024
432 720  8.7145  0.0758 13.8368
456 720  8.7715  8.9754 12.1886
480 720  7.4256  8.5841 15.0507
504 720  4.5706  2.1409 13.9372
528 720  3.6911  2.3696 16.9474
552 720  4.0389  4.5603 14.5749
576 720  4.7471  5.0922 14.0161
600 720  3.6339  1.8916 17.2903
624 720  3.6343  2.0115 13.8851
648 720  5.7055  8.0536 12.3843
672 720  0.4294  5.4029 17.0951
696 720  0.7286  5.6609 17.5798
720 720 -0.7899  2.8544 14.5034
744 720 -2.3854  1.9208 14.8193
768 720 -3.1774  0.9039 12.6595
792 720 -1.8338  0.1849 12.2441
816 720 -3.6767 -2.8677 13.1033
840 720 -3.2806 -5.9069 13.9281
864 720 -4.0159 -5.2345 11.7185
888 720 -9.3990  7.1946 11.6616
912 720 -7.5374  2.0734 11.4684
936 720 -7.8096  1.6698 13.7270
960 720 -7.8810 -1.8880 11.5652
984 720  0.4274  0.0613  8.5821
 24 744 -0.0210 -0.1664 12.8784
 48 744 -2.7420 -1.8881 14.8975
 72 744 -2.1139 -1.3892 13.5068
 96 744 -0.6985  0.3047 17.0226
120 744  1.9381  2.7202 19.8066
144 744  2.1532  2.8622 20.4106
168 744  1.3527  2.5321 17.1224
192 744 -1.8569  0.1204 14.9789
216 744  1.6539  0.0346 11.1471
240 744  4.0888  0.4107 12.9323
264 744  4.8740  0.1593 16.7879
288 744  4.1533 -0.6287 17.1668
312 744  4.1445 -0.7656 23.0109
336 744  4.4827 -0.2603 18.5070
360 744  3.9396 -0.0086 14.5975
384 744  6.3387 -1.8595 17.1344
408 744  6.7697 -2.3182 16.3019
432 744  6.9479  0.1048 13.6390
456 744  3.3176  1.0837 11.6994
480 744  4.1382  4.7324 12.4873
504 744  4.4305  3.7915 14.7067
528 744  4.3699  3.6203 16.6007
552 744  4.3751  4.8231 15.9364
576 744  4.8874  4.9374 15.4472
600 744  4.3592  3.3618 14.6255
624 744  3.4738  3.1961 12.5765
648 744  1.4445  7.7714 15.3891
672 744  0.3608  5.4112 14.2994
696 744  0.0698  5.5146 17.8242
720 744 -1.8582  1.3708 14.3899
744 744 -3.3707  1.1233 14.4801
768 744 -5.2918  1.0064 14.5557
792 744 -5.2884  0.3440 12.7017
816 744 -8.9268 -1.5110  9.9038
840 744 -9.1202 -2.1002 10.2684
864 744 -10.1742 -0.4447 10.1218
888 744 -7.7880  6.2739 10.5579
912 744 -7.9520  4.3108 11.1067
936 744 -8.7669  2.5882 12.4701
960 744 -8.7170  0.4418 11.9677
984 744  0.4633 -0.0086 10.2552
 24 768 -0.0088 -0.1286 12.9969
 48 768 -0.6737 -1.1671 12.3239
 72 768 -1.1844 -0.5280 12.7224
 96 768 -2.8563  2.1722 16.7514
120 768 -0.2975  2.3440 13.9862
144 768  2.7778  4.7997 17.0029
168 768  6.1458  3.3114 15.7259
192 768  6.5596  6.0378 15.6842
216 768  1.5187 -0.2322 11.6468
240 768 -0.1381 -2.6373 16.2335
264 768 -0.6617 -2.9656 19.9245
288 768  0.8459 -1.2439 17.1948
312 768  1.3818 -1.0368 12.8184
336 768  3.8782  0.3208 14.5394
360 768  4.1210 -0.2698 18.8114
384 768  5.2452 -1.8491 18.1128
408 768  6.2050 -1.1858 16.2429
432 768  1.1248 -0.1446 17.3576
456 768  1.1701  1.8765 18.6992
480 768  1.9462  2.9669 15.3631
504 768  3.8965  3.4951 18.3838
528 768  4.0192  3.7454 19.2211
552 768  2.9090  1.8742 16.4171
576 768  2.8576  2.1398 13.5954
600 768  3.2601  3.0934 12.9900
624 768  0.9141  7.7531 12.7133
648 768  1.2914  8.0688 15.7626
672 768  3.3913  5.1237 17.5634
696 768  2.8158  5.1818 14.1463
720 768  0.0775  1.2248 16.6397
744 768 -2.1414  1.7307 16.5915
768 768 -5.4900  0.9065 15.2645
792 768 -6.2255 -0.2834 16.3311
816 768 -9.1341 -1.7076 11.3091
840 768 -8.2571 -1.6779 24.5936
864 768 -7.3572 -2.0479 18.2145
888 768 -7.9569  2.1569 15.0299
912 768 -7.6731  4.1692 15.7413
936 768 -9.6762  1.9389 13.3100
960 768 -10.1813  1.1026 12.4594
984 768  0.4856  0.0029 10.0616
 24 792 -0.0045 -0.0761 13.2156
 48 792  1.6608 -0.1750 22.4668
 72 792  3.9939  4.6468 11.4287
 96 792  0.1642  4.1942 14.1788
120 792  0.3409  4.2031 17.5261
144 792  3.0741  6.9109 15.9757
168 792  6.2157  3.1419 18.6964
192 792  6.2931  4.9150 16.0604
216 792  5.9855  5.0426 11.8244
240 792  0.0239 -1.0502 15.5112
264 792 -0.9518 -3.7580 17.5859
288 792 -0.1825 -2.4867 15.0300
312 792  1.0242 -1.0128 14.4691
336 792  2.8564  1.7557 13.8224
360 792  4.7903 -0.0012 16.2840
384 792  4.8518 -1.7454 19.5925
408 792  5.8801 -0.1631 14.3778
432 792  3.6857 -0.1812 14.1064
456 792  0.2624  1.0943 17.9752
480 792  0.0102  2.8514 18.3898
504 792 -0.0623  3.1272 15.2885
528 792  2.0899  1.9300 16.7774
552 792  2.4397  1.8062 20.9540
576 792  2.3166  2.1577 14.8928
600 792  2.1729  3.0699 17.4867
624 792 -0.3488  6.3660 13.5026
648 792  1.7718  6.2190 11.9397
672 792  2.3240  6.0956 12.8841
696 792  1.1992  5.6404 14.4322
720 792  0.0502  2.0937 18.0876
744 792 -1.0466  1.6498 17.6664
768 792 -2.7031  0.8775 15.7580
792 792 -6.2551 -0.9487 17.1445
816 792 -5.8458 -1.0639 13.3414
840 792 -7.8764 -1.6247 26.8999
864 792 -7.1623 -1.9689 17.4122
888 792 -6.5131 -0.4727 14.4642
912 792 -6.4834  3.7747 12.8996
936 792 -1.6630 -4.1947 16.2680
960 792 -3.7746 -8.9903 14.6088
984 792  0.4738 -0.0272  9.8572
 24 816  0.0045  0.0616 12.6433
 48 816  0.8132  0.3702 13.1377
 72 816  4.9715  5.8420 16.6491
 96 816  4.2446  5.6154 14.1693
120 816  1.7712  5.7422 13.9832
144 816 -0.0507  8.2962  9.3441
168 816  2.7948  7.4140 10.8129
192 816  5.3754  4.1739 16.3949
216 816  5.0896  3.5031 18.3544
240 816  2.8206  3.9220 12.9082
264 816 -0.2910 -0.6645 13.3839
288 816 -0.1752 -1.0541 15.9223
312 816  0.4536  0.7607 18.5091
336 816  2.9965  4.8122 16.6229
360 816  4.7554  1.6127 13.8804
384 816  5.0202  0.0723 15.6488
408 816  5.1718  0.6131 17.2170
432 816  5.1101  1.0384 20.1476
456 816 -1.9311  2.9430 12.4105
480 816 -2.3445  4.3201 18.6324
504 816 -2.1782  4.2171 18.9072
528 816 -2.0280  3.9358 14.7827
552 816 -2.0733  2.4564 16.9381
576 816 -2.5820  1.3458 14.7700
600 816 -2.0533  1.4489 19.2297
624 816 -1.3253  1.9192 18.9620
648 816 -1.0699  3.6198 15.0890
672 816 -0.9043  3.5651 16.2913
696 816 -0.2734  2.4193 16.3152
720 816 -0.8190  0.4154 16.5054
744 816 -1.5902  0.3615 15.6863
768 816 -3.2705  0.1567 12.2421
792 816 -7.8898 -1.7776 13.8462
816 816 28.2831 25.1237  7.3026
840 816 -11.7554 -4.1319 14.4133
864 816 -10.1916 -3.0237 10.5913
888 816 -5.0942 -1.6643  8.0276
912 816 -0.6028 -4.9388 15.5047
936 816 -0.2836 -5.6588 16.3424
960 816 -2.0418 -6.8688 12.1115
984 816  0.9752 -0.0282  9.9238
 24 840 -0.0121  0.0521 12.4933
 48 840  1.3689  3.6419 14.8578
 72 840  5.7945  6.1751 15.5373
 96 840  5.2374  6.1866 12.2128
120 840  2.0059  9.3465 16.1335
144 840  2.0056  9.5111 18.6010
168 840  3.0178  7.1978 16.4687
192 840  5.6820  4.1794 16.1382
216 840  4.2968  4.9771 19.7632
240 840  3.4332  5.4823 16.0818
264 840  2.9344  4.1957 12.3416
288 840  0.8128  1.0849 15.5878
312 840  1.1261  2.2649 18.2261
336 840  2.2998  3.9367 15.2385
360 840  3.1743  2.0651 15.4126
384 840  2.0867 -0.0900 18.3395
408 840  0.2468  1.8225 16.4647
432 840 -0.1815  1.7521 20.6761
456 840 -1.7709  0.2977 20.7866
480 840 -1.3412 -0.8846 20.5646
504 840 39.8780 -8.8928 11.5100
528 840 -17.7239 -2.0491 15.9329
552 840 -1.2296  0.8645  8.0519
576 840 -2.3902  0.6921 11.0075
600 840 -2.5839  0.3995 14.7036
624 840 -2.2535  0.4640 14.1983
648 840 -1.0994  3.1145 13.7075
672 840 -1.1982  3.0985 20.4843
696 840 -1.9626  1.6328 16.4945
720 840 -2.2566 -0.7299 17.7476
744 840 -4.2119 -0.4981 13.0619
768 840 -1.6918 -4.9162 13.4615
792 840 -0.3152 -4.8965 17.0924
816 840 -0.9322 -4.2369 11.5105
840 840 -11.9029 -5.8161 12.6571
864 840 -12.0710 -6.3116 10.0122
888 840 -11.9427 -9.0509 10.0578
912 840 -11.0158 -10.5294  9.3522
936 840 -8.6145 -8.8033 10.1000
960 840 -6.3675 -5.7926  9.3095
984 840  1.5261 -0.0949 10.0008
 24 864 -0.0080 -0.0009 12.4149
 48 864  0.2907  7.8263 13.1811
 72 864  0.2150  7.8158 11.9777
 96 864  5.9440  5.9497 10.9672
120 864 10.7514 15.1770 10.3889
144 864  2.1567 10.2879 14.2137
168 864  2.1166  4.9789 14.7816
192 864  0.7906  0.2962 17.3402
216 864  2.7361  2.1975 12.9424
240 864  4.5586  6.3757 11.9211
264 864  4.6380  6.4784 16.1855
288 864  2.8643  3.3836 13.8665
312 864  1.7455  5.8371 18.9901
336 864  1.9864  4.6983 17.0399
360 864  3.8937  3.7181 17.3339
384 864  1.2884  2.0920 18.3295
408 864  0.7522  1.7157 17.8342
432 864 -0.7340  1.8870 17.1004
456 864 -0.4560  0.7790 14.9879
480 864 -0.4305 -1.0249 22.9690
504 864 -0.7838 -1.4165 10.9310
528 864 -17.2472 -12.1519 20.8757
552 864 10.9740 14.7271  8.7262
576 864 -2.3253 -1.7617 10.4560
600 864 -2.3727 -0.3940 16.6895
624 864 -2.3543  0.0133 16.0636
648 864 -1.9032  0.6019 16.1787
672 864 -1.0860  2.4126 14.2787
696 864 -2.6847  2.1036 16.2929
720 864 -3.5028 -0.0446 15.5009
744 864 -3.2053 -3.7304 16.1002
768 864 -2.4552 -5.5349 17.6529
792 864 -2.3864 -5.7094 21.6348
816 864 -1.9519 -5.0909 16.0578
840 864 -1.2412 -4.1066 11.9643
864 864 -3.6952 -3.1532  9.4269
888 864 -10.4345 -9.6297 11.1862
912 864 -9.5603 -10.6666 14.0041
936 864 -8.2633 -8.5066 10.0547
960 864 -4.3367 -5.6082 11.6445
984 864  1.5913 -0.2152 10.4456
 24 888  0.0012  0.0044 12.2213
 48 888  0.7406  7.5769 15.1777
 72 888  3.1145  5.0142 11.8293
 96 888  5.8550  5.6866 13.9962
120 888  5.8244  7.7286  8.2726
144 888  8.4447 14.9793  9.7125
168 888  0.0278  0.8932 17.2545
192 888 -0.0093  0.5858 21.5175
216 888  0.9478  1.6780 17.9213
240 888  2.7376  3.3788 10.3860
264 888  2.3246  7.2781 14.8550
288 888  1.8284  5.7785 14.6254
312 888  2.2202  6.8504 16.7787
336 888  0.4053  5.0553 12.4881
360 888  0.4642  3.5659 13.1870
384 888  0.3388  3.1865 16.0139
408 888  1.6134  0.3150 15.9443
432 888 -0.5540  1.7609 16.7915
456 888 -0.5926  0.1141 17.2990
480 888 -0.1551 -0.7583 21.2075
504 888 -0.0958 -2.1186 15.9742
528 888  0.0135 -6.0172  8.9356
552 888 10.2039 10.3288 10.7147
576 888 -0.5327 -1.6259 11.9739
600 888 -1.0277 -1.0140 16.0788
624 888 -1.3144 -0.9839 15.9332
648 888 -2.0624 -0.2437 19.0380
672 888 -2.4329  0.8209 15.4412
696 888 -4.6537  1.7258 19.5542
720 888 -4.3044 -0.0491 17.1917
744 888 -3.9230 -0.9180 15.3434
768 888 -3.2733 -4.9094 14.3333
792 888 -3.1123 -6.1338 16.4772
816 888 -2.8296 -5.9757 13.4581
840 888  0.0332 -0.2801 10.6884
864 888  0.5528 -0.5679 14.5707
888 888  0.6213 -0.8041 11.4595
912 888 -2.7553 -6.2527  9.2669
936 888 -2.3707 -6.8671 10.5069
960 888 -3.1047 -5.4043 14.8303
984 888  1.0936 -0.3057  9.9765
 24 912 -0.0023  0.0030 12.1013
 48 912 -0.1537  9.3706 14.4179
 72 912 -1.0902  5.1068 18.5448
 96 912  0.7580  6.7604 14.6456
120 912  4.0021  8.3217 13.0676
144 912  5.8099  6.8139 13.7653
168 912  2.7777  9.0915  9.9119
192 912 -0.1897  1.5817 17.1240
216 912 -3.2343  3.5291 15.0939
240 912 -1.5218  4.6202 16.4533
264 912  0.9791  5.6611 15.0538
288 912  1.8510  5.6015 16.1587
312 912  1.6488  7.9087 12.4342
336 912 -0.0534  4.9794 12.3740
360 912  0.3362  3.5223 16.1265
384 912  0.5535  3.0956 18.2988
408 912  1.0568  0.8380 15.4753
432 912  1.0157  1.6416 15.8096
456 912  0.4227  2.4053 15.5763
480 912 -0.0288  4.9271 11.9947
504 912  3.0634 -6.2047 16.5995
528 912 -0.2429 -4.4846 13.4257
552 912 -2.0064 -3.1370 16.1784
576 912 -0.7029 -0.4215 14.3033
600 912  0.0774 -2.1984 16.4126
624 912 -0.2543 -2.9767 18.3855
648 912 -1.1946 -2.1454 16.0955
672 912 -1.8869  0.2674 14.0570
696 912 -4.2863  1.8814 18.4920
720 912 -5.9252 -0.5448 16.1826
744 912 -6.7502 -3.0401 13.8401
768 912 -3.0482 -4.9695 17.4614
792 912 -3.8795 -5.8824 16.1061
816 912 -3.1458 -5.6712 14.0899
840 912 -1.9653 -4.4273 11.8300
864 912 -0.1233 -1.9936 11.3953
888 912  0.1224 -2.4605 14.0811
912 912 -1.5296 -5.8053 11.8755
936 912 -1.9593 -7.1283 13.4344
960 912 -2.7269 -4.4158 13.3802
984 912  0.4692 -0.1957  9.9646
 24 936 -0.0094 -0.0157 12.0772
 48 936 -1.9467  9.1166 12.4367
 72 936 -0.7884  7.3949 18.2270
 96 936  0.0394  7.3542 14.5465
120 936  4.1482  6.9131 10.4306
144 936  5.5722  6.7986 13.1348
168 936  2.6166  8.7959  9.1603
192 936 -1.6890  1.0885 13.2745
216 936 -3.7679  3.3034 12.9463
240 936 -1.1734  4.4443 18.2666
264 936  0.0437  3.8468 17.7496
288 936  0.9038  3.6443 14.2333
312 936  0.0684  6.6389 11.1713
336 936  0.1930  6.9946 13.1933
360 936  0.9636  3.3934 14.8116
384 936  1.0180  2.5173 13.6002
408 936  1.3217  1.2757 14.3054
432 936  1.0338  2.1307 14.3032
456 936  1.0195  4.5987 15.1263
480 936  5.2925 -6.4100 14.0080
504 936  3.8689 -6.5226 14.9407
528 936 -1.6680 -1.3365 18.0205
552 936 -1.0260 -3.7781 10.8619
576 936  0.8120 -5.0953 14.3877
600 936  1.7433 -4.8969 18.6120
624 936 -0.1680 -1.2125 13.8303
648 936 -0.6371 -4.1264 12.2931
672 936 -2.1074 -1.1164 12.4435
696 936 -3.8790  1.9106 15.2835
720 936 -7.6407  1.8556 20.0394
744 936 -7.9844 -0.0460 13.4385
768 936 -5.1494 -4.2458 10.9445
792 936 -5.0142 -6.2432 11.9106
816 936 -4.9769 -5.9192  9.0186
840 936 -3.6737 -4.1047 14.9360
864 936 -2.8879 -4.4074 16.9252
888 936 -0.8999 -3.1632 11.9681
912 936  0.2960 -6.6842  9.3540
936 936  0.7046 -7.1338 13.7677
960 936  0.5617 -1.7740 13.1358
984 936  0.4939  0.0312 10.1616
 24 960 -0.0104 -0.0247 12.3984
 48 960 -6.2107 15.2972  7.8648
 72 960 -4.3390  7.1451 15.2469
 96 960 -4.9119  6.9604 14.2860
120 960  4.1689  7.1441 12.0471
144 960  0.7107  7.9426 15.1674
168 960  0.2044  7.5215 13.7115
192 960 -0.3790  0.8227 14.1150
216 960 -2.8175 -0.4934 14.6386
240 960 -0.5755  4.9752 13.9100
264 960 -0.2251  3.9395 19.4695
288 960 -0.2146  4.3544 19.6974
312 960 -0.1658  6.6525 17.5484
336 960  0.4154  8.5146 15.5108
360 960  0.2531  7.8084 13.8535
384 960  0.9332  3.3236 14.4567
408 960  1.5607  1.2614 14.6427
432 960  1.6985  3.4041 16.2476
456 960  2.8017  1.5857 13.8526
480 960  5.7375 -5.7552 14.5618
504 960 -1.6087 -0.1389 14.9921
528 960 -0.1306 -2.6080 15.8678
552 960 -0.0158 -5.3860 17.3156
576 960  0.5002 -4.9404 15.0928
600 960  1.1932 -4.7294 17.2283
624 960 -1.5698  1.0719 16.2686
648 960  0.0046 -2.9733 16.3558
672 960 -0.1080 -2.8395 18.9030
696 960 -0.1584 -0.0101 23.4830
720 960  0.2221 -0.1314 19.3477
744 960  0.0071 -5.2146 14.7828
768 960 -1.9890 -7.7648 16.8643
792 960 -4.8356 -7.6567 12.8146
816 960 -7.2040 -7.0652 11.4545
840 960 -1.7964 -5.8260 19.7432
864 960 -1.5959 -5.5413 18.9373
888 960 -0.3926 -3.8407 13.6789
912 960 -0.3527 -6.2171 10.8653
936 960  0.2772 -6.7784 14.9015
960 960  0.6045 -0.7481 11.1120
984 960  0.4618  0.0465 10.1325
 24 984  0.0003  0.0047 14.6552
 48 984 -0.0142  0.0013 12.5372
 72 984 -0.0148 -0.0316 11.7994
 96 984 -0.0629 -0.0338 11.5245
120 984 -0.0472  0.0008 12.2558
144 984 -0.0475 -0.0036 11.2743
168 984 -0.0010  0.0077 11.0996
192 984 -0.0069  0.0062 12.3338
216 984 -0.0247  0.0054 12.3445
240 984 -0.0119  0.0322 12.6651
264 984 -0.1564  0.0590 12.7192
288 984 -0.1587  0.0329 11.1310
312 984 -0.0395  0.0135 10.4158
336 984 -0.0445  0.0520 12.6162
360 984  0.0259  0.0310 12.1192
384 984  0.0692 -0.0050 12.0019
408 984  0.0138 -0.0012 12.6202
432 984  0.0164  0.0077 12.6006
456 984  0.0351  0.0029 12.2945
480 984 -0.0151  0.0006 12.4713
504 984 -0.0624  0.0003 12.6482
528 984 -0.0595 -0.0028 12.1704
552 984  0.0034 -0.0139 12.3389
576 984  0.0464  0.0003 12.5299
600 984  0.0017  0.0038 12.5782
624 984 -0.0121 -0.0203 12.3232
648 984 -0.0075 -0.0195 12.2687
672 984 -0.0202 -0.0343 12.0181
696 984  0.0048 -0.0606 11.1841
720 984  0.0486 -0.0479 11.5245
744 984 -0.0234 -0.0399 11.5274
768 984 -0.1386 -0.0162 11.6271
792 984 -0.0910  0.0133 12.4020
816 984 -0.0524  0.0169 12.6404
840 984 -0.1153  0.0140 12.6194
864 984 -0.0960  0.0159 12.1147
888 984 -0.0157  0.0168 12.5443
912 984  0.0070 -0.0223 12.3293
936 984 -0.0327 -0.0234 12.1269
960 984 -0.0085  0.0072 12.6449
984 984  0.4959 -0.0012 12.7900
