 24  24  0.0059 -0.3822 14.5828
 48  24 -0.0156 -0.4460 11.2493
 72  24  0.0156 -0.4018 11.3070
 96  24 -0.0046 -0.4285 11.4885
120  24 -0.0217 -0.4562 11.3827
144  24  0.0210 -0.3880 11.1930
168  24  0.0191 -0.3567 10.9159
192  24 -0.0312 -0.4357 10.9548
216  24 -0.0386 -0.4868 11.3366
240  24 -0.0210 -0.4876 11.7021
264  24 -0.0097 -0.4547 11.6097
288  24 -0.0154 -0.3975 11.2602
312  24  0.0012 -0.4328 11.3023
336  24 -0.0043 -0.4567 11.4341
360  24  0.0070 -0.4022 11.3671
384  24 -0.0131 -0.3834 11.4083
408  24 -0.0016 -0.3844 11.2250
432  24  0.0017 -0.3591 11.1920
456  24 -0.0504 -0.3669 10.8719
480  24 -0.0509 -0.4083 10.9747
504  24 -0.0023 -0.4642 11.1004
528  24 -0.0099 -0.4676 11.1224
552  24 -0.0295 -0.4699 11.5356
576  24 -0.0215 -0.4448 11.4294
600  24 -0.0174 -0.4141 11.4927
624  24 -0.0558 -0.4203 11.4283
648  24 -0.0456 -0.4041 11.2544
672  24 -0.0614 -0.3368 11.1041
696  24 -0.0273 -0.4186 11.2666
720  24 -0.0037 -0.4957 11.6938
744  24 -0.0137 -0.4270 11.6626
768  24 -0.0519 -0.4014 11.1675
792  24 -0.0330 -0.4165 11.1552
816  24 -0.0036 -0.3685 11.3581
840  24 -0.0430 -0.2660 11.1564
864  24 -0.0455 -0.3388 11.3411
888  24 -0.0487 -0.4233 11.2324
912  24 -0.0064 -0.4792 11.2372
936  24 -0.0473 -0.4535 11.3127
960  24  0.0092 -0.3941 10.9883
984  24  1.6202 -0.4003 12.6960
 24  48 -0.0144  0.0129 12.6650
 48  48  5.7946  4.1628 15.9093
 72  48  5.8446  3.9511 20.2233
 96  48  0.1254 -0.7661 10.4817
120  48 -0.1861 -0.6735 13.4866
144  48 -2.1595  0.1007 10.6791
168  48  7.0683  0.7766 17.3088
192  48  1.1535 -1.1385 10.6488
216  48  1.5989 -3.9830 16.4733
240  48  0.0178 -4.8088 14.7058
264  48 -0.6990 -0.1281 19.7914
288  48 -0.3843 -0.1203 21.8143
312  48 -2.0804  0.9227 22.6966
336  48 -4.6018 -3.1602 16.3352
360  48 -4.1549 -3.0917 13.5018
384  48  0.1591  2.4233 18.1494
408  48  0.0278  3.2757 20.0772
432  48  0.4351  3.8221 16.8521
456  48  1.2157  3.5049 16.6468
480  48 -0.0321  1.5657 17.4701
504  48  0.1387  1.8004 12.6675
528  48 -1.5938  3.9416 15.3910
552  48 -1.9195  3.3725 14.9548
576  48 -2.1316  3.2319 13.8332
600  48 -4.0226  4.1959 15.1729
624  48 -3.1248  3.1199 13.4553
648  48 -5.2893  2.3569 15.7269
672  48 -5.8605  0.4328 16.5924
696  48 -8.2775  0.1088 16.4770
720  48 -10.9058  0.4903 15.0781
744  48 -8.7820  0.2094 15.9267
768  48 -7.7945  1.6759 13.2664
792  48 -7.3411  2.0893 13.7594
816  48 -8.8460  1.0093 15.3468
840  48 -8.0640  1.7624 12.3348
864  48 -7.2412 -0.6847 12.2475
888  48 -8.0050 -2.0787 12.6209
912  48 -4.5358 -4.0143 14.9067
936  48 -3.2875 -3.0738 14.6919
960  48 -2.3438 -3.1367 14.7721
984  48  1.6458 -0.0106  9.4666
 24  72 -0.0113  0.0089 12.3995
 48  72  5.7592  4.1776 13.6856
 72  72  5.7155  3.9606 13.9975
 96  72 -3.6070  6.2505  8.7934
120  72  1.8699  4.1141 19.8456
144  72  1.1101  2.4213 18.4981
168  72  2.2363  1.0239 18.6866
192  72  1.8949 -0.0114 17.5414
216  72 -0.2199 -3.0829 14.8212
240  72 -0.0276 -1.6717 13.8495
264  72 -0.2289  0.0737 18.9083
288  72 -0.2036  0.1661 18.8475
312  72 -1.1633  0.7896 18.3314
336  72 -0.8903 -0.2349 15.7930
360  72 -2.3714 -1.8872 15.7908
384  72  0.3078  0.0440 15.2033
408  72  0.7908  3.0506 20.7062
432  72  1.0579  3.1172 15.8788
456  72  1.6712  2.5974 18.7226
480  72  0.1292  1.5047  7.8182
504  72 -16.6465 12.1422  9.3231
528  72  0.9305  2.0842 12.0470
552  72  0.2462  4.0488 15.5808
576  72 -2.7549  4.9863 14.7521
600  72 -2.8057  3.1539 14.8145
624  72 -2.8197  2.9814 14.6515
648  72 -6.0868  0.6365 12.3972
672  72 -11.1017 -0.1816 15.5091
696  72 -11.0700 -0.1386 16.3355
720  72 -8.6209 -0.3310 10.7740
744  72 -8.9320 -0.1492 15.3230
768  72 -8.1101  1.3822 11.9368
792  72 -8.7225  1.3679 16.3384
816  72 -7.9677  1.6820 16.4142
840  72 -8.1201  0.1419 14.2053
864  72 -8.0405 -2.5181 14.4393
888  72 -7.2146 -2.1948 15.0517
912  72 -4.2677 -3.5426 15.3732
936  72 -3.8388 -3.0748 17.1241
960  72 -2.1509 -4.8525 14.2691
984  72  1.6717 -0.0362  9.8285
 24  96 -0.0002  0.0349 12.2353
 48  96 -6.9416  5.8205 14.8945
 72  96 -1.4303  5.7648 11.6156
 96  96  0.0907  4.4642 15.1222
120  96  1.7855  4.1852 16.4947
144  96  1.6380  4.0016 19.7416
168  96  1.9730  1.4042 15.1595
192  96  2.5536  1.1799 19.2498
216  96 -2.1992 -4.7516 13.8354
240  96 -1.7672 -1.8414 13.8684
264  96 -1.1075 -0.6361 18.9299
288  96  0.0723  0.0264 20.7168
312  96  1.0383 -0.1206 19.4546
336  96  0.7330 -0.7653 15.9898
360  96  1.5726 -0.7198 18.7067
384  96 -0.1333 -0.2969 16.8757
408  96  0.9072  2.9875 20.9354
432  96  1.1657  2.6645 17.8325
456  96  2.1465  1.9918 15.9454
480  96 -1.9902 -24.2422 13.6396
504  96 -8.8074 -18.9101 15.5586
528  96  2.9307  3.0264  9.4597
552  96  1.8579  3.0033 13.6350
576  96 -2.2728  4.4261 15.8459
600  96 -3.4234  3.1618 15.6212
624  96 -3.4389  3.0004 14.2758
648  96 -10.9413  2.0961  8.6064
672  96 -12.0084 -0.3586 16.7487
696  96 -11.8644 -0.8666 11.1955
720  96 -12.9223 -2.1629 16.7636
744  96 -11.6402 -0.4338 11.1770
768  96 -10.1624  0.2311 14.7212
792  96 -9.9869 -0.0444 13.8238
816  96 -7.7180 -1.1024 15.9159
840  96 -5.4712 -0.6483 15.3491
864  96 -5.4731 -0.7363 16.0421
888  96 -5.3804 -3.8369 14.0115
912  96 -4.8208 -3.7991 14.3232
936  96 -4.0690 -3.0500 15.9480
960  96 -3.6008 -2.0454 14.1147
984  96  1.6770 -0.0175 10.1010
 24 120  0.0091  0.0085 12.2120
 48 120 -5.9777  4.1946 17.6550
 72 120 -0.0831  6.1425 14.1759
 96 120  0.0868  4.1983 16.8641
120 120  0.7560  4.8450 18.1931
144 120 -0.2410  2.4869 21.4991
168 120  1.1256  2.8653 20.1386
192 120  0.1811 -0.0540 12.8827
216 120  0.0667 -1.2273 18.3631
240 120  1.9266 -0.1420 15.8670
264 120  0.3809 -0.0707 12.6439
288 120 -0.0549 -0.2278 17.4607
312 120  0.8245 -0.6442 18.2775
336 120  1.0215 -0.7700 19.6490
360 120  1.7158 -0.6672 19.3809
384 120  2.4940 -0.3020 19.4463
408 120  2.2468  0.3618 20.5384
432 120  2.1095  1.9386 16.2350
456 120  2.9380  2.5923 13.5045
480 120  3.1252  1.7362 10.5408
504 120 14.1927 21.0796 18.3024
528 120  8.4311 26.1541 18.0285
552 120  2.7294  3.1420 13.2415
576 120 -1.6224  4.9114 13.6490
600 120 -4.8666  2.1451 12.2931
624 120 -1.3101 -0.3883 14.3505
648 120 -2.0350 -1.0284 17.2364
672 120 -5.8427 -0.1372 14.4211
696 120 -9.9587 -0.4504  9.0156
720 120 -12.9140 -2.3163 17.0057
744 120 -10.6206 -1.0555  9.6134
768 120 -10.8816 -0.8582 13.3427
792 120 -8.6938 -0.9356 13.5179
816 120 -6.3165 -1.6092 18.3471
840 120 -5.1771 -0.9259 17.7448
864 120 -4.8699 -0.6907 20.3254
888 120 -4.9402 -0.7721 17.6986
912 120 -6.6193 -2.4139 17.1531
936 120 -4.8301 -3.2645 14.7638
960 120 -1.8608 -3.2238 16.2121
984 120  1.7120 -0.0357 10.0024
 24 144  0.0106  0.0062 12.2837
 48 144 -1.1664  4.7873 17.6260
 72 144 -0.0966  6.1246 16.8029
 96 144 -4.2289  0.2511  9.5885
120 144 -0.1866  1.8635 14.4748
144 144 -0.5643  1.8995 20.9667
168 144  1.2027  0.6438 20.5937
192 144  1.2962 -0.0088 19.7907
216 144  0.2138 -1.0285 22.1877
240 144  0.2951 -1.1232 18.3179
264 144  3.1288 -0.7860 19.1784
288 144  3.3519  0.0128 16.8360
312 144  0.4090 -0.2590 17.6608
336 144  0.3708 -0.1553 20.3772
360 144  0.4223 -0.1370 22.8659
384 144  2.6621  0.1889 19.7240
408 144  2.0571  0.3614 17.9632
432 144  1.7591  0.3357 15.3982
456 144  3.0108  1.2466 20.2216
480 144  3.9251  0.2055 17.5092
504 144  3.9841  0.2808 10.9583
528 144  2.5446  2.6609 11.9588
552 144  1.9109  4.0736 14.3914
576 144  0.5779  5.8163 14.6077
600 144 -3.6692  4.3616 13.4100
624 144  1.4086 -2.8560 18.7647
648 144  0.8738 -2.2404 16.0906
672 144 -3.4734  2.0289 13.7492
696 144 -6.9939  0.6095 12.6289
720 144 -7.2552  0.6176 13.3137
744 144 -9.8844 -1.1022 12.0400
768 144 -10.1072 -1.3710 11.5822
792 144 -8.6505 -1.0920 12.5798
816 144 -6.2481 -1.1473 16.7043
840 144 -4.8810 -1.6724 15.2950
864 144 -4.9801 -0.0650 21.8346
888 144 -5.5322 -0.1986 21.1478
912 144 -5.6993 -2.9039 16.9286
936 144 -5.0965 -3.6182 13.7643
960 144 -5.7981 -4.2330 11.6292
984 144  0.4011 -0.0195  9.4557
 24 168  0.0160  0.0332 12.0882
 48 168  1.8649  6.0154 15.5078
 72 168  5.7845  4.2608 12.5259
 96 168  3.7937  4.7816 14.9262
120 168  1.0000  1.0000  7.9898
144 168  0.0644 -1.9489 19.1344
168 168  0.7305 -0.4514 21.0699
192 168 -0.0588 -0.7036 19.2630
216 168  1.9860  0.0746 19.1416
240 168 -0.0869 -1.0296 19.2813
264 168  1.3415 -0.4101 16.5899
288 168  3.0698  0.5461 18.8745
312 168  0.0067  0.9003 18.8798
336 168  0.1481  0.2908 20.7466
360 168 -0.0257  0.1669 20.0016
384 168 -0.1428  0.2503 16.6330
408 168  1.7699  1.0646 13.9380
432 168  1.6291  0.1667 17.1940
456 168  4.5348  0.4543 19.0846
480 168  3.5391  0.3727 15.6762
504 168  2.4487  0.6615 18.6499
528 168  1.7933  1.2970 14.9938
552 168  1.5700  3.4267 14.6605
576 168 -0.3430  5.2442 12.7216
600 168 -3.7588  6.0292 15.3027
624 168  3.0198 -1.3833  8.8220
648 168  2.8983 -0.6843 18.2337
672 168 -3.4121  3.1870 13.3223
696 168 -5.0265  2.1429 13.6115
720 168 -5.3379  0.0854 15.6579
744 168 -6.6924  0.9977 13.0229
768 168 -6.2779 -0.5573 11.9228
792 168 -6.1830 -0.5969 16.5626
816 168 -5.7905 -0.7328 16.1499
840 168 -4.7723 -1.4511 14.9538
864 168 -5.5846  0.3326 18.3494
888 168 -5.6064  0.5696 14.9874
912 168 -6.0498  0.9130 11.9256
936 168 -7.1412 -4.5060 11.6352
960 168 -6.7286 -4.7098 14.1834
984 168  0.3940 -0.1242  9.4767
 24 192  0.0162 -0.0193 11.9779
 48 192  4.3896  7.8719  9.6865
 72 192  2.2440  4.1512 11.9216
 96 192  0.7678  2.3020 11.6835
120 192  1.0000  1.0000  7.6368
144 192 -0.1284 -1.9261 13.7804
168 192 -0.0705 -1.9028 18.5561
192 192 -0.7508 -0.6488 17.7881
216 192 -0.9662 -1.0729 19.8601
240 192 -1.9119  0.0529 19.1712
264 192 -1.7302  0.4582 16.3045
288 192  0.2933  1.5513 14.7812
312 192 -1.9947  1.5927 14.9464
336 192 -1.4538  2.1829 15.4367
360 192 -0.1595  3.1155 19.7767
384 192  0.5582  3.0554 20.0328
408 192  2.8587  2.1392 17.4781
432 192  3.1270  1.7895 17.4653
456 192  2.6832 -0.1877 21.0248
480 192  2.2191 -0.6716 15.4561
504 192  2.1507  0.7154 13.2651
528 192  2.0083  1.2779 14.8239
552 192  2.1040  2.1811 14.1016
576 192  1.3519  4.5872 12.6430
600 192 -0.2532  5.3962  9.7907
624 192 -3.9238  7.9219 10.2593
648 192  1.5318  0.8492 14.0785
672 192 -4.0329  3.1689 13.4176
696 192 -4.1460  2.9273 14.0511
720 192 -4.2155  1.1492 14.5090
744 192 -4.2264  1.3039 15.0970
768 192 -5.5294  1.9508 17.6760
792 192 -5.8695 -1.1182 15.0953
816 192 -3.5525 -0.3521 16.4087
840 192 -3.9149 -0.0254 17.2166
864 192 -4.4437  0.3074 14.9216
888 192 -4.9098  1.7758 16.0361
912 192 -6.1046 -0.6636 12.7407
936 192 -6.8514 -5.0771 12.2340
960 192 -6.8307 -5.0236 14.2186
984 192  1.6623 -0.0137  9.3963
 24 216  0.0019 -0.0223 12.1777
 48 216 -1.6107 -0.9634 12.9146
 72 216 -4.0931  2.1217 15.2695
 96 216 -5.8036  0.1241 14.6672
120 216  1.0000  1.0000  8.1423
144 216 -0.4847 -1.9869 11.5710
168 216 -2.9393 -1.9858 14.3219
192 216 -1.1656 -0.3820 19.3496
216 216 -2.3410 -0.1291 18.8357
240 216 -1.9831  0.1067 18.8898
264 216 -2.6132  0.0609 16.7975
288 216 -2.6318  0.1242 17.0953
312 216 -2.2336  0.0403 17.7885
336 216 -1.1812  4.6839 15.2480
360 216  0.0863  3.2634 19.4803
384 216  0.7125  3.0083 18.1592
408 216  0.7208  2.8578 20.6931
432 216  1.3860  2.3859 23.6708
456 216  2.0264 -0.0404 19.2878
480 216  2.3729 -0.8174 18.1472
504 216  1.7603 -0.2765 13.6467
528 216  2.6019  1.3082 18.7037
552 216  2.8014  2.9899 15.5532
576 216  2.3240  2.7514 15.3521
600 216  1.6831  2.3164 14.5941
624 216  0.3470  0.3782 17.0518
648 216 -1.9172  2.0517 15.7832
672 216 -1.4812  3.3815 15.2138
696 216 -1.1704  3.0467 16.3187
720 216 -1.4535  2.0837 14.3411
744 216 -2.1268  2.4931 13.4650
768 216 -3.7541  3.0037 17.1056
792 216 -2.0408 -0.2664 17.0214
816 216 -2.8638 -0.0481 17.6803
840 216 -3.1856  0.7934 15.7311
864 216 -3.6946  1.6218 15.2701
888 216 -3.8967  3.0846 15.3323
912 216 -3.2427 -0.8313 14.5814
936 216 -3.0339 -1.4299 12.8188
960 216 -2.9903 -4.0587 14.9369
984 216  1.6445  0.0063  9.4499
 24 240 -0.0029 -0.0159 12.3437
 48 240 -2.1524 -0.0924 10.6265
 72 240 -5.0637 -0.0261 16.2347
 96 240 -5.9392 -0.8341 16.7451
120 240 -7.2079 -2.7625 14.8533
144 240 -2.1511 -5.6899 19.6536
168 240 -2.6918 -5.0768 18.9193
192 240  1.0000  1.0000  8.7585
216 240 -2.8352 -0.0500 20.6541
240 240 -1.2932 -0.2340 16.0968
264 240 -1.8590  0.1079 16.4201
288 240 -2.0558 -0.2187 19.0798
312 240 -1.7429 -0.1887 17.0119
336 240  0.0759  5.7589 17.5175
360 240  0.3237  3.4457 17.3087
384 240  0.4040  3.3364 15.8421
408 240  1.1240  2.7677 15.2753
432 240  2.0959  1.4301 14.8637
456 240  2.9979  0.4996 15.7060
480 240  3.6015 -0.0672 19.2613
504 240  2.7500 -0.1396 20.8512
528 240  2.7046 -0.1947 18.4891
552 240  1.8751  0.7947 20.5977
576 240  1.5890  2.0930 17.1074
600 240  2.1587  2.5103 16.5383
624 240 -0.1015  1.7054 17.8947
648 240 -2.2019  2.8098 20.1012
672 240 -0.9512  4.8833 13.8837
696 240 -0.4271  6.3263 13.8667
720 240 -0.1055  5.1716 11.0137
744 240 -0.1866  3.0899 13.7685
768 240 -1.7305  3.0310 16.5080
792 240 -2.7959  0.9956 21.3850
816 240 -3.0440  0.9449 16.3576
840 240 -3.0316  1.2722 14.8004
864 240 -2.9021  2.9504 14.5714
888 240 -2.6528  4.0858 15.4878
912 240 -1.7612  0.9628 14.1104
936 240 -1.9886  0.0887 20.4985
960 240 -2.8369 -2.7734 23.0148
984 240  1.5870 -0.0342  9.5687
 24 264 -0.0134  0.0143 12.6779
 48 264  1.0124 -5.2759 11.6332
 72 264  0.6766 -4.0926 12.1219
 96 264 -7.1926 -2.2529 19.8947
120 264 -7.8055 -2.0413 19.8957
144 264 -3.1089 -3.1438 13.1545
168 264 -5.6025 -1.5326 14.4038
192 264 -3.9465  0.0466 15.7226
216 264 -3.3818  0.1171 16.7690
240 264 -4.2322  0.1443 16.6213
264 264 -1.9918  0.0537 15.8179
288 264 -1.9267 -0.4321 18.6790
312 264 -1.7729 -1.1025 14.6805
336 264  0.9723  3.9491 16.1860
360 264  1.7062  3.8250 17.6305
384 264  2.1463  4.3177 16.3410
408 264  2.9431  3.0702 15.5397
432 264  3.6745  1.8742 14.8047
456 264  5.7000  1.3390 16.0624
480 264  4.9255  2.3664 14.7240
504 264  2.8279  0.0009 17.4807
528 264  1.3352 -0.2226 18.4157
552 264  0.5278  0.8722 18.1526
576 264  0.8050  1.2101 15.7222
600 264  0.1832  1.6931 16.3772
624 264 -0.7473  3.6134 18.3273
648 264 -1.3991  4.8202 17.6950
672 264 -0.2866  6.8171 20.6240
696 264  0.0612  6.9141 17.3659
720 264  0.2787  6.5599 14.9392
744 264 -0.4432  3.9808 10.4493
768 264 -0.3408  4.1882 13.0381
792 264 -3.1456  1.0231 14.2783
816 264 -4.0233  1.7432 16.4996
840 264 -4.1008  2.6497 16.1481
864 264 -3.1938  3.0452 14.7000
888 264 -2.0571  3.2309 18.3841
912 264 -1.1332  2.8380 16.1874
936 264 -1.9647  0.6858 18.1166
960 264 -1.8093 -0.2281 15.2111
984 264  1.6809 -0.0409 10.2251
 24 288 -0.0140 -0.0226 12.6043
 48 288 -2.8725 -8.1948 13.6957
 72 288 -1.9200 -8.7998 16.6050
 96 288 -7.3488 -2.2497 15.4096
120 288 -7.5403 -2.3356 15.4028
144 288 -3.9700 -1.6155 15.6344
168 288 -4.5973 -0.1806 15.9972
192 288 -4.3290  0.1482 13.0847
216 288  1.6762 -0.2842 15.5963
240 288 -0.9008 -0.5787 13.8681
264 288 -0.6162 -0.6958 18.8487
288 288 -1.8696 -0.9593 22.0370
312 288 -1.7232 -1.0700 21.9048
336 288  0.0877  0.0653 17.0587
360 288  3.1986  9.8397 14.4319
384 288  3.1889  7.7217 17.5748
408 288  3.0974  2.7161 16.4172
432 288  4.0307  1.7664 17.4401
456 288  5.1092  1.7556 15.7827
480 288  5.1651  2.2177 13.7812
504 288  2.2252  0.1987 12.7619
528 288  1.4000  0.3617 15.8948
552 288 -0.0053 -0.0792 13.5880
576 288  0.1622 -0.2661 14.1446
600 288 -0.1116  1.3330 12.4538
624 288 -2.6267  3.1449 14.4722
648 288 -3.0438  3.3629 11.8609
672 288 -4.1155  2.3063 11.7678
696 288 -3.5204  3.9814 10.4235
720 288 -0.0083  6.1115 12.3926
744 288 -0.7294  5.1557 11.9733
768 288  0.0962  4.8023 14.4219
792 288 -0.0334  3.1542 13.8623
816 288 -2.1603  3.2049 13.8817
840 288 -2.9848  3.3122 10.6069
864 288 -2.0794  3.5199 13.2783
888 288 -2.7654  1.8870 16.7214
912 288 -0.8981  2.8478 14.5287
936 288  1.4102  2.2890 12.0623
960 288  1.1809  1.8739 11.3439
984 288  1.6419  0.0193  9.8320
 24 312 -0.0169 -0.0185 12.6339
 48 312 -2.6108 -8.0957  8.6449
 72 312  0.0564 -8.0400 11.4278
 96 312 -0.0855 -7.1381 15.3113
120 312  1.0000  1.0000  9.8037
144 312 -3.9700  0.0573 14.1674
168 312 -3.6302  0.1430 18.2337
192 312 -0.9611 -0.9429 15.1387
216 312  1.8011 -0.3217 16.3094
240 312  0.8611 -0.4422 18.0968
264 312 -0.1888 -2.2128 15.7711
288 312 -2.8885 -0.6281 15.7536
312 312  0.0794 -0.3519 18.9491
336 312 -0.0703 -0.2063 21.2158
360 312  0.3777 -3.4151 13.5476
384 312  1.8301  5.8782 14.0081
408 312  1.6121  5.2232 13.1306
432 312  1.8243  0.7202 14.7387
456 312  2.0752  0.7792 15.3754
480 312  2.4085  0.7183 16.1248
504 312  2.3493  0.9575 15.8546
528 312  3.6848  1.8233 13.0372
552 312 -0.3869 -3.1094 12.6994
576 312  0.0925 -2.7374 19.5219
600 312 -0.3178  0.1777 12.8999
624 312 -3.5714  2.3773 15.4641
648 312 -7.0947  4.6457 11.7280
672 312 -5.7143  3.2258 16.3586
696 312 -4.8207  2.4658 14.4819
720 312 -2.1428  3.4377 11.1539
744 312 -0.3424  3.3759 14.9493
768 312  0.0180  4.3152 16.4488
792 312  0.4783  4.0065 14.2114
816 312 -0.3202  3.4863 16.0349
840 312 -2.1801  3.2457 13.5923
864 312 -2.0159  3.6057 16.2377
888 312 -0.8247  2.8772 14.9397
912 312  0.5352  1.8582 14.7451
936 312  2.4676  4.2592 14.8248
960 312  2.1085  3.7326 12.5912
984 312  0.3836  0.1144  9.4539
 24 336 -0.0152 -0.0387 12.7929
 48 336  1.9341 -7.2819 15.3134
 72 336 -0.3064 -7.3402 14.6833
 96 336 -0.0286 -7.2685 17.9695
120 336  1.1759 -5.8349 19.7992
144 336  1.8340 -3.9961 20.3960
168 336  0.1630 -2.5271 15.6574
192 336 -0.7842 -1.2900  9.7169
216 336  1.9284  0.0179 11.1490
240 336  1.7447 -0.9725 16.8214
264 336  0.3173 -3.3956 16.3755
288 336 -0.9617 -2.0074 18.9342
312 336 -0.9098 -1.7054 20.1442
336 336  1.8602 -2.7636 21.1037
360 336  2.0062 -3.5199 23.0396
384 336 -2.0479  0.6366 13.4874
408 336  1.5632  4.8945 12.8439
432 336  1.6247  0.1995 11.1005
456 336 -0.1804 -0.8027 18.9094
480 336  0.1633 -0.5485 17.8953
504 336  1.8717  0.8126 21.6769
528 336  1.1540  1.0420 16.1801
552 336  2.9294 -0.6605 17.3915
576 336  1.5529 -1.5380 15.5488
600 336 -0.0985  0.3923 16.3561
624 336 -0.4256  1.2119 20.6729
648 336 -5.4880  2.8695 11.9716
672 336 -4.5324  2.8253 16.9218
696 336 -3.8655  3.0677 15.9216
720 336 -2.1978  3.4763 14.9213
744 336 -0.3700  3.1010 14.7111
768 336 -0.3285  3.1806 18.6924
792 336 -0.1045  3.5713 17.2919
816 336 -0.6685  3.6862 13.7271
840 336 -2.7218  2.9841 13.7356
864 336 -3.4439  4.0720 15.3808
888 336 -0.3320  3.1172 15.5364
912 336 -0.9110  2.7751 18.8379
936 336 -0.7358  2.6840 14.5746
960 336 -0.5844  2.4201 15.6855
984 336  0.3805  0.0682  9.6471
 24 360  0.0010 -0.0151 12.4643
 48 360  0.9882 -5.8524 13.2344
 72 360 -0.5058 -4.2331 13.9044
 96 360 -0.2419 -4.7829 12.8926
120 360 -0.2185 -5.3396 18.6138
144 360 -5.6072 -1.6115 15.5149
168 360 -6.8420 -0.5114 19.7289
192 360 -5.9409  0.8931 10.6256
216 360 -6.0168  1.0550 14.2016
240 360 -1.1900 -2.9567 13.5044
264 360 -0.9082 -2.6209 17.7409
288 360 -0.8171 -1.9386 19.9440
312 360 -0.3490 -1.4418 15.7408
336 360  2.2041 -3.2982 18.5360
360 360  2.2437 -3.7189 19.6005
384 360 -2.0112  0.2301 16.5306
408 360  0.8793 -3.4777 17.3864
432 360  0.9182 -2.9499 17.0839
456 360 -0.5480 -2.2945 16.6965
480 360  0.1016 -1.2769 22.2557
504 360  1.0431  1.5469 26.6382
528 360  0.8467  1.2949 21.8675
552 360  3.0836 -0.3299 23.4066
576 360  2.8812  0.7327 14.3454
600 360  0.9262  2.0057 18.3280
624 360  0.2101  1.9587 18.6265
648 360 -2.3626  1.9860 12.3164
672 360 -2.3883  0.1880 19.0314
696 360 -1.7620  0.2817 15.6389
720 360 -0.6306  2.1878 15.8675
744 360  0.4377  2.9560 17.9991
768 360  0.3384  2.8696 20.8760
792 360 -0.6702  2.9259 17.8380
816 360 -2.0753  4.9886 16.3241
840 360 -4.7976  3.7339 14.9777
864 360 -4.8535  3.8498 16.8904
888 360 -4.9388  3.6352 13.5155
912 360 -2.0798  2.4464 18.8716
936 360 -1.3135  2.2920 16.9114
960 360 -0.7206  2.2587 15.5741
984 360  1.6443 -0.0083  9.8959
 24 384  0.0038  0.0032 12.3987
 48 384  0.0154 -4.1887 12.9472
 72 384  0.1448 -3.9877 14.1202
 96 384 -10.1425 -2.0646 10.2298
120 384 -1.7864 -4.6606 12.0862
144 384 -6.6870 -0.7990 19.7430
168 384 -6.8373 -0.7576 20.3643
192 384 -4.7733  0.5185 11.3718
216 384 -4.9254 -0.3955 14.3034
240 384 -3.8959 -1.9705 14.5312
264 384 -1.3194 -3.0891 15.6015
288 384 -0.6912 -2.1005 10.8941
312 384 -2.1032 -3.3288 10.2317
336 384  2.5017 -5.2887 15.9458
360 384  3.2351 -5.9647 13.3871
384 384  1.3231 -4.5238 13.5265
408 384  0.7066 -2.3972 20.4298
432 384  1.0438 -3.3345 21.2637
456 384  0.6399 -3.3065 16.1735
480 384  0.2469 -3.3557 14.7730
504 384  0.2643 -0.2003 19.3907
528 384  1.0219 -0.1547 17.9142
552 384  2.9829  0.0369 24.4069
576 384  2.5597  0.2604 16.4273
600 384  1.8716 -0.2700 19.8756
624 384 -0.5841 -0.8781 16.6294
648 384 -1.8374 -0.3527 20.8553
672 384 -1.6294 -0.1813 17.4106
696 384 -0.4066  1.6275 14.6920
720 384  0.0530  2.9075 16.6384
744 384  0.5627  2.9000 19.5912
768 384 -0.0551  2.8669 20.5588
792 384 -0.4656  4.9497 16.0045
816 384 -2.8249  5.8491 13.6470
840 384 -4.8528  5.9212 14.8241
864 384 -5.1677  3.8396 17.7903
888 384 -4.4469  3.2363 13.4332
912 384 -4.7068  1.5640 17.9577
936 384 -4.3897  2.0504 16.8451
960 384 -4.6027  2.8076 14.0645
984 384  1.6465  0.0730  9.9063
 24 408  0.0006 -0.0074 12.3801
 48 408 -0.0933 -6.8661 14.0474
 72 408  0.1347 -7.0944 14.7192
 96 408 -8.2140 -3.1552 18.4668
120 408 -8.2874 -3.5145 16.2379
144 408 -7.1524 -0.4613 14.0618
168 408 -4.7062 -0.4646 17.1119
192 408 -3.3744 -0.3646 19.3707
216 408 -2.0122 -3.6090 10.9037
240 408 -1.7202 -3.9532 14.9360
264 408  0.4341 -4.8210 16.2521
288 408  0.1051 -4.9288 13.0613
312 408  1.9286 19.4250  8.6005
336 408  6.4745 -4.3151 11.3397
360 408  7.4674 -6.0551 14.1855
384 408  3.3833 -5.7456 13.5402
408 408  5.0456 -0.9635  8.6756
432 408  1.0512 -4.2171 10.2220
456 408  0.8540 -4.3541 12.4277
480 408  1.7360 -5.3479 14.6562
504 408  2.1027 -5.1890 18.5153
528 408  2.1344 -5.2167 17.7731
552 408  2.1206 -5.2267 15.9499
576 408  2.3028 -2.2451 15.5501
600 408  0.9232 -1.2102 17.9077
624 408 -1.0107 -1.5530 16.5860
648 408 -1.5760 -0.8939 20.4772
672 408 -1.2791 -0.1882 21.9022
696 408 -1.3922  1.1404 15.4949
720 408 -1.8004  3.6870 14.8755
744 408 -1.1975  3.1416 16.5862
768 408 -1.8401  3.4538 15.4565
792 408 -2.0444  7.3976 12.5362
816 408 -2.3354  8.0231 10.5063
840 408 -4.3577  6.8296 11.5339
864 408 -1.8302  3.3691 14.0226
888 408 -3.3590  1.0653 14.2903
912 408 -3.0912  2.8885 15.3341
936 408 -4.2879  1.9636 15.5871
960 408 -4.2062  1.9198 15.3126
984 408  1.5695 -0.0015  9.6196
 24 432  0.0135 -0.0127 12.1877
 48 432 -3.9690 -5.3433 10.5083
 72 432 -2.4018 -5.9127 12.3306
 96 432 -8.9244 -4.0731 11.1786
120 432 -8.0377 -3.0865 12.1205
144 432 -2.0127 -4.8372 15.9598
168 432 -2.0594 -4.7632 20.0144
192 432 -1.9201 -5.0499 14.3817
216 432  1.0000  1.0000  7.7217
240 432  1.6167 -5.0002 13.5576
264 432 -5.7758 -2.9647 14.1462
288 432 -6.0434 -2.3429 14.6855
312 432  1.0000  1.0000  7.8498
336 432  9.9417 -7.9217 11.3714
360 432  9.9634 -7.0953 18.9204
384 432 10.3155 -6.1079 16.4075
408 432  7.7831 -3.8222 14.7766
432 432  5.8667 -5.6250 14.8482
456 432  4.2997 -6.7866 19.2448
480 432  2.3591 -5.6668 15.7699
504 432  2.1630 -5.9509 13.8220
528 432  1.8043 -5.7051 14.7686
552 432  1.9697 -5.0868 18.0618
576 432  0.3958 -3.9424 14.8709
600 432  0.6262 -3.0099 16.3467
624 432 -0.6255 -1.4507 19.4753
648 432 -1.0810 -1.1789 22.9639
672 432 -1.1356 -1.2122 20.3970
696 432 -1.1857 -0.2968 17.3154
720 432 -0.3091  3.3850 14.3268
744 432 -1.8498  4.8285 16.0499
768 432 -1.2479  6.0883 17.6251
792 432 -2.1190  7.7249 13.0039
816 432 -2.2758  8.8320 11.0074
840 432 -0.9371  3.1304  9.1344
864 432  0.1240  1.4582 16.4721
888 432 -0.9081  1.2977 15.7505
912 432 -1.1545  1.3285 14.4354
936 432 -0.1408  2.0407 16.4384
960 432 -2.0979  0.0841 17.4784
984 432  0.4829  0.0380  9.8150
 24 456  0.0019 -0.0293 12.7563
 48 456 -3.1928 -4.6899 11.1050
 72 456 -2.1691 -5.7851 17.1794
 96 456 -1.4582 -5.8187 14.0788
120 456 -0.2568 -4.1332 13.3554
144 456 -2.1066 -4.7842 13.9921
168 456 -2.1584 -4.5582 14.6693
192 456  1.0000  1.0000  9.0841
216 456  1.0000  1.0000  7.9158
240 456 -5.0965 -3.1007 17.9489
264 456 -5.7992 -3.2661 17.4787
288 456 -6.0246 -2.9920 20.4018
312 456  1.0000  1.0000  8.7912
336 456  1.0000  1.0000  7.3322
360 456  9.8947 -7.1273 10.4394
384 456  5.7715 -2.8711 12.9998
408 456  6.2049 -2.2907 14.2084
432 456  3.9384 -7.1227 11.0363
456 456  3.4156 -5.8773 20.9308
480 456  3.1709 -5.8444 20.7991
504 456  3.0205 -5.7352 17.6420
528 456  2.0933 -5.4128 19.7962
552 456  0.5815 -4.6253 19.3509
576 456  0.1952 -3.6772 17.2310
600 456  0.5747 -2.5684 16.2549
624 456 -0.2755 -1.9187 17.2990
648 456 -1.4769 -2.6896 24.9733
672 456 -1.2310 -2.1043 23.4665
696 456 -1.2351 -1.6394 18.6504
720 456 -0.3083  3.1358 13.0648
744 456 -0.4589  5.4623 12.8032
768 456 -0.8658  6.4482 14.3810
792 456 -0.9951  7.7361 12.7478
816 456 15.8734 -21.0920  8.6570
840 456 -2.6826  1.9236 11.0730
864 456 -1.3915  2.7741 16.5944
888 456 -0.7964  3.2669 17.6301
912 456  1.1641  3.7461 15.5230
936 456  1.5955  4.0808 14.8665
960 456 -0.5682  1.7288 13.8243
984 456  1.5243  0.0308  9.7423
 24 480 -0.0056 -0.0401 12.9740
 48 480  0.0782 -3.8477 17.4878
 72 480  0.1830 -6.9378 17.2567
 96 480  1.4755 -7.6804 17.3357
120 480  0.3313 -7.8225 20.7080
144 480 -3.5727 -4.9569 14.9182
168 480 -2.7772 -4.0115 17.3377
192 480 -1.9972 -4.8952 15.2289
216 480 -1.7163 -4.4228 10.1391
240 480 -2.1237 -3.8098 18.5959
264 480 -2.5321 -3.6559 15.4639
288 480  1.0000  1.0000  9.3060
312 480 -0.1573  9.9366  9.5310
336 480  1.0000  1.0000 10.3431
360 480  4.1245 -3.6682 12.5425
384 480  4.8503 -2.6364 18.9886
408 480  4.1671 -1.8298 16.1037
432 480  3.0120 -1.0963 11.6397
456 480  8.1498 -5.6859 13.7715
480 480  8.7681 -6.8462 13.1621
504 480  2.9387 -5.6403 18.9881
528 480  2.3705 -5.2937 19.3101
552 480  0.7913 -4.1964 15.6009
576 480 -0.1348 -3.3576 21.3854
600 480  0.5527 -3.0498 16.5751
624 480  0.1512 -3.1732 16.2643
648 480 -1.3673 -3.9634 16.9870
672 480 -1.4437 -2.5436 19.2652
696 480 -1.0941 -1.4562 18.2429
720 480 -1.2354  0.2442 13.5168
744 480 -0.5142  4.4401  9.9620
768 480 -0.1982  8.2854 16.6786
792 480 -1.7347  7.7654 10.7996
816 480 -5.9170  3.0619 10.4248
840 480 -4.1563  3.1922 13.0393
864 480 -4.0140  3.0632 14.4873
888 480 -1.7976  3.8470 15.2166
912 480  0.9214  3.9918 17.2946
936 480  2.3614  4.7713 15.6425
960 480 -0.2559  1.5655 17.4737
984 480  1.6541  0.0399  9.9710
 24 504 -0.0033 -0.0700 12.7050
 48 504 -0.1459 -3.4265 14.7423
 72 504  0.5932 -8.8992 13.5280
 96 504  1.0371 -7.7396 16.4910
120 504 -0.7911 -5.2440 14.8200
144 504 -2.0238 -5.8838 15.5766
168 504 -3.5051 -4.0398 15.7268
192 504 -2.9055 -4.1392 16.2250
216 504 -1.6390 -4.2162 16.1887
240 504 -0.2507 -2.7738 14.1872
264 504  6.0907 -6.2203 11.6951
288 504  2.8053 -8.1825 10.1712
312 504  3.5340 -9.1006  8.1432
336 504 10.1401 -3.9154 15.2618
360 504  3.7959 -0.9711 10.0185
384 504  4.8910 -2.3514 14.0994
408 504  5.8465 -2.3690 11.8145
432 504  8.0069 -5.9164 12.3298
456 504  8.4323 -5.6872 13.2012
480 504  2.4871 -3.9764 13.8618
504 504  4.7310 -4.3753 15.5645
528 504  3.4895 -5.6589 14.4204
552 504  2.2953 -5.0780 13.3278
576 504  1.8659 -3.9759 16.8945
600 504  0.9661 -2.8624 18.2820
624 504  0.6118 -2.8163 15.2922
648 504 -0.0739 -3.6889 15.3504
672 504 -0.7598 -2.4008 17.7837
696 504 -0.9699 -1.2756 17.0495
720 504 -1.4407 -0.5185 15.1680
744 504 -2.0818  6.2566 13.5233
768 504 -2.1487  7.9501 16.3008
792 504 -1.7099  9.5524 10.0187
816 504 -5.6518  5.0768 10.3297
840 504 -5.9326  5.0899 18.1886
864 504 -6.3222  4.8556 18.5875
888 504 -4.0250 -0.5652 11.0648
912 504 -3.9057 -1.0235 15.9561
936 504 -0.0675  1.3662 13.9339
960 504  0.2254  1.0998 20.6980
984 504  1.6609  0.0230 10.1360
 24 528 -0.0176 -0.0510 12.6985
 48 528 -3.0742 -3.7459 13.0898
 72 528 -2.8001 -3.6250  9.8900
 96 528 -2.2836 -9.8499 11.2572
120 528 -2.9138 -2.2440 14.2096
144 528 -3.0011 -2.1855 14.9325
168 528 -3.6673 -3.8005 15.4390
192 528 -0.8865 -4.3265 15.5499
216 528 -0.8390 -4.7479 15.1437
240 528  2.3024 -5.8325 11.6439
264 528  6.1090 -6.1135 16.8010
288 528  6.9023 -7.8485 14.6347
312 528  8.6828 -5.0825 11.1222
336 528  8.9199 -3.0430 13.6805
360 528  3.8283 -1.1841 10.0215
384 528  8.9109 -3.9952 10.7867
408 528  8.2079 -4.9835 14.9131
432 528  7.4378 -3.2976 14.8636
456 528  5.5912 -3.9474 17.8117
480 528  5.5715 -3.9455 19.9510
504 528  5.8517 -4.4650 22.8851
528 528  5.8468 -4.4393 16.6145
552 528  3.6000 -5.0007 14.6832
576 528  2.3640 -4.1826 17.9405
600 528  2.0276 -3.6708 18.4806
624 528  0.8435 -2.3971 13.6870
648 528  0.2290 -2.4175 16.1219
672 528  0.1896 -0.6276 20.2111
696 528 -0.2488 -0.1524 15.8126
720 528 -1.5533  0.4672 16.2958
744 528 -2.2342  0.8591 18.8843
768 528 -0.9534  5.9226  9.4024
792 528 -4.0948 25.9559  7.5108
816 528 -7.6607  8.0420 10.4983
840 528 -6.3769  5.3285 16.5369
864 528 -6.2588  5.1377 15.9517
888 528 -3.8779 -0.8622 17.0681
912 528 -3.9931 -0.9863 19.4158
936 528 -1.7661 -0.2225 12.1793
960 528  0.1074  0.9868 18.5464
984 528  1.6552  0.0434  9.9044
 24 552 -0.0267  0.0085 11.8250
 48 552 -3.7968 -5.3596 17.0494
 72 552 -4.2500 -6.5125 19.1749
 96 552 -1.8341 -8.8722 12.1698
120 552 -3.9103 -2.1625 15.1807
144 552 -2.1260 -1.7669 18.5238
168 552 -2.2568 -2.2974 15.1118
192 552 -2.3122 -4.4633 14.6875
216 552 -0.0381 -5.7870 13.3159
240 552  3.1359 -5.5413 16.1012
264 552  3.9153 -6.9503 12.8185
288 552  5.7015 -6.5963 11.5557
312 552  4.0424 -3.8808 15.5053
336 552  3.9414 -3.8472 17.9402
360 552  3.0089 -1.6771 16.7914
384 552  4.0651 -2.8271 13.4732
408 552  6.8544 -4.5636 14.2788
432 552  9.1330 -1.3383 15.7359
456 552  7.5257 -1.8657 16.7742
480 552  5.9909 -3.3902 19.1992
504 552  5.6232 -3.7862 17.6076
528 552  5.6054 -3.8344 14.5538
552 552  4.7476 -3.3165 17.2833
576 552  3.5799 -3.2447 16.4409
600 552  2.7069 -3.0523 15.5315
624 552  2.7628 -2.9666 16.0403
648 552  1.3286 -2.2560 16.9103
672 552  0.3837 -0.6735 18.8500
696 552 -0.0056  1.2900 17.9257
720 552 -1.5478  0.6604 20.9208
744 552 -1.9956  0.4418 20.5599
768 552 -0.0855  4.0156  7.1208
792 552 -5.0985  6.7534  9.6205
816 552 -6.1991  4.8097 12.9166
840 552 -6.3684  5.1198 12.5432
864 552 -4.8324  1.2927 16.1393
888 552 -3.3004  0.8181 20.6928
912 552 -3.8571 -1.0218 18.1515
936 552 -3.1436 -1.7253 23.3563
960 552 -1.8234 -1.3667 19.7218
984 552  1.6270  0.0177 10.0101
 24 576  0.0087 -0.0147 11.4938
 48 576 -3.2382 -4.2815 14.9815
 72 576 -2.7643 -5.8175 15.5812
 96 576 -2.1718 -7.0090 10.9458
120 576 -4.7059 -1.9351 17.7764
144 576 -2.2560 -1.8268 18.0517
168 576 -2.2593 -2.6784 15.3606
192 576 -2.0160 -3.6320 13.7077
216 576  0.1710 -4.2772 14.6793
240 576  3.0468 -5.6398 12.7828
264 576  5.9991 -7.0140 10.1590
288 576 -0.8941 -4.8425 15.0649
312 576  1.9038 -4.4901 11.6581
336 576  3.0710 -2.5568 18.2090
360 576  3.0676 -1.9274 15.1095
384 576  5.3085 -2.1133 15.9286
408 576  5.8381 -3.2176 15.8328
432 576  6.5860 -3.3342 16.8503
456 576  6.0811 -0.9957 18.7008
480 576  5.9595 -0.9692 17.1491
504 576  5.7976 -1.0768 17.4336
528 576  4.8842 -2.7293 16.8561
552 576  5.3311 -2.9555 14.7195
576 576  5.5114 -4.4803 14.2884
600 576  3.8788 -2.9189 13.6876
624 576  3.3572 -2.0557 15.6793
648 576  1.9580 -1.7269 18.4040
672 576  1.7149 -1.5330 19.0353
696 576  0.8201  0.2243 15.1341
720 576 -0.7740  1.6406 15.3249
744 576 -1.7154  0.2418 15.0085
768 576 -5.2080  6.6749 15.2114
792 576 -6.0370  6.0090 20.3453
816 576 -6.2584  5.5214 15.3525
840 576 -5.8000  4.1112 12.0028
864 576 -4.1275 -0.5326 13.7353
888 576 -4.3110 -0.7889 19.0703
912 576 -3.8131 -1.5908 21.9990
936 576 -2.6145 -1.0416 24.4915
960 576 -1.8473 -0.6968 20.8431
984 576  1.5887  0.0114  9.8694
 24 600  0.0317 -0.0398 11.7034
 48 600 -2.5230 -5.9240 15.4645
 72 600 -2.0212 -5.9356 16.1033
 96 600 -2.0714 -2.2852 17.6581
120 600 -3.9645 -1.8685 14.6410
144 600 -4.0274 -2.6868 12.8829
168 600 -4.0468 -3.0961 13.3129
192 600  0.2635 -5.6162 15.8704
216 600  1.0729 -4.1268 14.3754
240 600  5.7580 -9.5660 18.2987
264 600  5.7157 -7.8921 18.2102
288 600  1.7483 -3.1070 15.3530
312 600  0.4492 -4.2461 15.7863
336 600  3.9706 -2.7723 18.7349
360 600  5.7718 -2.6830 14.6168
384 600  6.2474 -2.4915 19.0322
408 600  5.4366 -2.8700 18.7603
432 600  5.0140 -2.2709 15.6163
456 600  5.8077 -0.9958 17.9214
480 600  5.7914 -1.0939 15.9574
504 600  5.9954 -0.8202 22.6044
528 600  6.0152 -1.3749 15.4424
552 600  6.6855 -3.2933 17.6376
576 600  5.9658 -2.9475 15.3908
600 600  4.2637 -2.5908 14.9506
624 600  3.1564 -1.5847 13.4003
648 600  1.6608 -0.2548 16.7724
672 600  0.1644  0.0229 17.1646
696 600 -0.6927  0.1586 17.5357
720 600 -1.1310  2.2532 17.0250
744 600 -2.1873  4.4958 14.6743
768 600 -5.9759  6.1405 18.2381
792 600 -6.1572  5.9748 17.6930
816 600 -5.8755  4.2336 13.1265
840 600 -4.3015 -0.1289 11.9844
864 600 -2.6717 -1.9682 21.1345
888 600 -2.3709 -1.5316 18.3626
912 600 -4.0906 -1.8116 18.4242
936 600  1.0000  1.0000 10.5595
960 600 -1.1772 -0.0845 13.6329
984 600  0.4376 -0.0312  9.7274
 24 624  0.0051 -0.0967 12.4944
 48 624 -3.7865 -4.8152 14.2677
 72 624 -0.1027 -4.1845 18.6343
 96 624 -0.2978 -3.0648 16.2726
120 624 -1.1823 -1.9871 15.8158
144 624 -3.9775 -2.9674 15.1157
168 624 -2.9280 -5.1109 13.0508
192 624 -2.0622 -6.6592 14.7325
216 624  0.9340 -4.7783 12.8836
240 624  6.5013 -8.1632 15.6099
264 624  5.7938 -7.9694 14.3576
288 624  4.3074 -4.3415 14.3853
312 624  6.1071 -3.7122 12.0182
336 624  4.9080 -1.9231 16.5075
360 624  4.9084 -2.0526 16.3253
384 624  5.8239 -2.4221 16.5173
408 624  7.6507 -2.8109 17.8591
432 624  4.3529 -1.2109 17.7978
456 624  4.8280 -1.6868 17.2590
480 624  4.5671 -2.8232 13.8500
504 624  6.5180 -1.2471 16.8742
528 624  7.4118 -2.0151  8.9533
552 624  6.7949 -5.2014 15.2271
576 624  5.4322 -2.9417 13.9687
600 624  4.8203 -2.1558 13.7797
624 624  0.9001 -0.0700 17.3923
648 624  0.3623 -0.8347 16.9534
672 624 -0.0582 -0.2077 20.0351
696 624 -0.2356  1.6944 18.5240
720 624 -2.8443  3.9798 13.8026
744 624 -2.5884  5.7631 17.1616
768 624 -6.9100 -18.9806  7.3976
792 624 -4.1190  5.1241 12.8319
816 624 -2.8827  2.2206 17.0013
840 624 -2.3498 -0.1714 19.9217
864 624 -2.9407 -1.4172 22.9090
888 624 -1.3310 -1.9362 17.5662
912 624 -3.3737 -4.2451 12.2340
936 624  1.9803 -4.1238 11.2429
960 624  0.0709 -0.7159 14.9997
984 624  1.6709 -0.0057 10.2118
 24 648  0.0105 -0.0598 12.3699
 48 648 -7.9210 -8.2435 12.8312
 72 648 -0.1248 -3.7107 12.8007
 96 648 -1.6379 -4.3776 12.5081
120 648 -1.7155 -4.3335 13.6777
144 648 -2.0419 -4.1178 21.0051
168 648 -1.9065 -3.9274 16.8985
192 648 -0.4016 -7.7989 14.2337
216 648 -0.0055 -7.7608 16.7278
240 648  0.8984 -7.0288 19.4049
264 648  1.4210 -6.9728 19.1130
288 648  7.7230 -1.8296 11.4733
312 648  9.9917 -2.0227 19.8594
336 648  7.0247 -1.9678 17.7098
360 648  6.2087 -1.7585 18.0896
384 648  4.1577 -2.7107 14.5370
408 648  4.0337 -2.8224 13.3901
432 648  4.3160 -2.0270 14.9930
456 648  5.9243 -2.3091 20.4058
480 648  5.1441 -3.9165 15.2105
504 648  7.7561 -2.9951 13.7662
528 648  5.8463 -8.0921 12.9130
552 648  4.0041 -6.8555 11.9740
576 648 -2.0377 -2.4220 13.0082
600 648 -2.0456 -1.7776 17.8596
624 648  0.2427 -0.2349 18.1920
648 648  0.8159 -0.3821 15.7150
672 648  1.0273 -1.3430 16.7938
696 648  0.3293 -0.9268 14.7018
720 648 -3.2298  4.0772 12.5783
744 648 -4.0309  5.1453 16.4022
768 648 -3.1256  7.9831 12.0922
792 648 -4.0804  5.2545 12.3379
816 648 -1.4004  1.0563 17.3926
840 648 -2.8722  0.7652 19.0598
864 648 -4.1290 -1.0750 15.6072
888 648 -5.7627 -2.2158 18.2706
912 648 -3.9736 -5.9074 12.2815
936 648 -3.7947 -6.6718  9.8111
960 648 -0.4619 -0.2631 15.0291
984 648  1.6644 -0.0696 10.1505
 24 672 -0.0032  0.0190 12.5848
 48 672 -5.3056 -7.1001 15.0574
 72 672 -5.8683 -6.6729 12.4062
 96 672 -7.0085 -5.6935 14.9252
120 672 -5.6631 -4.4797 12.4671
144 672 -5.3649 -3.4125 15.8152
168 672 -3.8310 -4.7833 13.2289
192 672 -1.2276 -3.0570 14.3468
216 672 -1.1841 -2.8634 16.2827
240 672  1.0260 -6.9542 15.7404
264 672  1.3123 -5.3167 12.3918
288 672  0.2065 -3.9521 16.6677
312 672 10.6970 -2.0439 11.8050
336 672  7.0329 -1.6721 16.1118
360 672  6.6141 -1.9326 13.8462
384 672  6.2820 -7.4023 13.0425
408 672  8.3212 -3.6943  9.3714
432 672  7.4441 -0.0969 13.9661
456 672  6.6346 -3.2072 13.0988
480 672  6.6125 -5.0044 14.0226
504 672  5.8443 -7.1104 10.9391
528 672  4.8270 -7.0220 10.8867
552 672 -2.1465 -4.1158 13.0137
576 672 -2.5331 -3.4141 19.4896
600 672 -2.1579 -2.0997 23.1585
624 672 -0.7367 -0.0531 15.7026
648 672  1.1080 -3.5688 13.8431
672 672  1.5119 -3.3892 16.9292
696 672  1.7991 -2.9544 13.7524
720 672 -0.8770  2.8419 12.9248
744 672 -0.9319  5.0916 12.0236
768 672 -3.7007  5.4176  9.6892
792 672 -1.1392  3.8706 12.2724
816 672  0.0841  5.9621 14.3265
840 672 -0.3870  5.9503 13.3451
864 672 -6.1038 -0.0789 11.1813
888 672 -6.6787 -2.3624 18.2642
912 672 -5.8554 -4.4436 20.2886
936 672 -5.5326 -5.7067 24.0195
960 672 -4.9388 -7.2605 14.4116
984 672  1.6143 -0.0640 10.0278
 24 696 -0.0110 -0.0391 12.8371
 48 696 -2.2983 -6.2042 13.5611
 72 696 -5.6696 -6.8588 11.4924
 96 696 -6.6761 -5.8837 20.4186
120 696 -6.2926 -5.2278 18.0871
144 696 -6.2295 -4.9746 16.5957
168 696 -5.6360 -5.0341 15.0472
192 696 -4.7510 -4.7242 16.6667
216 696 -1.9521 -2.1015 15.9582
240 696 -0.0021 -1.6507 17.7644
264 696  0.0907 -3.0056 19.3777
288 696  0.1226 -3.7901 23.4084
312 696  0.9976 -2.7295 11.8775
336 696  4.7165 -2.5466 14.1133
360 696  3.0491 -2.0481 11.2147
384 696  6.0741 -7.3069 15.9985
408 696  1.0947 -9.7361 10.0449
432 696  8.0860 -0.7972 16.5983
456 696  8.6583 -2.7614 13.0079
480 696  6.0648 -5.0941 13.8900
504 696  4.8448 -6.8126 14.0910
528 696  1.1760 -8.1974 15.7996
552 696 -0.9279 -7.8145 16.0636
576 696 -2.9478 -3.7513 12.4655
600 696 -6.0811 -1.1170  8.0768
624 696  4.0795 -12.9882  9.1773
648 696 -3.1624 -0.0905 11.8451
672 696  1.8987 -4.8207 13.4912
696 696  0.1043 -0.1813 12.8852
720 696  0.0186  0.0796 13.7302
744 696 -1.7853  3.9305 13.4043
768 696  2.0722  4.1469 12.8985
792 696 -0.1924  2.8998 11.6008
816 696 -0.8923  4.8661 14.9138
840 696 -2.5011  7.0772 17.6295
864 696 -1.0415  6.0761 12.7877
888 696 -4.7634  0.8036 15.3757
912 696 -5.0722 -4.3392 17.0864
936 696 -5.0193 -6.9632 19.6497
960 696 -4.1376 -8.0134 17.6334
984 696  1.6645  0.0084 10.1410
 24 720  0.0028 -0.0406 12.3733
 48 720 -2.8967 -5.2331 17.3657
 72 720 -3.9565 -3.9384 16.3058
 96 720 -4.6543 -4.2732 15.0789
120 720 -5.8773 -5.6310 16.5545
144 720 -6.1042 -5.7698 13.6950
168 720 -6.1789 -6.1951 12.6343
192 720 -6.2104 -6.0353 15.9627
216 720 -2.3718 -2.4416 12.2831
240 720 -0.8491 -0.2325 14.6439
264 720  0.3271 -2.3786 16.3397
288 720 -1.0364 -3.8527 16.4291
312 720 -1.6928 -2.2863 14.6889
336 720  2.0312 -1.1859 15.4473
360 720  5.4656 -3.8931 11.9554
384 720  3.2812 -6.0077 15.5357
408 720  1.9811 -4.2030 11.8245
432 720  9.7582 -0.9419 13.8229
456 720  9.2634 -2.0334 18.3223
480 720  8.6459 -2.7787 14.8446
504 720  6.3203 -3.3250 10.2826
528 720  4.9390 -7.8095 13.4052
552 720  4.1886 -9.1820 15.0933
576 720  4.8673 -9.7716 13.1145
600 720  0.3553 -13.2018 16.7237
624 720  1.8430 -14.0565 18.8978
648 720  2.1053 -0.1684 12.9576
672 720 -0.3241 -3.8527 16.0624
696 720 -0.2993 -4.8722 16.9022
720 720 -0.3427 -6.2067 12.3595
744 720 -0.2398  2.3933 17.9012
768 720  1.8886  4.3714 14.6235
792 720  2.4293  4.2689 13.5618
816 720  1.1007  6.0005 12.9897
840 720 -0.9248  7.5745 16.9023
864 720 -0.4233  4.2031 19.1050
888 720 -1.1139  2.8527 15.4332
912 720  0.8686 -0.8355 11.3377
936 720 -2.8270 -7.3011 14.8620
960 720 -1.0173 -5.8883 14.5759
984 720  1.6334 -0.0448  9.3748
 24 744 -0.0062 -0.0787 12.6441
 48 744 -1.7600 -1.7889 15.0752
 72 744 -2.2401 -0.0656 17.9429
 96 744 -0.0931  0.4390 15.9205
120 744 -3.0312 -5.2596 14.3408
144 744 -2.2277 -5.7575 15.2023
168 744 -2.7365 -5.2173 13.0041
192 744 -5.0720 -7.7161 12.8775
216 744 -5.0038 -1.8418 10.2767
240 744 -5.7690 -0.9572 16.5849
264 744 -4.1925 -1.1421 14.0179
288 744 -2.4305 -4.1848 16.0091
312 744  0.1669 -4.0259 17.0659
336 744  0.1463 -4.0772 16.0927
360 744  3.2492 -6.7667 16.1448
384 744  5.6284 -4.1332 17.0048
408 744  6.0183 -4.3437 10.9301
432 744  8.1734 -7.1111 10.4174
456 744 10.0444 -1.8895 17.2020
480 744  9.8186 -1.0949 14.5879
504 744  1.0000  1.0000  6.6903
528 744  8.1872 -1.4409  8.1260
552 744  3.8752 -9.8799 16.4357
576 744  4.9810 -9.5742 16.5153
600 744  3.6881 -12.2416 12.9173
624 744 -0.7305 -13.0385 11.7576
648 744  1.9254 -0.2738 11.6582
672 744  3.2164 -0.2078 16.0365
696 744  0.1895 -3.0729 15.1300
720 744 -0.0106 -5.1276  8.4118
744 744  0.6567  3.1187 14.4440
768 744  1.5348  3.2574 14.8142
792 744  2.8839  4.2146 15.9607
816 744  2.6808  4.6835 13.0702
840 744  0.0975  8.3764 16.6039
864 744 -0.8416  3.8734 17.6828
888 744  0.8958  4.3282 18.5958
912 744  1.2506  0.1782 15.6934
936 744  1.1965 -0.7810 14.2816
960 744  0.9264 -1.6329 10.3311
984 744  1.6304 -0.0646  9.6240
 24 768  0.0088 -0.0920 12.5930
 48 768 -2.5400 -1.7009 18.8105
 72 768 -1.5373  0.1007 22.3623
 96 768 -0.0726 -0.0990 18.2961
120 768 -3.5997 -6.1058 16.1128
144 768 -3.3258 -6.6061 15.2287
168 768 -0.8414 -3.3094 12.9462
192 768 -4.5283 -7.3199 13.0405
216 768 -4.1622 -5.7925 10.6658
240 768 -4.3926 -1.9368 15.0361
264 768 -3.9571 -1.1764 15.4777
288 768 -0.8199 -5.0879 16.6625
312 768 -0.8028 -5.1725 15.4158
336 768  3.8503 -7.7201 14.4518
360 768  2.2050 -5.7999 14.6631
384 768  4.1212 -6.0519 11.6546
408 768  7.7445 -2.8765 10.8743
432 768  0.9131  1.1647  7.6747
456 768  4.0241  8.1645  9.0175
480 768  3.8480  0.9984 12.1043
504 768  3.2764 -0.7971 14.5942
528 768  6.5571 -1.7105 20.4876
552 768  5.9726 -2.6137 14.9374
576 768  1.9479 -6.1161  8.1914
600 768 -3.0641 -1.7429  8.4174
624 768  0.7111 -7.4120 16.2166
648 768  1.0413 -7.9232 13.5934
672 768  3.1295 -0.1645 16.8235
696 768  3.8000 -1.8680 11.7223
720 768 -3.0059 -1.0917  7.9131
744 768  2.0185  0.0636 10.6129
768 768  2.4416  0.2679 20.1907
792 768  3.6676 -0.1198 12.1786
816 768  3.7494  4.8986 10.7829
840 768  2.0838  9.4424 13.2933
864 768  0.2855  7.9347 12.4128
888 768  1.2961  0.8189 13.7910
912 768  1.0565  0.6439 18.6837
936 768  0.4211  0.0655 14.9600
960 768  0.9798 -2.0607  9.6271
984 768  1.6986 -0.0448 10.0200
 24 792  0.0094 -0.0989 12.6571
 48 792 -3.0148 -1.7981 17.3863
 72 792 -2.2130 -2.1685 15.7178
 96 792  0.0062 -2.0553 18.1691
120 792 -0.1531 -1.1988 13.6337
144 792 -2.8644 -7.1482 16.1561
168 792 -4.2660 -10.1501 11.6514
192 792 -3.4832 -7.0998 17.4042
216 792 -3.0685 -6.9446 17.8261
240 792 -2.1313 -6.7810 13.3033
264 792 -2.1422 -2.0672 14.4726
288 792  0.0103 -5.2031 18.2447
312 792  1.6534 -6.4526 16.8461
336 792  4.8487 -5.0562 15.6491
360 792  5.0957 -5.2143 13.4728
384 792  5.6556 -4.8122 15.4307
408 792  7.9016 -6.1627 15.6648
432 792  9.6833 -4.7756  9.9154
456 792  5.9348  1.9157 14.0291
480 792  4.1588  0.9285 18.6234
504 792  3.0925 -0.8408 21.0926
528 792  4.3729 -1.8751 18.8259
552 792  5.9013 -2.3438 11.9250
576 792  9.5381 -7.6106 19.1686
600 792  6.2081 -7.6735 13.1213
624 792  1.3285 -7.0465 13.2190
648 792  1.5527 -8.9343 14.0626
672 792  2.6134  0.8593 14.9060
696 792  3.2117  0.9589 13.1448
720 792  1.3427 -9.9664 10.9456
744 792  0.0864 -10.9787 12.7439
768 792  2.1832  0.9541 16.6082
792 792  1.7974  1.6034  6.8293
816 792  8.9456  8.9410  7.9034
840 792  2.7161  8.7794 12.3336
864 792  2.0710  7.8953 16.0159
888 792  2.7733  2.9971 14.1580
912 792  2.3186  3.1399 15.6758
936 792  0.3459  2.7457 14.7345
960 792 -2.4465 -5.9448 15.8710
984 792  1.6137 -0.0163  9.8305
 24 816 -0.0021 -0.0813 12.9041
 48 816 -1.8277 -1.6938 19.7731
 72 816 -1.7035 -1.8094 16.2595
 96 816 -0.1029 -0.6157 20.3057
120 816  0.0583  0.5191 21.1150
144 816 -0.0340 -0.7876 14.9286
168 816 -1.1378 -7.2157 10.3761
192 816 -1.9463 -8.8471 12.0025
216 816 -2.6290 -7.2623 15.7883
240 816 -2.1227 -6.7942 15.1860
264 816 -0.1388 -4.8308 19.2986
288 816 -0.7590 -6.6509 18.7506
312 816 -0.3871 -6.0641 14.8339
336 816  4.8405 -4.8108 13.1488
360 816  6.0563 -1.0953 12.1374
384 816  8.2618 -6.0861 10.9868
408 816  8.6128 -6.0943 16.3021
432 816  3.8307  2.9425 14.9569
456 816  6.4834  2.7798 19.0718
480 816  4.6620  1.0076 14.5930
504 816  3.3439  0.0739 21.0107
528 816  4.0054 -0.1909 19.6216
552 816  9.2659 -6.3765  9.6494
576 816  9.8377 -7.7939 15.1287
600 816  4.6402 -4.9164 12.9129
624 816  5.8226 -3.1365 11.1067
648 816  2.3692 -2.8619  9.1244
672 816  2.4767 -3.0251 11.4716
696 816  2.0760 -17.1350 10.2227
720 816  1.9733 -9.2977 11.8690
744 816  0.8355 -9.9836 12.9556
768 816  5.1553  1.9004 14.9188
792 816  4.9643  1.4791 13.1643
816 816  4.8478 10.1065 17.7099
840 816  4.4835 10.1277 15.1778
864 816  2.1957  8.0883 14.9512
888 816  1.7452  3.9724 16.1449
912 816  0.2633  2.7150 20.9891
936 816  0.3497  2.6461 20.3754
960 816 -2.9099 -3.7158 13.6028
984 816  1.5927 -0.0329 10.0638
 24 840  0.0206 -0.0864 12.2292
 48 840 -0.7108 -1.1759 18.6284
 72 840 -1.8058  0.3075 18.7795
 96 840 -0.3091  0.7572 23.3113
120 840 -0.1297  0.5910 24.6735
144 840  2.0535 -3.0527 17.6631
168 840  0.0511 -6.1303 13.7558
192 840  0.2850 -9.1726 15.6954
216 840 -0.3990 -9.9268 12.2251
240 840 -0.2288 -7.3376 18.1876
264 840 -0.5366 -5.1674 17.7008
288 840  0.0279 -6.0001 17.8445
312 840  0.8347 -6.8984 15.7680
336 840  4.7541 -4.0310  8.7533
360 840  9.5996 -5.2404 14.1851
384 840  6.0603 -6.9953 13.8306
408 840  2.1921  7.0422 10.4199
432 840  3.7318  3.5545 18.2357
456 840  4.9571  3.5540 18.3482
480 840  5.6510  1.3348 11.2155
504 840  5.5573  0.8491 13.5014
528 840  7.3244 -0.4389 21.5520
552 840 -37.0686 -1.8816 14.9575
576 840 -0.8499 -0.6754 15.3295
600 840  4.0433 -1.2496 12.6204
624 840  5.2794  0.0625 11.7030
648 840  4.9196  1.9028 12.5735
672 840  3.2163 -2.9351 14.7809
696 840  4.2087 -3.7929 14.1811
720 840  2.0969 -8.9551  9.3378
744 840 -1.8392 -6.2628  9.1668
768 840  3.9134  5.5777 12.3224
792 840  5.3060  1.6838 11.2261
816 840  6.5747  9.0572  9.9487
840 840  5.2776 10.6952  9.1047
864 840  1.8684  4.4486  9.8876
888 840  1.7976  4.1321 19.4863
912 840  0.1843  2.2501 16.4469
936 840 -0.0099  2.4404 17.8655
960 840 -0.8471  1.7442 13.3877
984 840  1.6992 -0.0531 10.3602
 24 864 -0.0095 -0.0522 12.7875
 48 864  0.1725 -0.1035 18.4672
 72 864 -1.7204 -1.8783 20.7223
 96 864 -1.5604  0.1152 18.0262
120 864 -0.9804  0.0010 19.6044
144 864  0.9475 -1.5460 19.9379
168 864  0.8937 -1.9506 17.7082
192 864 -2.8629 -5.8545 12.7963
216 864 -0.7062 -7.7529 12.8467
240 864 -0.2499 -7.0222 17.7253
264 864 -0.0329 -6.3743 19.5704
288 864  0.0943 -6.1857 18.7369
312 864  2.8277 -5.4945 14.2603
336 864  4.9392 -4.0607 13.4093
360 864  4.1212 -5.0383 12.7145
384 864  6.9870 -1.2768 13.9602
408 864  7.0528  0.9788 14.8989
432 864  4.7200  2.9564 17.2508
456 864  5.3447  3.1485 16.0804
480 864  0.2482  1.7910 10.1601
504 864  5.1290  1.7308 10.6203
528 864  7.1277 -0.1887 18.9271
552 864 -37.0123 -0.1030 11.1346
576 864 -1.7594  2.9870 16.8682
600 864  8.7683 -5.1880 13.2906
624 864  6.1721  0.9445 12.3035
648 864  5.2819  1.9191 17.1775
672 864  4.0456 -3.3163 14.8049
696 864  3.8028 -3.7371 19.3587
720 864  0.4294 -0.7456  9.2928
744 864 -5.0293 -3.9361 11.4286
768 864 -8.2301  6.2531 10.8862
792 864 33.4572 13.3109  6.0186
816 864  1.8376  1.1357  9.8270
840 864  7.9115 11.9717 11.3465
864 864  3.1789  6.8761 10.7287
888 864  1.8016  4.0731 16.2674
912 864  0.1609  2.1660 21.2744
936 864  0.1540  2.5883 17.2178
960 864 -0.0022  3.9274 17.1171
984 864  0.4177  0.0922  9.5973
 24 888 -0.0185  0.0204 12.8533
 48 888 -0.5491  1.4874 21.9171
 72 888 -0.0283 -0.9038 20.1328
 96 888  0.0526 -0.9617 15.8276
120 888 -2.8691 -0.8603 18.7141
144 888 -1.9926  0.0460 19.6575
168 888  0.8748 -1.9618 12.6527
192 888 -4.0637 -4.2413 14.5103
216 888 -2.2537 -3.2774 14.6177
240 888 -2.8286 -2.9978 14.2706
264 888 -3.2004 -3.2049 16.5068
288 888 -1.2646 -4.9652 15.9077
312 888  1.3909 -4.3794 15.8525
336 888  4.0329 -3.2519 14.5351
360 888  7.4125 -1.9236 12.3795
384 888  6.8802 -0.9268 11.9876
408 888  7.2256  1.0827 14.5565
432 888  7.5755  3.1643 12.5218
456 888  6.4006  4.8103 15.5791
480 888  3.0436  3.9646 16.1985
504 888  1.8043  1.0055 14.2990
528 888  3.0644  3.2812 14.1870
552 888  2.3046  4.4357 19.3558
576 888  2.3002 -2.9491 12.6870
600 888  2.0632 -3.6570 16.3275
624 888  5.6640  1.2796 13.5175
648 888  5.8716  2.8675 20.8410
672 888  6.1313 -0.8527 13.9424
696 888  3.9712 -2.2326 17.4013
720 888  4.0073 -1.7938 16.1121
744 888  5.8689 -1.7129 10.1994
768 888 -23.1506  5.0820  7.8536
792 888  2.3235 -0.9765  7.7512
816 888  2.9385  1.9565  9.7324
840 888  8.8284  8.2262  9.2589
864 888  5.1957  7.9172 11.4442
888 888  0.2466  1.9717 17.1792
912 888  0.4793  1.6066 18.9210
936 888  0.4148  1.6351 14.5787
960 888  0.0153  4.2004 14.1181
984 888  0.3423  0.1116  9.5346
 24 912 -0.0030  0.0074 12.3993
 48 912 -1.1349  0.3806 20.3546
 72 912 -1.0286  0.0600 19.4665
 96 912 -2.0857 -0.3426 17.8259
120 912 -2.0993 -1.3201 19.8881
144 912 -3.7792  2.0229 16.4498
168 912 -2.5556  0.4715 14.2772
192 912 -5.9727 -0.3775 14.8995
216 912 -5.6936 -2.6902 14.9092
240 912 -3.8824 -2.4082 16.3659
264 912 -3.1577 -2.9878 21.3158
288 912 -1.7909 -3.1405 15.4232
312 912  0.0051 -3.0142 13.2831
336 912  3.6710 -2.9082 11.1619
360 912  7.7445 -1.5216 11.8718
384 912  5.5431 -0.0223 10.7300
408 912  4.8438  0.3542 13.7920
432 912  5.1935  1.1340 11.5141
456 912  6.0768  5.1091 15.6480
480 912  3.4064  5.0710 14.9272
504 912  0.7564  7.2517 10.1375
528 912 -0.5232  1.6291 17.3042
552 912  0.2383  3.0281 13.4006
576 912  1.2582 -3.7386 14.7496
600 912  2.3723 -3.2887 13.9852
624 912  5.1582  3.0302 16.4068
648 912  5.3557  3.3825 16.1037
672 912  5.0391  3.9098 15.8728
696 912  4.0799 -1.6089 16.6571
720 912  4.2472 -1.7019 17.9269
744 912  5.2796 -2.1614 18.3957
768 912  4.0958 -3.2396 13.1357
792 912  6.2265  7.6466 15.0673
816 912  8.8631 11.8198 12.5365
840 912  8.3790  8.7964 11.2860
864 912  5.8976  8.5691 11.6068
888 912  1.8401  3.1608 15.6721
912 912  2.2547  2.1769 17.5674
936 912  1.2321  4.1976 17.5089
960 912  1.3243  4.6044 16.6085
984 912  0.4080  0.0310  9.6070
 24 936 -0.0070 -0.0278 12.8996
 48 936 -0.9481  0.7695 15.2257
 72 936 -1.7437  0.1917 18.3429
 96 936 -2.0052 -0.0488 17.7494
120 936 -2.3993  0.9822 16.9343
144 936 -1.9199  0.8102 18.8223
168 936 -2.0208  0.8790 21.1689
192 936 -2.9282  1.1963 19.6430
216 936 -4.2185 -2.1753 16.8374
240 936 -2.3111 -1.1410 17.6380
264 936 -3.0039 -0.3487 16.6035
288 936 -1.7781 -2.8008 15.4960
312 936  2.6697 -2.8984 13.4797
336 936  3.4690 -3.2841 12.3739
360 936  5.9346  0.0695 11.1948
384 936  4.2343  0.8535 15.4844
408 936  4.1613  1.0674 16.1497
432 936  4.1574  6.8390 13.2339
456 936  3.2173  6.1646 16.0108
480 936  3.1664  6.9135 16.0360
504 936  2.0932  4.9820 13.3732
528 936 -1.0140  0.5448 16.5460
552 936 -0.8268  1.5949 16.8152
576 936 -0.8474 -2.0213 17.3732
600 936  3.8219 -0.2905 14.9771
624 936  5.0285  2.9943 17.3200
648 936  5.0014  5.1925 11.4815
672 936  6.8096  6.2593 12.5855
696 936  5.7672  1.7210 15.4122
720 936  4.4566 -1.3139 13.5995
744 936  4.8409 -2.6402 17.1170
768 936  5.1199 -0.6362 13.5152
792 936  4.5676  1.3077 14.5381
816 936  6.1200  1.7264 11.6538
840 936  8.7581 13.6575 11.8070
864 936  7.1693 10.2276 11.3920
888 936  2.8479  3.2560 11.7076
912 936  3.2231  3.1372 14.9763
936 936  4.0760  5.7170 15.7182
960 936  2.2682  4.1300 14.8731
984 936  0.3355  0.0312  9.5161
 24 960 -0.0012 -0.0095 12.6667
 48 960 -0.7509  1.3241 14.1307
 72 960 -1.0814  0.7958 13.4969
 96 960 -4.2376  0.8806 11.4023
120 960 -4.0606  1.3623 14.1434
144 960 -0.2434  3.8784 15.7569
168 960 -2.8637  1.7906 21.4283
192 960 -2.7814  1.8685 20.7512
216 960 -3.8561 -2.0864 12.6222
240 960 -3.9445 -0.7254 17.4558
264 960 -3.7655 -0.9621 18.4273
288 960 -1.1530 -2.7227 18.8125
312 960  0.7239 -4.1678 14.0754
336 960  1.3718 -4.4307 16.0666
360 960  4.6585  0.8927 13.2027
384 960  3.0008  3.0237 15.7279
408 960  4.7296  1.0625 15.2484
432 960  4.4923  4.9355 12.7592
456 960  4.1899  7.6491 16.9363
480 960  4.0512  8.5715 15.4238
504 960  3.6094  4.8390 14.6059
528 960  1.8819  3.8622 16.3898
552 960  1.8265  3.9131 17.8300
576 960  0.6960  0.0167 15.7906
600 960  5.9004 -1.8389 16.5960
624 960  0.3468  5.4446 12.7040
648 960  0.2096  6.2870 12.6660
672 960  6.1991  8.5591 13.0589
696 960  4.9163  3.7797 14.6912
720 960  4.9913 -2.2353 13.7063
744 960  3.9662 -0.2248 15.3432
768 960  4.1778  0.8017 24.3407
792 960  4.9303  1.5894 23.1881
816 960  4.7967  1.3858 17.3097
840 960  9.1277 14.6224 14.3078
864 960  6.4656 15.5175 10.2216
888 960  1.7358  8.1772 10.3497
912 960  3.1454  4.8604 12.4410
936 960  3.1898  4.2383 16.8865
960 960  2.9858  4.1300 11.5599
984 960  0.4270 -0.0179  9.6896
 24 984  0.0012 -0.0241 15.1835
 48 984 -0.0065 -0.0224 12.2044
 72 984 -0.0127 -0.0133 12.4287
 96 984 -0.0191 -0.0112 12.4068
120 984  0.0017 -0.0114 12.3035
144 984 -0.0446 -0.0046 12.3125
168 984 -0.0207  0.0012 12.4365
192 984 -0.0583  0.0033 12.7437
216 984 -0.0220 -0.0042 12.6668
240 984 -0.0374  0.0002 12.6966
264 984 -0.0347 -0.0116 12.6543
288 984 -0.0325 -0.0266 12.3519
312 984 -0.0055 -0.0331 12.3231
336 984 -0.0274 -0.0382 12.2481
360 984 -0.0134 -0.0207 12.1825
384 984 -0.0119 -0.0089 12.2553
408 984  0.0278 -0.0014 12.2824
432 984  0.0309 -0.0107 12.2366
456 984 -0.0239 -0.0294 12.0453
480 984  0.0137  0.0019 12.3441
504 984 -0.0256  0.0088 12.6308
528 984 -0.0097  0.0031 12.5901
552 984  0.0108  0.0128 12.6979
576 984  0.0179 -0.0090 12.6147
600 984  0.0113 -0.0065 13.1847
624 984 -0.0126 -0.0023 12.8704
648 984  0.0030  0.0051 12.3519
672 984  0.0271  0.0096 12.4603
696 984  0.0028  0.0025 12.6162
720 984  0.0196 -0.0082 12.5036
744 984  0.0393 -0.0098 12.2787
768 984  0.0550 -0.0034 11.9008
792 984  0.0962 -0.0189 11.5713
816 984  0.0426 -0.0181 12.0968
840 984 -0.0281 -0.0098 12.5138
864 984 -0.0309 -0.0057 12.2304
888 984 -0.0407 -0.0159 12.1140
912 984  0.0071 -0.0262 12.1726
936 984  0.0691 -0.0147 12.1772
960 984  0.0124 -0.0067 12.3963
984 984  1.7093 -0.0201 13.8678
