 24  24  0.0267 -1.0169 13.3982
 48  24 -0.0644 -1.1004 10.6025
 72  24 -0.0050 -1.1020 10.5709
 96  24 -0.0868 -1.0831 10.3584
120  24 -0.0342 -1.0895 10.8214
144  24 -0.0538 -1.2482 10.7089
168  24 -0.0200 -1.2408 10.4482
192  24 -0.0543 -1.0339 10.6523
216  24 -0.0279 -1.0402 10.4945
240  24 -0.0816 -0.6824  9.7470
264  24 -0.0164 -0.4494  9.0980
288  24  0.0187 -0.4590  9.6418
312  24 -0.0182 -0.9705 10.3918
336  24 -0.0608 -1.0039 10.4693
360  24  0.0107 -0.7895 10.0036
384  24  0.0000 -0.9002 10.1412
408  24 -0.0546 -1.2004 10.2978
432  24 -0.0076 -1.3550 10.2349
456  24  0.0463 -1.0061 10.3118
480  24 -0.0136 -0.9614 10.3198
504  24 -0.0941 -1.1709 10.2197
528  24 -0.1722 -1.1326 10.0852
552  24 -0.1036 -1.2381 10.3214
576  24 -0.0500 -1.3791 10.7946
600  24 -0.0725 -1.2104 10.4827
624  24 -0.0097 -1.1502 10.4099
648  24 -0.0281 -1.2368 10.7488
672  24  0.0043 -1.2635 10.3004
696  24  0.0111 -0.9640 10.1853
720  24 -0.0187 -0.9471 10.1049
744  24 -0.0100 -1.0659  9.9781
768  24 -0.0247 -0.6830 10.1610
792  24 -0.0144 -0.6475 10.0632
816  24 -0.0197 -1.1682 10.3665
840  24 -0.0160 -1.4096 10.2467
864  24 -0.0001 -1.1112  9.6742
888  24  0.0238 -1.0641 10.0800
912  24 -0.0611 -0.9889 10.3399
936  24 -0.0105 -1.0770 10.2284
960  24 -0.0350 -1.1840 10.6563
984  24  5.3889 -0.8107 10.8504
 24  48  0.0323 -0.0126 11.6222
 48  48 -3.7168  3.1705 13.1994
 72  48 -4.6867  4.0190 14.6706
 96  48 -4.3953  3.2416 12.9351
120  48 -5.6879  3.4057 14.9428
144  48 -5.1907  3.2989 19.3916
168  48 -3.7618  1.3122 16.6375
192  48 -0.5431  2.9540 14.8534
216  48  1.2837  5.0825 13.0361
240  48  1.0408  5.7320 13.1321
264  48  0.8932  5.9331 14.7723
288  48  0.0954  5.6125 18.6841
312  48  0.0314  5.4750 16.2377
336  48  0.2809  1.8360 16.7294
360  48 -0.1897 -0.6753 18.2588
384  48 -2.1160 -2.2055 16.8435
408  48 -2.8149 -1.6039 14.8104
432  48 -2.1898 -2.5816 15.7726
456  48 -2.9417 -1.0901 16.2112
480  48 -1.8951 -0.2956 13.5821
504  48 -1.9723 -0.1140 20.0470
528  48 -2.1094 -0.0801 20.5848
552  48 -1.9531  0.2007 14.3805
576  48  0.7499 -0.2356 12.0930
600  48  1.7879 -4.9436 13.1367
624  48  2.2072 -7.5176 10.4550
648  48  2.0086 -9.6460 14.1144
672  48  0.0584 -4.0387 12.9525
696  48  0.4684 -2.9858 14.5174
720  48  1.2201 -3.7302 13.9909
744  48  0.3797 -2.6388 10.3020
768  48 -0.1321  0.7343 15.9587
792  48 -0.3744  0.7037 16.7707
816  48 -0.3937  0.1373 15.8235
840  48 -0.3595  1.7298 13.0400
864  48  1.7531  0.6473 13.3686
888  48  2.2679  0.3403 11.9242
912  48  0.1926 -0.6625 11.9421
936  48  1.1269 -4.2457 12.6550
960  48 -0.9843 -2.9181 28.1893
984  48  5.6221 -0.0836  7.4099
 24  72  0.0197  0.0685 11.9741
 48  72 -3.9335  4.5631 14.3333
 72  72 -4.3998  5.0873 13.7744
 96  72 -7.1917  4.9679 13.1308
120  72 -7.6146  3.0611 13.3785
144  72 -5.8628  1.8747 16.0759
168  72 -4.0694  1.7720 11.9760
192  72 -1.9499  2.9570 15.4334
216  72 -1.3605  3.4982 13.9179
240  72 -0.9369  4.1064 13.8450
264  72  0.1284  4.9428 15.3800
288  72 -0.0408  4.4672 14.4615
312  72  0.0398  3.8356 14.7282
336  72 -0.5834  0.7359 13.4898
360  72 -1.4394 -0.0184 19.0412
384  72 -1.5279 -0.3915 17.4410
408  72 -3.0565 -1.4841 12.4726
432  72 -3.2680 -3.2315 16.6186
456  72 -3.2473 -3.6471 17.9968
480  72 -2.2573 -2.2923 14.7417
504  72 -2.2953 -0.4717 16.5383
528  72 -2.0442 -0.1503 17.6814
552  72  0.0827 -1.6225 16.5669
576  72  2.7920 -1.6505 16.0346
600  72  1.7777 -2.8743 15.5493
624  72  0.0444 -0.9030 14.0556
648  72 -1.8886 -4.7330 13.8591
672  72 -0.9966 -1.1297 13.4354
696  72 -0.6697 -2.4201 13.9191
720  72 -0.4595 -3.3602 15.3260
744  72 -0.0403 -0.1880 14.2675
768  72  0.2054  0.2708 19.5478
792  72  0.0465  0.2354 16.3364
816  72  1.8827  0.0887 16.6182
840  72  2.9834  0.3138 17.6520
864  72  2.9040  0.1643 16.3903
888  72  2.7442 -0.0908 16.2647
912  72  3.1901 -1.0748 17.9228
936  72  1.1450 -4.0068 10.8894
960  72 -1.8381 -0.7704 23.5934
984  72  5.5745 -0.1072  6.9587
 24  96  0.0142  0.0732 12.0186
 48  96 -5.5917  4.1867 17.2219
 72  96 -7.8204  4.4840 14.0039
 96  96 -5.4706  2.8011 12.2070
120  96 -5.2418  2.4591 15.0546
144  96 -5.4148  1.9139 15.7158
168  96 -5.4082  1.2128 16.2863
192  96 -2.5336  2.9362 19.1191
216  96 -2.3193  3.3421 18.1889
240  96 -3.2168  2.9532 19.0707
264  96 -2.6980  2.7943 17.3064
288  96 -1.0772  2.7647 17.1502
312  96 -1.2036  2.5870 22.0673
336  96 -1.9551  1.5386 16.5611
360  96 -2.0666  0.5116 19.5453
384  96 -2.2657  0.3677 18.2013
408  96 -2.8701 -2.5829 13.4270
432  96 -3.6233 -4.3323 14.4009
456  96 -2.9334 -3.8578 16.7153
480  96 -2.2217 -2.3360 15.7043
504  96 -2.2965 -3.3272 14.5653
528  96 -0.0222 -1.2675  8.9547
552  96  0.1823 -2.4918 10.6926
576  96  1.2577 -1.1768 14.6084
600  96  0.4475 -0.2684 18.1541
624  96 -0.2391 -0.4670 18.0234
648  96 -0.3488 -1.1236 17.7150
672  96 -1.8368 -1.0206 11.4723
696  96 -0.3213 -2.1537 11.7271
720  96  0.1551 -3.6354 16.2643
744  96  0.0367 -2.8143 16.3678
768  96  0.8677  2.1137 14.1808
792  96  0.1442  2.3269 15.7318
816  96  1.7484  0.5570 16.5741
840  96  2.1789  1.1692 17.8633
864  96  1.7079  0.9194 14.1097
888  96  2.2789  0.1830 16.6727
912  96  2.1351 -0.1891 13.8973
936  96  2.6103 -2.8330 14.4200
960  96 -1.0117 -8.1525 11.3460
984  96  5.5132  0.0331  7.4539
 24 120  0.0146  0.0273 12.1009
 48 120 -3.5472  3.4150 18.4388
 72 120 -2.7518  3.4690 15.2454
 96 120 -5.0549  2.0566 17.7224
120 120 -5.4560  3.5439 15.7061
144 120 -4.6051  2.0578 11.6889
168 120 -5.2909  0.8387 16.1760
192 120 -4.4521  2.2072 15.4073
216 120 -4.8453  2.9553 16.9030
240 120 -4.3957  1.8623 17.3746
264 120 -3.7778  0.4100 16.3139
288 120 -2.0913  0.7131 14.1090
312 120 -1.7551  2.0088 21.8457
336 120 -3.0286  1.1645 20.5292
360 120 -3.6583  0.7784 16.7106
384 120 -4.7119 -0.0124 16.9588
408 120 -1.9330 -2.8712 16.7780
432 120 -1.9916 -3.1778 14.9487
456 120 -2.1404 -3.0805 15.5972
480 120 -2.1342 -2.7160 14.0181
504 120 -2.0269 -4.9816 14.3942
528 120 -6.2474 -19.4685 11.4408
552 120 -6.7972 -19.3482 11.0639
576 120 -3.6456 -3.0653 13.5577
600 120 -2.0904 -0.8135 16.0730
624 120 -1.7476 -1.5966 15.2191
648 120 -1.7134 -1.0564 15.4998
672 120  0.5587 -0.0446 13.8853
696 120  2.2417 -0.3918 16.9409
720 120  0.8682 -2.5519 13.6533
744 120  0.0686 -2.2199 14.7250
768 120 -0.0938  1.3594 13.2326
792 120  0.8244  2.3080 12.8350
816 120  1.9230  0.9917 17.3695
840 120  2.1754  1.0932 16.7674
864 120  1.1471  1.1997 14.8955
888 120  0.7417  0.6919 16.2079
912 120  1.8155 -1.8053 15.0674
936 120  0.8746 -3.8172 14.8523
960 120 -2.0844 -6.0658 12.3853
984 120  5.5005  0.0370  7.7102
 24 144  0.0171  0.0459 11.9578
 48 144 -1.6452  3.5174 15.3620
 72 144 -1.6822  3.7144 14.0229
 96 144 -2.2911  3.4487 15.0515
120 144 -3.7232  3.1387 13.8650
144 144 -3.6543  1.8509 15.6797
168 144 -4.4146  1.0970 16.3086
192 144 -4.7795  1.9970 15.1145
216 144 -4.9440  2.6322 15.2742
240 144 -4.9432  0.5358 17.4328
264 144 -4.9880 -0.5630 12.7364
288 144 -4.5559 -1.1894 15.4789
312 144 -3.1750 -0.2582 17.4785
336 144 -3.7468  0.0990 16.5995
360 144 -4.4411  0.5928 14.4742
384 144 -4.0405 -0.9075 14.5937
408 144 -2.2608 -3.0232 16.1684
432 144 -2.1250 -3.0969 15.0441
456 144 -2.3525 -2.5964 14.9454
480 144 -1.7466 -2.4228 15.5271
504 144 -1.5511 -5.6907 15.8327
528 144  5.9329 20.7555  9.1760
552 144  0.2071 -0.2125  8.4784
576 144 -1.9070  0.0696 13.5457
600 144 -3.6039 -2.0601 16.3720
624 144 -2.5494 -1.8470 12.7390
648 144 -1.9965 -0.7731 11.3123
672 144  0.2986  0.7970 13.5414
696 144  2.4053  0.3602 17.3055
720 144  3.1416 -0.1410 17.7306
744 144  1.0138 -2.5608 17.6740
768 144  1.1525  0.8843 16.7568
792 144  1.9736  1.1981 17.6990
816 144  2.0524  1.7304 14.5768
840 144  2.2417  1.5275 13.1869
864 144  1.3098  3.0264 11.0004
888 144  0.3027  2.2994 11.3070
912 144  1.5410 -1.8734 18.9538
936 144  0.6403 -4.1966 15.7088
960 144  0.1339 -5.4005 14.8562
984 144  5.3920 -0.0710  7.5761
 24 168  0.0234  0.0041 11.7975
 48 168 -5.0190  2.2945 13.8451
 72 168 -0.1724  4.9784 13.8538
 96 168 -0.7484  4.0623 18.0571
120 168 -2.2640  3.9179 18.8032
144 168 -2.1238  1.7281 18.6422
168 168 -3.7756  0.6055 12.6597
192 168 -2.2583  0.9350 13.0045
216 168 -2.6634  1.3590 16.8967
240 168 -2.2851  0.0627 14.3404
264 168 -4.0126 -1.5880 12.8306
288 168 -4.2744 -2.2801 15.8874
312 168 -2.4707 -2.4115 17.3666
336 168 -4.1801 -1.0680 17.3931
360 168 -4.4181 -0.7001 17.1680
384 168 -4.2837 -1.7492 16.2484
408 168 -3.3902 -3.9371 14.2493
432 168 -6.3697 -3.1291 13.1254
456 168 -7.2756 -5.9003 15.3332
480 168 -1.9854 -3.8863 12.6224
504 168 -2.1408 -4.9373 15.9447
528 168 -0.8852 -4.3528 12.0219
552 168  0.3347  0.3437 15.6027
576 168  1.2945  1.5322 16.7480
600 168 -1.7038 -0.6520 12.7629
624 168 -2.3317 -2.2570 12.9881
648 168 -2.2686 -1.2789 11.8269
672 168 -0.2659 -0.3255 12.3022
696 168  1.6655 -0.0381 13.7146
720 168  2.4967 -0.0008 15.6102
744 168  3.0650 -1.0842 16.4118
768 168  2.4990 -0.3375 17.4009
792 168  2.1535  0.0589 16.8542
816 168  1.6237  0.2669 14.7484
840 168  0.1210  2.3102 13.5844
864 168  0.9604  4.5598 13.9587
888 168  3.2053  2.9691 13.0607
912 168  1.4314 -0.7364 15.1363
936 168  0.2950 -3.3773 14.0735
960 168  0.5202 -5.0503 13.2022
984 168  5.5398 -0.0651  7.8121
 24 192  0.0189 -0.0247 11.9238
 48 192 -5.2873  1.7436 20.8410
 72 192 -6.0714  1.6917 15.7905
 96 192 -5.2047  3.0154 16.6981
120 192 -4.2629  1.8468 15.3541
144 192 -2.2492 -0.7458 15.4242
168 192 -3.6792 -0.9134 14.8108
192 192 -1.4278 -0.9203 14.5351
216 192 -2.5008 -0.4241 15.1094
240 192 -2.6184 -0.9395 17.0366
264 192 -2.0551 -1.7028 14.7661
288 192 -2.2023 -3.8556 15.1511
312 192 -2.2431 -2.9721 17.1468
336 192 -3.7216 -1.7958 14.6715
360 192 -4.3802 -0.7454 19.5254
384 192 -4.1378 -1.0657 22.2847
408 192 -6.2871 -3.2284 12.7539
432 192 -6.9485 -2.1455 16.7069
456 192 -6.8190 -2.3468 12.7335
480 192 -7.0319 -4.4246 13.6512
504 192 -4.5117 -5.0692 12.2303
528 192 -1.6722 -4.1761 15.9433
552 192  0.2056  0.5107 16.4021
576 192  1.9438  1.6588 16.1959
600 192  0.9642  0.9152 14.7911
624 192 -1.7875 -2.0279 16.7100
648 192 -1.3133 -1.1559 15.3545
672 192 -2.0651 -0.9081 14.9045
696 192 -1.5262 -2.1657 13.2993
720 192  1.0876 -1.1550 12.2868
744 192  3.1123 -0.6236 15.9297
768 192  3.0393 -0.0125 19.0785
792 192  2.0503  0.0944 19.5564
816 192  0.7326  0.1190 16.5233
840 192  0.4785  1.6671 14.1186
864 192  0.9122  4.2530 12.6814
888 192  2.8101  2.3250 11.4685
912 192  3.9102 -0.8653 12.1887
936 192  2.0379 -2.6737 12.2400
960 192  0.1436 -3.9916 14.0962
984 192  5.5244 -0.0211  7.6663
 24 216 -0.0181  0.0136 12.5273
 48 216 -5.7508  0.2940 18.6480
 72 216 -6.7427  1.2923 17.8529
 96 216 -6.7299  2.1182 15.9554
120 216 -4.3257  0.7776 17.0173
144 216 -2.2274 -1.0811 20.4132
168 216 -1.9434 -1.2606 21.4570
192 216 -0.2702 -2.7555 16.9622
216 216 -0.1400 -2.4147 17.2292
240 216 -2.8010 -1.3110 16.7164
264 216  1.2294  0.4819 18.7828
288 216  1.8889  0.5457 21.4744
312 216 -1.3813 -3.8762 15.0884
336 216 -2.2607 -3.4433 14.1024
360 216 -4.5068 -1.1789 16.0145
384 216 -4.0179 -0.0895 15.5312
408 216 -7.9580 -1.9896 16.6870
432 216 -7.6506 -2.2350 14.5472
456 216 -7.3345 -2.2609 13.3688
480 216 -6.1262 -3.2683 14.9129
504 216 -3.7920 -3.7323 15.7371
528 216 -1.8329 -2.2027 14.3694
552 216 -0.1030 -2.0847 12.1508
576 216  1.0715  1.0552 12.3688
600 216  0.9496  1.0598 13.5649
624 216  0.0999  0.1142 14.8274
648 216 -0.3415  0.0573 11.7715
672 216 -3.9878 -2.2866 14.6469
696 216 -3.3931 -4.8787 13.2844
720 216 -2.9611 -5.5456 15.1340
744 216  3.1655 -0.0241 12.5426
768 216  3.8177  0.3798 15.2511
792 216  3.3979  0.9054 18.5736
816 216  2.0583  0.1628 14.9951
840 216  2.5472  0.2684 13.0982
864 216  3.6878  2.0106 11.7619
888 216  3.8003  0.3306 12.2813
912 216  2.5625 -4.0034 17.0427
936 216  2.2065 -3.7272 15.2161
960 216  1.8168 -3.0206 15.6681
984 216  5.5408 -0.0001  7.3800
 24 240 -0.0251 -0.0532 12.5735
 48 240 -1.8888  0.0601 12.6648
 72 240 -6.8506  1.7573 11.8480
 96 240 -4.4126  0.9516 12.6447
120 240 -1.8515 -0.1903 15.2265
144 240 -0.7451 -0.7758 15.9842
168 240 -1.7224 -1.3933 14.8990
192 240  1.7022 -4.0654 15.7955
216 240  0.2156 -2.0309 15.7778
240 240 -1.5723 -0.1876 17.2722
264 240  0.2488  0.3954 18.2164
288 240  1.2773  0.3974 19.1287
312 240 -1.6229 -3.3510 15.2394
336 240 -2.3351 -3.1254 16.3331
360 240 -3.1241 -1.1954 13.3465
384 240 -3.7486  0.6500 14.0441
408 240 -8.2163 -1.8711 16.7798
432 240 -7.6979 -2.1472 15.4034
456 240 -6.0393 -2.0567 15.1539
480 240 -3.9229 -2.2448 16.6516
504 240 -2.9408 -2.2229 17.2214
528 240 -0.1781 -2.4759 16.2916
552 240  0.3046 -1.7874 16.8910
576 240  0.5392  1.0886 16.0645
600 240  0.2459  1.3478 11.1608
624 240 -0.1999  2.8717 13.6041
648 240 -0.2537  2.4103 14.9613
672 240 -4.0232 -2.7698 13.2844
696 240 -5.0230 -5.3905 11.2292
720 240 -0.3758 -4.4873 11.4123
744 240  1.9010 -2.5590 13.2118
768 240  3.4938  0.2750 15.0301
792 240  4.3418  2.1882 17.2216
816 240  4.0863  0.7820 13.4823
840 240  3.9573 -0.6242 16.2486
864 240  3.9193  0.0501 14.1953
888 240  3.8622 -0.4357 13.4322
912 240  2.8844 -4.2805 13.6031
936 240  1.8193 -4.6358 16.4604
960 240  1.7826 -4.5385 13.5290
984 240  5.5321  0.0311  7.6820
 24 264  0.0057 -0.0304 12.1562
 48 264  2.7124 -0.7328 16.8862
 72 264  2.0562 -0.7522 17.4540
 96 264 -0.2434 -0.2819 13.9808
120 264  0.1194 -0.6135 18.9528
144 264 -0.0132 -1.2223 16.1190
168 264 -1.7612 -2.6261 14.0941
192 264 -1.6100 -3.4345 14.0701
216 264 -0.1952 -1.8210 18.9593
240 264 -1.4147 -0.2291 19.5590
264 264 -2.4623 -0.5624 18.1917
288 264 -5.7489 -1.6100 17.0824
312 264 -5.3743 -2.3906 11.0937
336 264 -4.9177 -3.0144 12.2505
360 264 -4.2297 -1.1584 12.7762
384 264 -5.0591 -0.2639 12.1451
408 264 -8.2054 -2.5118 14.6057
432 264 -6.5344 -1.3418 13.8672
456 264 -5.6997 -2.2571 15.8698
480 264 -3.9736 -1.4702 14.0827
504 264 -2.1860 -0.3878 16.1264
528 264  0.0090 -2.0429 14.2935
552 264  0.1950 -1.9112 14.5579
576 264  0.9350  1.5499 14.1445
600 264  1.1794  2.8159 11.1765
624 264  0.9538  2.9963 13.3876
648 264  0.8710  2.2989 12.8971
672 264  2.0688 -1.6684 15.5937
696 264  2.2028 -3.9503 15.7822
720 264  2.0381 -3.8366 13.4870
744 264  2.6176 -1.9890 16.5979
768 264  3.3078  0.1632 15.7338
792 264  4.5147  3.0142 14.2523
816 264  5.9185  1.7432 12.6723
840 264  4.3218  0.3501 13.5993
864 264  3.6254 -0.8572 14.1918
888 264  2.7284 -2.8170 13.7407
912 264  0.9873 -5.4542 13.7339
936 264 -0.6638 -4.8045 15.9878
960 264 -0.1683 -3.1134 13.6313
984 264  5.2895 -0.0254  7.7469
 24 288  0.0272 -0.1042 11.8649
 48 288  3.1699 -1.5898 19.0649
 72 288  2.3209 -0.8520 12.4254
 96 288 -3.2051  0.0137 15.8481
120 288 -0.1736 -1.3045 15.3238
144 288 -0.3120 -1.4696 14.6135
168 288 -1.7207 -2.1892 13.9727
192 288 -2.8001 -4.1328 16.2232
216 288 -1.6906 -2.9778 16.8817
240 288 -2.9816 -1.3992 15.5552
264 288 -3.9090 -2.3838 14.6665
288 288 -5.8871 -3.1635 16.6421
312 288 -6.2041 -3.7841 10.9461
336 288 -7.3772 -7.6092 14.6945
360 288 -10.0111  0.6121 10.5143
384 288 -6.9946 -1.9042 15.0408
408 288 -6.9522 -1.8776 14.5719
432 288 -5.2288 -2.8672 15.2679
456 288 -5.3524 -2.8365 16.2732
480 288 -5.3084 -2.5269 13.2013
504 288 -2.2823 -0.0329 14.7258
528 288 -1.8973 -0.3400 14.5527
552 288 -1.9619 -0.9276 14.1218
576 288  0.2082  3.3636 16.1377
600 288  0.8203  3.4917 14.8633
624 288  2.0711  1.7511 14.8203
648 288  2.8828  0.5500 15.4597
672 288  3.0037 -0.2887 13.4853
696 288  2.9861 -2.0035 14.6540
720 288  3.0864 -1.6864 16.2343
744 288  4.5006 -0.0434 15.1928
768 288  4.9618  0.2001 15.7867
792 288  6.5723  3.3513 12.5202
816 288  7.3346  3.0227 14.8570
840 288  6.1788  2.2893 14.7583
864 288  5.5545 -0.6229 12.8037
888 288  2.1793 -3.2864 11.5107
912 288 -0.2818 -2.3102 14.8906
936 288 -0.3832 -2.2918 13.3390
960 288 -1.7490  0.7435 11.0422
984 288  5.1956 -0.0313  7.2071
 24 312 -0.0064 -0.1663 12.6181
 48 312  2.0073 -2.8137 17.0734
 72 312 -0.7599  1.7384 14.2203
 96 312 -2.6788  0.2705 15.6543
120 312 -2.5027 -1.5336 18.8292
144 312 -2.4308 -1.2685 16.7112
168 312 -1.9811 -1.4037 13.7433
192 312 -1.7468 -1.8797 14.5368
216 312 -3.6337  0.1550 20.2181
240 312 -4.7108 -1.7215 13.3505
264 312 -5.2842 -2.5624 17.4414
288 312 -6.3450 -3.2389 16.4312
312 312 -5.7363 -3.7654 13.7273
336 312 -6.0285 -4.3805 14.2825
360 312 -7.4424 -3.8744 13.1140
384 312 -8.0677 -2.8796 14.9667
408 312 -6.9210 -2.2122 15.3825
432 312 -4.8234 -3.2535 18.6165
456 312 -5.2682 -3.0551 14.7007
480 312 -5.4548 -2.5753 17.2051
504 312 -4.8237  1.7039 15.0374
528 312 -4.0461  1.1344 15.1433
552 312 -1.7915  0.3243 16.8463
576 312  0.8189  6.1177 21.3782
600 312  0.4445  4.0286 18.6464
624 312  2.3413  1.8038 20.9614
648 312  2.1706  1.5928 16.5703
672 312  2.5755  0.9155 12.1700
696 312  3.7006  0.3252 15.7287
720 312  3.4003  0.1130 16.6493
744 312  3.8290  3.4121 14.8919
768 312  3.9902  4.5680 16.5509
792 312  6.3871  4.2196 14.5773
816 312  6.5104  3.1603 14.9287
840 312  5.9971  1.1331 14.8287
864 312  5.7935 -0.3871 13.4921
888 312  1.8990 -0.0469 14.8733
912 312 -1.2046 -0.9341 16.3455
936 312 -1.8208 -0.4572 16.3670
960 312 -3.7612  1.9758 16.0630
984 312  4.7609  0.0245  6.9086
 24 336 -0.0096 -0.0840 12.7270
 48 336  1.9802 -2.6190 19.0263
 72 336  1.3624 -0.0288 14.1062
 96 336 -0.2521  1.2984 14.4572
120 336 -1.5266 -1.7749 18.1717
144 336 -0.0323 -3.1255 14.2756
168 336 -2.2608 -0.3654 11.8659
192 336 -3.3962  0.6057 15.6627
216 336 -3.5403  0.3918 18.5417
240 336 -4.7526 -0.9628 15.4209
264 336 -6.7425 -1.5473 16.3407
288 336 -6.9551 -1.3807 14.6954
312 336 -4.7245 -3.2258 14.9490
336 336 -3.9219 -2.0395 15.0674
360 336 -5.7605 -1.8729 13.7641
384 336 -4.9069 -4.6737 13.0353
408 336 -3.7855 -4.1852 18.2252
432 336 -4.8232 -2.7406 14.8092
456 336 -5.6203 -1.8303 13.2484
480 336 -5.5180 -0.3495 13.0250
504 336 -4.8117  1.8631 14.2228
528 336 -6.2129  0.9675 16.3317
552 336 -5.9015  1.4575 13.5747
576 336  0.3204  5.3208 15.0035
600 336  1.1031  3.0819 18.6000
624 336  1.6730  2.2232 18.3238
648 336  1.8301  2.0516 13.8552
672 336  2.0234  1.3526 16.3786
696 336  2.3905  0.8320 19.0758
720 336  3.1874  0.4523 17.6630
744 336  4.6477  2.3018 13.3782
768 336  7.6851  4.5968 16.2387
792 336  7.9572  2.7596 15.6571
816 336  6.5626  1.1946 12.7541
840 336  7.0901  0.0826 14.8272
864 336  5.7401  0.1538 14.4715
888 336  4.6002  0.7212 14.4415
912 336  0.2277 -0.0246 13.5190
936 336 -1.9190 -0.1096 15.7168
960 336 -1.9773  0.1009 13.2379
984 336  5.5520  0.0932  7.0105
 24 360 -0.0094 -0.0092 12.7717
 48 360  3.3654 -1.8211 19.4681
 72 360  3.2290  0.0156 15.9573
 96 360  2.7439  0.9460 13.4984
120 360  0.4254 -1.7324 13.3961
144 360  1.6739 -3.8226 13.1366
168 360 -2.1995  0.5255 10.3117
192 360 -2.3992  0.6931 15.7900
216 360 -2.1964 -0.0490 15.2516
240 360 -4.2773 -0.7005 15.2398
264 360 -6.9913 -1.3147 17.8165
288 360 -6.3068 -1.5447 12.2781
312 360 -4.0374 -2.8521 15.2717
336 360 -3.7124 -2.0703 13.2379
360 360 -3.5239 -0.1508 13.4544
384 360 -3.0798 -3.2924 16.1540
408 360 -3.7066 -3.1041 20.0690
432 360 -6.4193 -0.5852 17.3930
456 360 -7.1670 -0.0748 20.0538
480 360 -6.3062  0.2830 14.9724
504 360 -1.8463  5.2540 14.0913
528 360 -2.3863  5.5530 13.9231
552 360 -4.9797  2.5970 12.7975
576 360 -1.5880  1.2134 17.2990
600 360  0.3533  1.6703 19.4223
624 360  0.7985  2.2405 17.3525
648 360  0.9105  2.0530 15.8307
672 360  0.4734  1.2282 16.6225
696 360  2.1228  0.7545 17.0061
720 360  2.6444  0.5907 16.9346
744 360  3.2024  1.4437 14.2296
768 360  7.1471  3.8600 15.5363
792 360  8.0395  2.6890 14.5926
816 360  6.1570  0.8973 15.3569
840 360  7.6760  1.1076 16.6341
864 360  6.5687  0.5585 12.1709
888 360  5.6955  0.2689 13.4773
912 360  3.6157  0.4356 16.7140
936 360  2.0114  0.5360 20.8320
960 360 -0.0830 -0.0153 16.6816
984 360  5.6292  0.0124  7.9465
 24 384 -0.0151 -0.0399 12.5704
 48 384  3.3167 -2.2017 15.1220
 72 384  2.0195  0.8442 14.1633
 96 384  2.7785  0.6097 14.2423
120 384  2.7568 -1.0928 12.1718
144 384  3.0372 -3.0709 13.2792
168 384  0.4652 -0.2013 13.2215
192 384  0.2788 -0.4105 18.2161
216 384  0.1524 -0.3199 17.2312
240 384  0.1351 -0.0205 18.1140
264 384 -2.8847 -0.1300 13.8619
288 384 -3.2861 -0.3957 15.1351
312 384 -4.0091 -1.9006 13.4569
336 384 -5.9235 -3.7457 14.3292
360 384 -5.6950 -3.3363 18.6387
384 384 -5.7896 -3.6422 14.9603
408 384 -5.7738 -3.0506 13.1368
432 384 -6.5033  0.1068 19.9828
456 384 -7.6289 -0.3482 21.4081
480 384 -6.7024  0.9456 16.0843
504 384 -2.3195  6.2441 18.8402
528 384 -2.2092  6.0627 19.1921
552 384 -2.5200  4.2365 15.6511
576 384 -1.8114  0.9022 16.2460
600 384 -0.1776  1.8384 17.7346
624 384  0.2060  2.1814 15.5389
648 384  0.5594  2.1302 17.2681
672 384  0.7199  1.7886 18.2831
696 384  1.3930  2.0373 17.1794
720 384  0.1694  1.7826 15.0097
744 384  0.0702  2.1606 16.0372
768 384  2.5349  1.0062 15.0386
792 384  4.8897  1.0934 12.4030
816 384  5.8131  0.8564 12.4424
840 384  7.3445  1.0076 15.3063
864 384  7.6446 -0.0179 13.9979
888 384  6.2581 -0.1851 16.6917
912 384  4.0705  0.6202 15.2524
936 384  1.9424  0.6734 19.0651
960 384  0.1287  0.2947 20.4669
984 384  5.5775  0.0093  7.8455
 24 408  0.0107 -0.0593 11.7361
 48 408  1.8743 -1.1251 17.6036
 72 408  0.2342  0.1286 16.0764
 96 408  1.4825  0.2417 14.9266
120 408  3.7551 -0.8474 11.7942
144 408  4.8795 -5.9068 11.2877
168 408  0.3375 -0.3441 18.4501
192 408  0.3275 -0.6925 17.8538
216 408  0.9170 -1.5887 19.6191
240 408  0.2195 -1.3262 14.5764
264 408 -0.4570 -0.8039 15.6493
288 408 -2.7414 -0.5688 19.6044
312 408 -2.8295 -0.7314 18.8116
336 408 -5.6993 -2.8351 16.1157
360 408 -5.8472 -2.7573 19.6505
384 408 -6.0289 -2.8900 15.1544
408 408 -7.2192 -4.0189 12.2706
432 408 -5.9465  2.6150 15.3403
456 408 -8.0829  3.2284 15.8759
480 408 -5.8785  6.7989 12.3898
504 408 -4.4116  6.1107 13.0964
528 408 -5.8715  4.4772 13.4800
552 408 -5.8161  4.6666 12.2162
576 408 -5.1211  0.3711 17.4569
600 408 -4.0676  1.8589 13.1361
624 408 -1.6071  2.7017 13.6804
648 408 -0.0025  3.2521 16.6530
672 408  0.0091  2.9167 13.5941
696 408 -0.0682  3.0302 13.8933
720 408  0.6257  3.9583 13.2684
744 408  1.6577  4.1523 14.0929
768 408  1.3320 -0.0630 14.6821
792 408  3.5640  0.4262 15.4431
816 408  4.1609  0.8416 11.5233
840 408  8.3720  4.0334 13.9829
864 408  7.1157  0.8762 13.6257
888 408  4.4421  1.9671 13.7706
912 408  2.2343  1.2307 16.4616
936 408 -0.5741  0.3523 16.6397
960 408 -0.0699  0.9461 18.8958
984 408  2.5386  0.0980  7.2236
 24 432  0.0003 -0.0284 12.2556
 48 432  1.9034 -1.1994 18.2965
 72 432  1.5530 -1.0373 19.8860
 96 432  2.1118 -0.8452 14.9380
120 432  4.0247 -2.1488 11.8033
144 432 -0.5763  0.0092 15.4504
168 432 -0.4228 -0.3098 17.5146
192 432 -0.1653 -1.2609 17.0113
216 432 -0.0778 -2.5627 19.9068
240 432 -0.3676 -1.5741 12.7825
264 432 -3.4184 -0.9725 13.0716
288 432 -2.4857 -0.5774 20.0697
312 432 -1.8368 -1.0328 21.8334
336 432 -0.1150 -3.0631 21.6407
360 432 -6.1772 -3.0418 18.5952
384 432 -7.2539 -2.1540 22.9606
408 432 -7.4940 -1.7246 19.8876
432 432 -9.9912  2.7734 16.5756
456 432 -10.0352  2.6040 18.6330
480 432 -7.9666  1.2119 11.3236
504 432 -3.9580  5.4170  9.8587
528 432 -11.5876  5.1435 15.7904
552 432 -11.8284  5.1975 14.3424
576 432 -6.7242  2.2020 23.3674
600 432 -5.1707  2.3414 18.6762
624 432 -2.9054  3.2192 15.5010
648 432 -2.0499  5.0980 11.6143
672 432 -0.2206  4.9844 14.2831
696 432 -1.6932  4.0413 16.6329
720 432  0.4515  4.7987 14.3383
744 432  3.1435  3.4562 11.0606
768 432  3.9776  0.6573 12.4433
792 432  4.2133 -0.0613 16.9715
816 432  4.9974  0.9179 15.1306
840 432  7.9499  3.1016 11.3178
864 432  5.0628  2.2779 14.2134
888 432  4.4834  1.9048 17.6336
912 432  1.6028  2.1441 16.8403
936 432  0.0729  1.8050 18.0881
960 432  0.7171  1.6175 20.2190
984 432  5.1328  0.0145  7.2457
 24 456 -0.0027 -0.0353 12.3898
 48 456  2.2201 -1.8026 14.9692
 72 456  2.5410 -2.6355 16.6492
 96 456  2.3778 -3.4394 17.8189
120 456  0.2008 -1.0216 16.8129
144 456 -0.0726 -0.7563 18.4739
168 456  0.0059 -1.0850 15.8746
192 456 -0.5040 -1.6074 16.0276
216 456 -0.7018 -2.2023 16.7648
240 456 -3.7758 -1.9715 14.7788
264 456 -4.2062 -1.6779 20.2758
288 456 -2.0447 -0.6392 17.0675
312 456 -1.8320 -1.2473 18.7879
336 456 -0.3413 -3.1443 14.8128
360 456 -5.9309 -3.3602 13.7921
384 456 -7.0811 -2.9407 21.8584
408 456 -7.4797 -1.9076 21.9221
432 456 -9.8962  2.9658 13.0249
456 456 -10.0234  2.1162 17.0416
480 456 -8.2457  1.2079 14.6091
504 456 -11.1269  4.2035 12.8701
528 456 -11.5342  4.7952 19.8721
552 456 -11.8418  4.4789 20.7154
576 456 -7.0332  2.7741 21.0749
600 456 -4.1867  4.1105 18.9320
624 456 -2.4174  5.0294 14.9994
648 456  0.3067  5.6657 15.5118
672 456  2.1644  5.7864 18.3158
696 456  2.5752  5.3186 12.4859
720 456  3.5444  5.3613 14.3350
744 456  3.9032  5.2057 12.7457
768 456  3.2210  2.9872 13.4241
792 456  4.9874 -0.2733 19.2330
816 456  5.7059  1.0638 17.3117
840 456  7.4657  0.9925 14.8193
864 456  7.8695  3.0231 14.6986
888 456  6.5919  0.4282 10.3120
912 456  1.3092  3.0258 14.4144
936 456  0.9307  2.8124 16.4909
960 456 -0.0056 -0.0557 14.5501
984 456  5.1186 -0.0271  7.2611
 24 480  0.0042  0.0015 12.4667
 48 480  3.3173 -2.6898 14.6168
 72 480  2.9275 -3.8961 15.9803
 96 480  2.2462 -3.4867 18.4982
120 480  0.6330 -1.1630 15.7473
144 480  0.4524 -1.0902 15.9900
168 480  1.7347 -1.4029 14.6849
192 480  1.6710 -1.1757 18.6158
216 480 -1.6238 -0.9979 13.7887
240 480 -3.3574 -1.5895 14.6036
264 480 -3.7191 -1.9327 16.1525
288 480 -1.5947 -2.0074 15.2270
312 480 -2.1589 -1.7484 19.6834
336 480 -1.8655 -3.7858 11.5860
360 480 -2.1088 -4.3833 15.8764
384 480 -2.7399 -3.9096 14.3667
408 480 -4.2585 -3.1576 13.8537
432 480 -4.9705 -0.7540 10.5601
456 480 -9.8651  0.9354 12.7103
480 480 -8.3547  1.0383 11.4228
504 480 -9.2352  2.8981 11.4957
528 480 -9.2134  3.1205 15.0362
552 480 -6.2987  2.8079 18.5197
576 480 -7.0818  3.7920 14.8127
600 480 -2.8497  5.7227 16.0522
624 480 -2.1889  5.7470 15.6888
648 480 -0.6995  4.1506 18.3242
672 480  0.7698  3.9517 15.2652
696 480  1.2330  3.9109 13.6727
720 480  2.8672  8.7442 14.8774
744 480  3.8763  6.5193 14.6650
768 480  5.3254  0.3097 13.5348
792 480  5.1171 -0.5154 15.7391
816 480  5.1684 -0.0366 16.8030
840 480  7.0028  0.7396 15.7823
864 480  7.6805  2.9725 14.6852
888 480  5.2915 10.2659 10.9743
912 480  3.1073  9.0858 13.4434
936 480  0.4706  4.9031 13.3284
960 480 -0.0493 -0.3318 12.1203
984 480  4.9159  0.0130  7.1286
 24 504  0.0027 -0.0296 12.5304
 48 504  3.9710 -2.6442 15.1774
 72 504  3.3836 -4.0293 18.5823
 96 504  4.8525 -3.3039 12.9556
120 504  5.2956 -2.8491 14.1061
144 504  4.8857 -2.8890 12.3711
168 504  3.8887 -2.2831 12.9068
192 504  0.4142 -2.0529 12.8143
216 504 -1.8473 -2.1123 14.9977
240 504 -3.6403 -2.1559 14.4418
264 504 -2.8352 -3.0888 12.4649
288 504 -1.2559 -4.0683 16.6218
312 504 -0.0880 -2.7359 15.8536
336 504 -0.2763 -2.7469 12.8326
360 504 -1.6447 -3.1340 14.9153
384 504 -0.8520 -2.6831 17.2023
408 504 -0.8210 -0.8372 16.7092
432 504 -1.0061  0.4120 17.0814
456 504 -0.1009  1.8507 16.5426
480 504 -4.0589  3.7499 14.7567
504 504 -5.7941  2.3639 19.4988
528 504 -5.8114  2.6627 19.5676
552 504 -6.1523  2.8586 15.2366
576 504 -4.0978  3.3718 15.0491
600 504 -3.9308  3.7543 13.2296
624 504 -0.7381  5.7690  9.0436
648 504  0.0422  1.8699 16.2522
672 504 -0.0039  1.6873 17.2976
696 504  0.8974  3.9337 15.5933
720 504  2.9580  8.7300 10.7294
744 504  5.3166  2.6795 12.4689
768 504  5.7826  0.5297 17.5093
792 504  5.6084  0.2438 12.8538
816 504  4.3522 -0.7618 14.1506
840 504  4.0120 -0.6535 15.2506
864 504  1.5681  3.2747 13.2323
888 504  0.1319  3.8011  9.6974
912 504  3.6202  9.2940 13.3956
936 504  3.5200  6.5142 16.3942
960 504  3.8828  5.8111 12.7135
984 504  3.0164  0.0262  7.3914
 24 528  0.0135 -0.0802 12.6023
 48 528  4.2058 -2.1336 17.5547
 72 528  3.9346 -1.0904 12.0644
 96 528  4.0977 -0.1260 11.3092
120 528  5.5832 -2.8951 13.7864
144 528  4.9340 -2.7571 14.6567
168 528  4.8916 -3.5527 11.9969
192 528  0.1002 -2.5950 12.2346
216 528  0.2335 -2.1600 11.7931
240 528 -2.3260 -6.1949 12.2975
264 528 -1.7338 -6.0600 12.3846
288 528 -0.2493 -5.0737 17.9528
312 528  0.1623 -3.6849 14.7547
336 528  0.2363 -0.0546 14.7084
360 528 -0.2575 -1.0691 17.0604
384 528 -0.3453 -1.3009 14.2723
408 528 -0.1903 -0.3252 16.7163
432 528 -1.4804  0.9689 20.8362
456 528 -1.5614  1.2111 15.3957
480 528 -3.3073  3.2245 17.0347
504 528 -3.5247  2.9114 16.6077
528 528 -2.1627  2.5719 15.5040
552 528 -3.0759  4.1994 14.6707
576 528 -5.8253  4.0519 13.8988
600 528 -5.1268  2.8629 10.3997
624 528 -4.2307  0.1756 10.0098
648 528  3.6779  3.4091 11.7778
672 528  2.3209  3.0703 14.9695
696 528 -0.1296  1.6542 15.4209
720 528  0.3139  1.7987 11.5053
744 528  5.1770  5.1871 12.2523
768 528  5.9256  0.0965 15.9489
792 528  6.9036  0.7137 13.4936
816 528  6.8436  0.8176 12.8362
840 528  4.0459 -0.9894 13.5910
864 528  0.8489  1.0604 14.9782
888 528  0.7270  2.0089 11.9396
912 528  3.0554  8.9419 11.7697
936 528  4.5719  5.9645 16.8717
960 528  3.8907  5.0502 11.7995
984 528  4.8854 -0.0345  7.3176
 24 552  0.0184  0.0396 12.1409
 48 552  3.9710 -1.3220 17.3291
 72 552  2.8864  2.9205 12.9375
 96 552  4.2357  2.1273 15.7686
120 552  4.8790 -2.6374 14.7219
144 552  5.9160 -3.9678 12.3665
168 552  6.3220 -4.3311 12.0506
192 552  5.8492 -1.2601 12.0847
216 552  0.4865 -4.3467  9.6845
240 552  0.0288 -7.4930 12.6596
264 552  0.0347 -6.8992 15.6094
288 552 -0.5600 -5.6661 17.9819
312 552 -0.1751 -3.3091 14.0730
336 552 -0.9320 -1.1957 14.2167
360 552 -0.1844 -0.3230 13.9135
384 552  0.1354 -0.2052 17.9812
408 552 -0.5040 -0.0684 20.2466
432 552 -1.7791  0.5441 19.4812
456 552 -3.2675  2.1575 16.2119
480 552 -3.4085  2.5508 13.7202
504 552 -2.2344  2.5889 15.5496
528 552 -3.5602  2.8216 14.3870
552 552 -3.8628  4.3893 11.1912
576 552 -5.9588  4.4615 13.1206
600 552 -3.8762  3.6757 11.2480
624 552 -2.0921  0.6711 13.6590
648 552  3.9078  5.8990 13.5003
672 552  3.6388  4.5411 15.4183
696 552  2.3071  3.0797 15.2733
720 552 -0.4307  0.3920 13.1086
744 552  4.1850 -0.1773 12.5399
768 552  5.8717 -0.4719 15.6608
792 552  6.8248  1.2857 14.0388
816 552  7.9588  2.8723 13.6379
840 552  9.7953  1.0000  9.3618
864 552  0.9300  0.8211  8.0776
888 552  4.1363 10.0621  9.0605
912 552  4.6245  8.3183 12.4248
936 552  3.9950  2.3313 11.2974
960 552  3.8244  0.7111 11.3082
984 552  5.5088 -0.0445  7.8093
 24 576  0.0338  0.1722 12.0935
 48 576  4.5051 -0.1344 12.0646
 72 576 10.4498  2.1380 13.4469
 96 576 11.4522  0.1797 15.1225
120 576  7.8377 -1.4745 11.8389
144 576  5.9269 -5.0085  7.5565
168 576  7.4155 -7.1214 12.5159
192 576  6.9523 -2.2139 11.2917
216 576  5.1704 -1.6756 10.9505
240 576  0.8483 -7.8817 19.4943
264 576  0.6396 -6.9952 20.0553
288 576 -0.8688 -5.8634 17.9648
312 576 -2.4046 -3.7465 16.4946
336 576 -1.4692 -3.2212 14.6123
360 576 -0.6025 -0.7330 15.8348
384 576 -0.0334 -0.0421 20.8642
408 576 -0.3810 -0.0915 20.9551
432 576 -1.2687  0.5344 15.3048
456 576 -2.4770  3.1432 13.0690
480 576 -3.6103  3.9593 12.9991
504 576 -4.6111  1.6566 12.7799
528 576 -6.1958  0.9608 15.6180
552 576 -5.8559  3.0660 11.9424
576 576 -3.2163  8.1006 11.5664
600 576 -0.9691  7.4441 11.2803
624 576 -2.0613  1.0749 15.0280
648 576 -0.0660  0.8819 14.9401
672 576  1.9227  4.6028 16.7603
696 576  2.0803  3.9791 18.2519
720 576  0.6339 -0.1122 16.7524
744 576  2.2826 -1.6960 13.6861
768 576  4.8827  2.1268 13.7652
792 576  5.5721 -0.2961 15.2117
816 576  7.8539  2.8083  9.7155
840 576 11.1522 -3.1909 20.8531
864 576  9.9962  4.0685 10.8181
888 576 10.9366  4.3810 14.0178
912 576  9.2662  6.1190  8.6802
936 576  5.0164  3.4162 14.3982
960 576  2.2006  5.0440 17.7365
984 576  5.3012  0.1171  7.9669
 24 600  0.0287  0.1161 12.7264
 48 600  8.7317 -1.3162 10.4669
 72 600 11.9025  2.8740 14.0877
 96 600 11.9143  0.8260 12.8358
120 600  9.4752  0.1734 12.0390
144 600  7.6643 -6.5861 11.0386
168 600  7.9732 -6.3970 14.3735
192 600  7.1406 -3.7866 12.2644
216 600  6.0713 -2.9557 11.9822
240 600  3.8673 -4.0730 11.8934
264 600  1.5305 -6.5637 14.2469
288 600  2.1291 -5.2224 15.0600
312 600  0.1304 -3.7420 15.3996
336 600  0.2609 -4.9224 15.5025
360 600 -0.3111 -4.9979 15.7424
384 600 -0.1481 -0.4589 16.5959
408 600  0.0924 -0.2517 18.6165
432 600 -0.2395  0.6907 17.3535
456 600 -0.2246  2.1287 19.3963
480 600 -1.3765  4.0993 18.0486
504 600 -5.9296 -0.5664 12.2316
528 600 -7.0300  0.1085 16.8015
552 600 -5.9043  5.6453 11.3890
576 600 -4.2505  6.9261 15.9253
600 600 -0.9584  7.3778 13.0254
624 600 -0.1035  6.2486 15.5560
648 600 -0.3381  4.0563 18.1778
672 600 -0.2806  4.4232 17.0025
696 600  0.4220  5.7587 17.7085
720 600 -0.0513 -1.8806 13.4727
744 600  1.7469 -2.7872 15.6916
768 600  2.0628  3.8802 10.5695
792 600  6.0883 -4.5486 16.4576
816 600  8.9430 -3.7872 15.4716
840 600 10.3572 -2.3438 22.6712
864 600  8.6963  1.2839 10.4312
888 600  8.1505  3.4562 13.1160
912 600  2.7104  4.8308  8.8452
936 600  2.8219  4.3260 11.1788
960 600  1.9455  5.0051  9.3651
984 600  4.4594  0.0332  7.3935
 24 624  0.0068  0.0461 12.3413
 48 624  5.8073 -2.7736 18.2567
 72 624 12.8735  0.3896 13.9829
 96 624 11.0922  1.2227 10.7339
120 624 10.0079  2.8322 14.3238
144 624 10.0974 -2.4173 11.0838
168 624  9.9466 -4.2837 18.0574
192 624  9.8523 -3.6535 13.8321
216 624  7.9757 -2.7413 14.6482
240 624  6.6472 -2.1876 16.0239
264 624  4.7290 -3.7579 13.2425
288 624  6.6479 -0.2132 10.3776
312 624 10.1932 -0.5421 10.7210
336 624  0.5846 -5.1790 10.8774
360 624 -1.5169 -5.8449 14.0559
384 624 -1.7503 -3.6233 13.2417
408 624  0.8212 -3.0681 14.9142
432 624  0.7666 -2.4095 14.7778
456 624  0.6498 -2.1582 19.5680
480 624 -4.7071 -6.0151  8.5933
504 624 -8.6945 -6.7888 15.5070
528 624 -7.6489 -0.0815 14.4060
552 624 -7.7753  2.9339 12.5680
576 624 -7.6298  4.9527 13.2166
600 624 -1.0812 10.5635 11.3657
624 624 -0.0765  9.6961 12.2291
648 624 -1.3903  4.1137 18.5631
672 624 -1.1808  3.9345 20.0064
696 624 -1.0048  3.8766 18.4198
720 624 -0.2088 -3.7783 12.2983
744 624  0.1553 -4.6033 15.4352
768 624  1.9367 -6.0685 15.8204
792 624  4.7932 -5.5750 15.6158
816 624  6.1418 -4.8197 15.9865
840 624  5.8116 -2.3418 15.8463
864 624 10.0052  0.3297 11.4814
888 624  7.1769  3.3652 13.2066
912 624  2.3418  4.3264  7.0700
936 624 -9.9173 11.7292 12.0804
960 624  8.3176  7.8096  7.4715
984 624  5.3995 -0.0308  7.5107
 24 648  0.0161  0.0048 12.2918
 48 648  5.6155 -1.3160 19.8489
 72 648  8.0430  0.7595 13.7019
 96 648  8.9933  3.1183 16.1839
120 648  9.8733  4.7099 12.3719
144 648 10.2966  0.6498 10.9921
168 648  8.9446 -1.8660 15.9825
192 648  9.9161 -3.5397 19.3762
216 648  9.9639 -1.3908 13.2472
240 648 10.1444 -0.6144 13.8134
264 648  5.1166 -0.4563 12.4575
288 648  5.6478  0.0723 16.7399
312 648  6.0997 -0.1951 13.3185
336 648  9.2173  3.8288  9.5569
360 648 11.7633 10.1981 11.8115
384 648 -1.9250  0.0093 12.6609
408 648 -1.6676 -3.9003 15.9065
432 648  0.1039 -3.2769 15.7475
456 648 -0.0799 -4.5051 19.1583
480 648 -0.1766 -2.2450 15.4618
504 648 -8.4049 -6.7985 11.9992
528 648 -8.0119 -7.0352  9.7853
552 648 -8.5242  1.9796 17.6505
576 648 -8.7649  3.1139 17.9812
600 648 -0.2901 10.3454 13.3839
624 648  0.0981 10.1252 17.1997
648 648 -1.8559  3.2844 18.1266
672 648 -1.2007  3.3104 23.0516
696 648 -2.1366  4.1188 14.0031
720 648 -0.7116 -4.1749 15.2445
744 648 -0.2795 -5.0751 17.9217
768 648  0.3974 -6.3477 11.7710
792 648  4.5703 -4.8749 11.8694
816 648  5.6273 -4.8428 17.3606
840 648  4.7886 -2.8124 19.0391
864 648  3.9744 -2.1305 16.5222
888 648  6.9686  2.1393 10.1440
912 648  7.0822  5.0472  7.2007
936 648  7.5156 10.0748  9.0437
960 648  7.6746  8.5243 15.2205
984 648  5.5369  0.1382  7.8575
 24 672  0.0037 -0.0296 12.2001
 48 672  5.3366 -1.2476 20.0593
 72 672  4.7142 -1.4068 15.3292
 96 672  2.7382  4.2782 14.1535
120 672  9.2854 -3.1762 12.6481
144 672  6.0371 -2.4711 16.8999
168 672  5.9435 -2.5219 14.1029
192 672 10.1040 -1.3381 17.7174
216 672  8.5420 -0.5731 14.2260
240 672 10.1152 -0.2360 19.1288
264 672  5.1161 -0.0522 12.3663
288 672  4.5189  0.0913 18.4642
312 672  5.7039 -0.7307 14.7945
336 672  5.5044 -0.9860 12.0468
360 672 13.8129  8.0377 11.6599
384 672  0.1234 -2.3563 16.2014
408 672  0.2952 -2.7424 21.6326
432 672  0.1438 -2.9991 17.5197
456 672 -0.2341 -5.0511 17.7246
480 672  0.0292 -2.4608 20.2693
504 672 -0.2375 -3.6822 19.1569
528 672 -0.1502 -3.4505 17.9795
552 672 -8.7725  4.1051 16.9225
576 672 -8.0348  4.0421 13.7544
600 672 -4.2076  0.4433 13.9346
624 672  0.2264  8.9173 12.9567
648 672 -1.9588  3.0778 12.5084
672 672 -2.8260  5.0112 13.5006
696 672 -3.7341  0.3882 12.7970
720 672 -3.8359 -2.0430 11.4073
744 672 -5.9294 -2.1736 12.7852
768 672 -3.4671 -4.9824 11.7307
792 672  1.6706 -4.6612  9.6687
816 672  5.0777 -3.3687 15.0835
840 672  5.1016 -1.5961 16.3405
864 672  7.1594  1.8262 12.2160
888 672  8.7506  1.8807 11.8352
912 672 -10.6882 -39.0157  6.3115
936 672  5.8587  9.2557 10.2898
960 672  5.8046  7.7697 14.4244
984 672  5.3676  0.1041  7.9532
 24 696  0.0180  0.0290 11.7841
 48 696  5.8184 -0.4090 14.3022
 72 696  6.0705 -2.6456 13.9314
 96 696  4.3299  4.2659 12.8563
120 696  7.0787 -2.0567 13.2661
144 696  5.8271 -2.4958 19.0027
168 696  5.8334 -2.7952 17.0188
192 696  8.9790 -1.8373 14.8694
216 696  8.2559 -0.8300 15.6634
240 696 10.0402 -0.2932 18.7846
264 696 -0.1143  5.0631 13.5482
288 696  0.0004  5.4426 16.1937
312 696  0.7584 -0.3976 11.7527
336 696  3.8410  0.1354 15.5344
360 696 11.0784  5.9909 11.6272
384 696  0.1524 -3.8694 12.3968
408 696  0.2222 -2.8899 21.2859
432 696 -0.4077 -2.9242 10.9147
456 696 -2.1570 -15.3900 13.1633
480 696 -0.0203 -5.1055 13.4852
504 696  0.0218 -4.5117 17.8724
528 696 -0.2831 -3.1452 12.0886
552 696 -5.0854  5.8474 11.8574
576 696 -4.3461  3.2645 13.7261
600 696 -3.2775  2.1661 16.2652
624 696 -3.6982  3.1659 13.1493
648 696  0.0203  7.0980 11.8229
672 696 -0.0358  6.7310 13.0581
696 696 -2.8312  3.8823 14.9907
720 696 -3.2264  2.8222 18.7887
744 696 -1.1453  4.3859 11.5684
768 696 -3.8087 -2.1654 10.9805
792 696  0.8196 -5.4830 13.3775
816 696  4.3294 -3.0721 15.2887
840 696  6.7371 -0.0262 16.0868
864 696  5.2406  5.2639 16.7701
888 696  1.2593  6.9044 13.2046
912 696  5.9589 11.4099 16.4270
936 696  5.7100  6.4177 13.8371
960 696  2.8257  6.7561 12.7493
984 696  5.1145  0.0343  7.3010
 24 720  0.0274  0.0408 11.8047
 48 720  5.0252  1.1918 16.0529
 72 720  4.0581 -1.0539 15.7272
 96 720  5.9444 -4.0142 10.5012
120 720  6.4719 -2.6786 14.3390
144 720  6.6541 -2.9097 18.7061
168 720  5.3481 -2.4959 15.3783
192 720  5.2292 -2.4294 17.3997
216 720  0.0154 -1.7750 13.7353
240 720  2.0199 -0.0310 13.7169
264 720  0.0339  5.2059 20.8867
288 720 -0.2845  5.9060 21.3182
312 720  0.6217  0.7659 13.7620
336 720  1.1411 -0.6441 22.1843
360 720  3.0387 -1.0814 14.8856
384 720  2.2059 -0.0412 12.1742
408 720  3.8315  1.8290 13.3852
432 720 -3.0947 -13.1982 12.8775
456 720 -3.8899 -12.2026 11.5777
480 720 -3.9255 -12.3710 11.2858
504 720  2.6690 -4.3562 14.8576
528 720  3.0913 -3.1523 16.9445
552 720  4.6377  5.3176  8.3892
576 720 -1.0786  5.3928 10.3762
600 720 -3.5988  6.1876 13.5395
624 720 -4.0164  6.0955 13.6181
648 720  0.5606  5.6826 14.9201
672 720  2.2222  6.2608 12.4236
696 720  0.0034  5.9959 10.4066
720 720 -3.1738  2.2767 14.2648
744 720  0.5118  5.5467 11.1298
768 720  4.7396  5.4096  9.3726
792 720 10.4126  1.0139 10.4794
816 720  8.9272  0.2552 10.3626
840 720  5.7371  1.7736 15.9988
864 720  5.4721  5.4507 17.1833
888 720  4.3814  6.0637 13.3645
912 720  5.6098  3.2679  8.9508
936 720  4.4966  3.9645 11.9443
960 720  2.5012  5.9314 11.1528
984 720  5.5104  0.0419  7.4789
 24 744 -0.0219  0.0271 11.5495
 48 744  5.9686  0.0928  8.8219
 72 744  5.8186 -0.0930  9.4677
 96 744  6.1034 -9.3036 11.4938
120 744  6.0177 -3.7084 17.4586
144 744  6.6619 -3.1393 16.9463
168 744  4.6911 -2.4059 18.8274
192 744  2.6942 -3.0377 16.7435
216 744  2.3819 -3.3088 13.2752
240 744  3.2292 -7.3451 13.7324
264 744  1.0394  7.0427 13.6620
288 744 -0.1797  5.3737 19.9198
312 744  0.9496 -0.0438 14.8922
336 744  0.9049 -0.6812 21.7568
360 744  0.7410 -0.4135 20.2100
384 744  1.1293 -1.8028 16.5550
408 744  4.0838  2.3537 14.6967
432 744  4.1172  2.4127 17.3714
456 744 -1.7744 -6.9076 13.2807
480 744 -1.6077 -6.4029 15.4977
504 744  3.5777 -3.1435 12.5212
528 744  4.9420 -2.2965 16.2338
552 744  2.8982  6.9116 12.0385
576 744 -0.1342  7.9432 14.8741
600 744 -1.8921  8.0614 14.3703
624 744 -1.8444  6.2739 13.4095
648 744  1.0446  5.8568 17.7101
672 744  2.7464  7.9725 11.7880
696 744  2.1511 13.3217 14.4460
720 744  1.9614  7.3388 13.6103
744 744  3.6848  4.0050 12.3072
768 744  8.2153  1.8600 13.7104
792 744 10.6744  2.3220 16.4535
816 744 10.9698  3.6599 12.6723
840 744  5.9431  4.0515 13.1431
864 744  5.9544  4.0509 13.8455
888 744  5.9715  3.6817 18.2073
912 744  3.0183  4.3478 14.4775
936 744  2.9628  5.0207 16.6350
960 744  3.9533  7.7416 14.4834
984 744  5.5404  0.0030  7.5665
 24 768 -0.0268 -0.0268 11.3483
 48 768  1.4764 -16.5160 15.5390
 72 768 12.9076 -13.0975  8.5025
 96 768  7.8404 -10.1003 10.3580
120 768  2.2432 -1.1189 14.1116
144 768  1.1758 -0.1167 15.5609
168 768  0.9624 -4.9532 16.0655
192 768  2.2763 -3.5973 20.4616
216 768  4.2894 -9.0173 12.3758
240 768  4.5891 -7.3531 12.8423
264 768  1.0150 -4.6444 12.8373
288 768 -2.5967 -5.0678 11.5462
312 768  0.0409 -1.7948 16.1710
336 768  0.9364 -0.6987 20.5219
360 768  0.2752 -0.2915 22.3685
384 768  0.7677 -0.2375 20.6038
408 768  4.1361  3.2727 15.0509
432 768  4.3318  3.2370 19.9794
456 768 -1.2826 -4.9158 14.2739
480 768 -1.4269 -5.0712 12.7480
504 768  0.1159 -7.7378 13.7670
528 768  2.0134 -7.8724 15.2221
552 768  1.9664  5.8365 10.5463
576 768  0.0147  8.0328 15.1828
600 768 -1.7002  7.2925 15.5964
624 768  0.6542  5.8056 16.1538
648 768  1.4166  5.5542 15.2611
672 768  2.9916  2.4789 11.4471
696 768 -8.7801 -26.3970  9.2366
720 768  4.0125  1.1560 10.4183
744 768  3.8949  4.4068 13.4675
768 768  5.8197  0.7938 13.5694
792 768  8.7724  3.2264 13.0769
816 768  6.7780  4.4721 12.0584
840 768  5.8033  6.3309 15.3220
864 768  5.8350  7.7592 16.8469
888 768  6.1872  7.7953 14.2748
912 768  6.1801  5.8811 15.0083
936 768  5.5382  7.5848 16.1546
960 768  5.1185  8.3728 18.8178
984 768  1.7442 -0.0131  7.2103
 24 792  0.0045  0.0081 11.3775
 48 792 18.9201  4.0025 15.5756
 72 792 13.2626 -12.8593  9.8697
 96 792 -0.8147  3.0835  8.9490
120 792  2.8856  0.7191 16.5937
144 792  1.2732  1.8144 16.4720
168 792  4.8245 -0.9645 15.5098
192 792  4.7136 -0.7754 15.5069
216 792  0.1959 -6.0219 12.9092
240 792 -0.1729 -5.4654 10.7510
264 792 -1.2103 -3.9881 15.6634
288 792 -2.3205 -5.9545 16.4545
312 792 -2.9636 -3.0812 14.8714
336 792  0.0007 -0.2008 17.7051
360 792 -0.2963  0.8129 11.9543
384 792 -1.8514 -1.0274 14.0086
408 792  0.7418 -0.1549 16.4076
432 792  5.2932  2.0750 11.4083
456 792  5.8728  1.7377  9.2105
480 792 -3.9967 -3.3859 16.8413
504 792 -0.4627 -6.3243 11.3922
528 792  0.3368 -5.0377 13.0608
552 792 -0.7470  0.2102 23.5250
576 792 -0.7479  0.8419 21.0241
600 792 -1.7613  3.0188 18.2387
624 792 -1.1721  3.2161 15.6474
648 792  1.9747 -0.4438 11.8812
672 792  3.3552  7.0037 12.5802
696 792  3.3065  8.6704 10.3105
720 792  6.7627 10.7407 12.0681
744 792  5.1633  8.3061 11.7810
768 792  6.0044  3.1413 16.6452
792 792  5.8443  3.6302 13.8506
816 792  4.0304  6.0091 13.0893
840 792  4.3748  6.5769 14.1539
864 792  4.2597  6.7716 14.8536
888 792  4.2462  6.6766 12.3005
912 792  6.7353  6.7094 16.6473
936 792  4.7308  6.4111 14.2681
960 792  5.9808  9.3115 14.9576
984 792  5.0800  0.0352  7.3868
 24 816  0.0092  0.0869 11.3551
 48 816 13.8430 -10.2176  8.9161
 72 816 14.8120 -12.0205 10.6500
 96 816 11.1217 -5.9859 11.1286
120 816  3.9611  1.5144 12.1462
144 816  3.5574  0.5649 15.5646
168 816  4.3262 -0.0089 17.5640
192 816  5.2526 -0.0794 14.3196
216 816 -1.7120 -0.9245 11.5104
240 816 -2.3920 -1.2919 14.8338
264 816 -7.1050 -0.7892 12.1723
288 816 -7.8372 -5.0522 12.0925
312 816 -5.8566 -4.7927 13.6472
336 816 -2.9662 -2.1237 11.0261
360 816 -10.4434 -8.9690 13.1797
384 816 -11.1418 -10.9935 11.6291
408 816 -2.1087  1.5714  9.8445
432 816 -8.0883 -1.9679 10.5882
456 816 -5.9172 -1.8883 17.9820
480 816 -3.8205 -0.9171 12.5130
504 816 -2.6561  0.0708 11.6848
528 816 -0.2207  2.7771 14.5247
552 816 -0.3487  1.2227 20.3535
576 816 -0.6881  0.7912 17.5483
600 816 -2.0838  2.8833 20.0329
624 816 -2.1067  2.8929 17.8883
648 816  0.2252 -1.5478 16.2827
672 816  3.0391  8.6066 12.5100
696 816  2.8591  8.4762 12.5841
720 816  8.0973 12.6846  7.9063
744 816  5.4817  8.3921  9.6647
768 816  7.2568  7.1861 17.0877
792 816  5.1859  6.6433 12.1308
816 816  2.4598  4.9641 14.4872
840 816  2.7547  5.8904 17.0185
864 816  2.4388  5.8041 15.9354
888 816  6.0830  4.7491 13.0830
912 816  9.1850  7.7890 14.5632
936 816  9.3175  8.0734 16.6841
960 816  6.6327 12.1808  9.2068
984 816  5.5185  0.0098  7.7063
 24 840 -0.0074  0.0017 11.7908
 48 840  9.8132 -9.1408 11.2501
 72 840 12.2066 -9.5963  7.3009
 96 840  9.3849 -5.8580 15.5828
120 840  9.6277 -3.8755 10.0006
144 840  3.9307  0.2544 13.2643
168 840  4.2120  0.1010 13.1341
192 840  5.5934 -0.2758 13.3821
216 840 -0.8272 -0.3492 12.2968
240 840 -2.6691 -2.2288 13.4858
264 840 -7.0664 -1.0721 10.9341
288 840 -7.8717 -4.2482 13.1588
312 840 -5.5141 -3.7100 10.9444
336 840 -5.7320 -3.2875 11.2021
360 840 -10.2259 -8.6896 13.0334
384 840 -1.0879 10.0496  7.6555
408 840 -10.3401 -11.2519 12.8302
432 840 -6.4004 -12.1321 13.6795
456 840 -5.8896 -2.0846 12.7114
480 840 -4.1069 -1.0060 10.8974
504 840 -1.9981  0.0530 10.9014
528 840  0.0770  3.3072 13.1199
552 840  0.8314  3.3985 14.4311
576 840  0.1571  3.6921 17.4463
600 840 -2.0845  3.0050 20.6040
624 840 -2.0578  1.0281 16.4329
648 840 -1.6342 -0.1982 14.8204
672 840 -1.9815 -0.1102 12.3779
696 840 -0.1270  6.7102  8.6660
720 840  5.8051 14.5621 11.9898
744 840  5.7581  4.9556  9.4266
768 840  5.1897  5.8918  9.7328
792 840  4.1474  1.7502 10.7231
816 840  6.2386  8.6991 13.8881
840 840  4.1409  6.8290 15.2093
864 840  4.0439  4.8807 14.1181
888 840  5.8376  4.4379 16.8371
912 840  8.7876  8.1799 12.8969
936 840  8.1009  8.8644 14.3900
960 840  7.1672 10.3163 11.5614
984 840  5.5080  0.0411  7.8190
 24 864 -0.0142  0.0288 12.2316
 48 864  8.1045 -14.2873 11.9020
 72 864  7.8773 -11.4203 11.8164
 96 864  8.5213 -8.7842 17.4641
120 864  8.2826 -8.5950 16.0095
144 864  9.5395 -7.0937 15.4274
168 864  9.9245 -8.9635 13.4534
192 864  9.7291 -13.6671  7.5369
216 864  3.8706  0.0110 11.0136
240 864 -3.9460 -2.5651 11.8231
264 864 -6.4426 -2.3826 14.6043
288 864 -5.8508 -3.0055 14.4033
312 864 -4.6144 -2.3596 13.8325
336 864 -4.8828 -1.0512 11.8593
360 864 -10.1707 -9.8732  9.8115
384 864 -11.0654 -10.6946 11.1038
408 864 -12.0784 -12.0855 20.5016
432 864 -8.9773 -12.6312 17.7912
456 864 -6.0330 -3.6332 11.4107
480 864 -5.7942 -3.8743 12.8609
504 864 -6.1857 -3.8263 10.9997
528 864  2.2179 16.4560  8.5471
552 864  0.8829  4.5549 12.7893
576 864  0.3236  3.6854 17.0525
600 864 -0.3998  3.5582 14.4342
624 864 -1.3272  2.8234 13.6506
648 864 -2.2869  1.9025 14.4646
672 864 -2.3516  4.3904 15.0823
696 864 -1.5064  5.0733 14.4428
720 864  3.0299 12.9710  9.5005
744 864  3.3642 12.1202 13.1927
768 864  4.4434  2.5620 11.6102
792 864  5.1645  2.1554 17.1718
816 864  5.2380  1.8857 14.6378
840 864  3.9114  7.2679 14.4618
864 864  4.7669  4.0364 14.4771
888 864  5.8634  3.8011 19.8573
912 864  6.2591  3.0078 13.8619
936 864  7.5120  4.1153 12.6566
960 864  7.9211  9.6998 12.7023
984 864  5.5541  0.0061  8.1638
 24 888 -0.0099  0.0047 12.5511
 48 888  7.5905 -11.8605  9.6049
 72 888  8.1384 -11.3606  8.5243
 96 888 13.1995 -3.2280  8.3500
120 888  9.0034 -7.2886 14.7944
144 888 10.1097 -7.0006 14.1421
168 888  9.9469 -9.4828  7.3348
192 888  5.4666 -27.7617 11.6915
216 888  3.8590 -27.8340 16.3374
240 888 -2.7981  3.9292 11.0797
264 888 -5.4936 -1.8122 13.5633
288 888 -4.0200 -1.0741 16.3861
312 888 -4.1381 -1.8887 14.8513
336 888 29.0927 29.3647  7.0631
360 888 -9.5578 -9.7823 18.2227
384 888 -10.3049 -10.0656 13.0733
408 888 -12.5018 -9.7670 14.5050
432 888 -8.9663 -10.1357 14.1045
456 888 -5.9164 -3.1294  8.5616
480 888 -5.0794 -4.0292 11.5013
504 888 -6.6676 -3.8540 13.5481
528 888 18.8322 10.1058  7.9771
552 888 -22.7315 -2.8384 15.3915
576 888 -1.8980  2.9279 10.5801
600 888 -2.1853  3.8640 14.2052
624 888 -0.7707  3.5764 18.3787
648 888 -0.0691  3.7629 18.7581
672 888  0.8678  4.1645 14.3965
696 888  1.8030  5.6737 11.6059
720 888  3.9805 12.7553  8.6365
744 888  3.8004 12.1763 15.3908
768 888  3.9626 11.7462 12.1432
792 888  6.0222  2.3841 12.4266
816 888  5.0404  1.9649 18.5052
840 888  3.1638  9.9485 15.2251
864 888  3.6597  1.8980 13.0511
888 888  4.1202  0.9278 16.3150
912 888  5.2091  0.7231 13.6973
936 888  6.6627  2.5672 11.6093
960 888  7.3970  3.9787 11.5317
984 888  5.6027  0.0292  8.2043
 24 912  0.0227 -0.0064 12.4372
 48 912  6.1324 -7.9984 12.7846
 72 912  8.9999 -10.2317 16.9676
 96 912  9.0109 -11.6949 14.2384
120 912 -6.7253 34.0761  8.4013
144 912  9.8362 -10.7170  7.5431
168 912  2.8982 16.6839  6.9307
192 912  1.9932 16.7438 13.8184
216 912 16.1146  8.0025 14.5455
240 912  8.0805 -3.5989 11.8086
264 912  1.9915  3.9592  7.2715
288 912 -17.2897 -11.6605 16.6852
312 912 -16.1815 -13.0065  9.3567
336 912 -8.1442 -11.1936 18.8907
360 912 -8.2245 -10.1121 15.7934
384 912 -9.2747 -9.0632 14.3953
408 912 -7.8293 -8.3718  9.7177
432 912 -9.8928 -9.1985  9.6159
456 912 -8.8677 -7.7723  8.9963
480 912 -12.2202 -9.9767  7.6857
504 912 -3.0045 -3.9968 11.4009
528 912 -12.3230 -13.9804 13.6343
552 912 -16.1951 -10.9818 14.8305
576 912  0.9942 19.9599 13.7866
600 912 -2.4358  3.1381 13.7763
624 912  0.0702  3.6599 13.7538
648 912  1.0022  3.5945 15.1282
672 912  1.9289  3.9543 14.8624
696 912  2.5547  2.7418 12.2330
720 912  1.2085  1.2600 11.6637
744 912  0.8104  1.5964  9.1149
768 912  2.0077  8.3055 12.2100
792 912  2.0337  7.7810 15.8480
816 912  1.7308  6.3695  9.7245
840 912  1.9130  6.3262 11.8275
864 912  3.1349  0.4565 15.9670
888 912  3.9473 -0.7502 22.4662
912 912  5.1205 -0.3007 14.7793
936 912  6.2610  0.1278 13.4763
960 912  7.8553  1.9042 14.4058
984 912  5.6447 -0.0157  7.9802
 24 936  0.0399 -0.0474 12.1659
 48 936  6.1284 -9.0116 13.3114
 72 936  6.6111 -9.3191 12.0758
 96 936  8.3193 -14.1080 12.3506
120 936  9.8026 -14.1063 12.3528
144 936  9.4355 -11.7854 12.0367
168 936  7.8914 -10.7564  7.6314
192 936 10.0122 12.7204 10.5352
216 936 -4.0531 -18.8837  8.7882
240 936  6.1450 -5.1055 10.8263
264 936  3.8062 -1.1480  8.6293
288 936 -16.5082 -12.6260 18.8404
312 936 26.0434  8.3311  8.6378
336 936 -8.3459 -9.7511 19.5816
360 936 -8.1957 -9.6094 12.5815
384 936 -10.4811 -8.3070 10.1194
408 936 -7.1886 -6.8279  8.8506
432 936 -9.4383 -7.2558 13.8464
456 936 -9.3490 -6.3716 10.9409
480 936 -7.9838 -10.1139 12.0144
504 936 -1.7774 -5.0241 13.9773
528 936 -2.6049 -3.8599 13.4164
552 936  7.4259 13.4285 19.7667
576 936  6.2781 14.3748 11.8708
600 936 -2.7637  2.3669 12.8313
624 936  0.1508  1.1750 15.8358
648 936  1.3609  2.2242 14.7079
672 936  3.7485  3.7157 13.8605
696 936  3.7069  3.7854 14.8310
720 936  1.1644  1.7991 14.4226
744 936  6.7285 -1.0939  9.0060
768 936  8.7115  7.5398  8.2981
792 936  2.2372  7.7724 13.0067
816 936  4.6267  7.3018 12.7524
840 936  4.2398  6.0789 14.5262
864 936  3.8119  0.0281 15.5328
888 936  4.7523 -0.3498 15.4832
912 936  5.9066 -2.7273 16.6472
936 936  6.0762 -0.6825 12.3114
960 936  6.3248 -0.3120 11.9759
984 936  5.6724 -0.0417  7.5011
 24 960  0.0045 -0.0618 12.6719
 48 960  4.1586 -5.8013 14.3459
 72 960  5.9777 -11.0555 10.2290
 96 960  6.1375 -12.0180 11.0699
120 960  2.7040 -12.2514 10.4551
144 960  2.1996 -11.8064 10.0651
168 960  0.1862 -11.3666  9.8145
192 960 13.2087 12.2299 12.8448
216 960  8.9435 14.0409 16.2105
240 960  6.1119 -0.0130  6.8274
264 960 -14.3830 -13.0425 10.2966
288 960 -14.8113 -12.5979  9.6040
312 960 26.0743  7.9832  7.5196
336 960 -10.7307 -9.8754 11.5200
360 960 -6.8091 -8.8547  8.0722
384 960  0.2507 32.1911 10.5608
408 960 -21.1131 -7.0507  6.9722
432 960 -9.2247 -7.1746 10.7072
456 960 -9.3218 -6.3637  8.7824
480 960 -9.1056 -10.7985 12.0607
504 960 -8.8080 -11.8981  9.9127
528 960  0.6738 -2.3146  9.6074
552 960  3.2962  5.2295 13.8679
576 960  0.6734  6.3617 12.7424
600 960 -0.3043  3.0641 15.5633
624 960 -0.2449  2.0141 16.9859
648 960  0.1980  3.7698 12.3118
672 960  4.8417  4.3675 11.0879
696 960  5.6391  3.3789 12.3512
720 960  1.2338 -14.0641  7.4167
744 960  0.3363 -8.7315  7.9305
768 960 10.2136  9.1202  9.7753
792 960  6.5920  6.4129  8.9088
816 960  6.3167  5.5123 17.7501
840 960  6.0014  4.8139 15.9828
864 960  4.3270  2.6863 15.4880
888 960  4.2305 -1.6671 15.0861
912 960  5.0871 -4.2048 18.7769
936 960  4.0557 -5.1301 12.0522
960 960  3.6936 -4.7601 12.3677
984 960  5.6013 -0.0784  6.8623
 24 984 -0.0043 -0.0156 14.5304
 48 984 -0.0098  0.0027 12.5191
 72 984 -0.0047 -0.0001 11.9638
 96 984  0.0470 -0.0062 11.3736
120 984 -0.0241  0.0219 12.4096
144 984 -0.0772  0.0018 11.8976
168 984  0.0195 -0.0124 11.6426
192 984 -0.0066 -0.0134 11.2587
216 984 -0.0094 -0.0180 11.2670
240 984  0.0299 -0.0198 12.1391
264 984 -0.0001 -0.0131 12.3197
288 984  0.0124  0.0148 12.4924
312 984  0.0001  0.0017 11.9512
336 984  0.0030  0.0153 12.2254
360 984 -0.0070  0.0401 12.7365
384 984 -0.0861  0.0317 11.6001
408 984 -0.0084  0.0167 11.4774
432 984  0.0173  0.0154 12.0822
456 984  0.0037  0.0292 12.2026
480 984 -0.0446  0.0237 12.0566
504 984 -0.0437 -0.0047 11.9566
528 984  0.0242 -0.0105 12.3881
552 984 -0.0038 -0.0060 12.4873
576 984 -0.0608  0.0218 11.8376
600 984  0.0054  0.0374 12.1242
624 984  0.0857  0.0479 12.8407
648 984  0.0640  0.0328 12.6715
672 984  0.0826 -0.0123 11.6889
696 984  0.0772 -0.0002 12.3896
720 984  0.0179 -0.0018 12.4294
744 984 -0.0062 -0.0149 12.0743
768 984  0.0051 -0.0322 11.6014
792 984 -0.0124 -0.0289 11.6684
816 984  0.0146  0.0069 12.2294
840 984  0.0236  0.0036 11.9193
864 984  0.0535 -0.0096 11.9896
888 984  0.0643 -0.0100 12.0537
912 984  0.1077 -0.0161 12.2193
936 984  0.1531 -0.0016 12.1497
960 984  0.1671  0.0036 12.4900
984 984  5.5385 -0.0392 10.8256
