 24  24  0.0004 -0.3894 11.5876
 48  24 -0.1146 -0.3511  7.3374
 72  24  0.0035 -4.6515  7.3364
 96  24  0.0261 -4.6677  8.1511
120  24 -0.0614 -4.5851  7.6462
144  24 -0.0365 -4.6864  7.8434
168  24 -0.0211 -4.7302  8.1371
192  24 -0.0584 -4.6213  7.9856
216  24 -0.0741 -4.5943  8.1155
240  24 -0.1083 -4.6120  7.8663
264  24 -0.0334 -4.6544  7.8419
288  24 -0.0094 -4.6522  7.9973
312  24 -0.0233 -4.7028  7.8740
336  24  0.0158 -0.4038  7.5716
360  24  0.0341 -0.4490  7.6317
384  24 -0.0016 -4.6674  8.0386
408  24 -0.0216 -4.6563  8.0632
432  24 -0.0187 -4.6532  7.7834
456  24  0.0492 -4.6561  7.5044
480  24  0.0497 -0.3544  7.6388
504  24 -0.0006 -0.4244  7.5710
528  24 -0.1246 -4.6542  7.9197
552  24 -0.0674 -1.1006  7.8344
576  24 -0.0434 -0.4006  7.7528
600  24 -0.1605 -0.3909  7.7173
624  24 -0.0116 -4.6986  7.9244
648  24  0.0177 -4.6500  7.7371
672  24  0.0253 -0.4929  7.7962
696  24 -0.0452 -1.1324  8.0964
720  24  0.0014 -0.7141  7.8901
744  24 -0.0804 -4.6254  7.8855
768  24 -0.1369 -4.6921  8.5225
792  24 -0.1392 -4.6641  8.1823
816  24 -0.0388 -4.6612  7.6506
840  24  0.0049 -4.6678  7.7421
864  24 -0.0167 -4.6129  7.8674
888  24 -0.1110 -0.4693  7.6319
912  24  0.0406 -4.5975  7.7754
936  24  0.0663 -0.4568  7.7304
960  24 -0.0627 -0.4184  7.9177
984  24  0.4578 -0.7209  9.8108
 24  48 -0.0246 -0.0464 12.9114
 48  48 -3.7144 -2.0518 12.9472
 72  48 -0.3973 -5.5434 11.3360
 96  48 -0.7407 -4.4482 14.2543
120  48 -1.2750 -3.8528 14.1228
144  48 -4.4153 -5.9332 12.5260
168  48 -5.2544 -5.3533 11.0704
192  48 -8.9870 -6.8739 12.9119
216  48 -8.7616 -6.3123 13.2205
240  48 -7.5061 -4.3652 12.2562
264  48 -5.4961 -6.0123 15.1090
288  48 -3.2791 -5.3833 15.0603
312  48 -2.9106 -4.5535 19.0612
336  48 -1.9666 -4.0927 17.9061
360  48 -2.6747 -6.3069 13.9765
384  48 -2.7827 -6.4445 14.2872
408  48 -0.9503 -3.9401 13.4575
432  48 -0.7720 -3.8256 12.9666
456  48  0.4491 -1.5861 14.0966
480  48 -0.0950  1.7702 20.2586
504  48 -0.4718  1.8353 17.2188
528  48 -0.6984  0.6529 17.4219
552  48 -0.3216  0.2396 17.9212
576  48 -1.0111 -0.0388 18.0749
600  48 -1.5005 -0.0868 17.5090
624  48  0.5802 -1.0480 14.9728
648  48  0.8350 -0.5322 13.9340
672  48  0.1353 -1.1272 13.6673
696  48 -0.3520 -1.8239 16.7784
720  48 -2.3920 -1.8997 11.6211
744  48 -4.0580 -2.0046 13.3518
768  48 -6.1401 -1.1910 13.2715
792  48 -5.9112  0.0150 10.6911
816  48 -4.7916 -0.9917 11.8051
840  48 -3.2048 -0.8224 12.5623
864  48 -0.8906  0.3976 11.3782
888  48 -0.0375  1.4395 14.4799
912  48  0.0073 -0.0421 17.3071
936  48  0.0759 -0.6683 19.4409
960  48 -0.5347 -1.0540 14.3425
984  48  3.6061 -0.0181  8.5343
 24  72 -0.0043 -0.0661 12.8786
 48  72  1.2627 -6.1022 17.4672
 72  72 -0.4154 -5.4260 12.7235
 96  72 -4.6615 -5.5470 11.6705
120  72 -6.0509 -3.2979 13.2440
144  72 -5.7991 -5.2575 13.8892
168  72 -8.1000 -6.7495 14.0558
192  72 -10.3961 -7.8981 15.4800
216  72 -10.3038 -7.6848 16.2351
240  72 -9.2196 -7.0476 11.8920
264  72 -6.2297 -7.2303 12.1481
288  72 -4.8222 -6.7249 11.3209
312  72 -3.7807 -4.7875 17.5674
336  72 -2.9015 -4.5588 12.8247
360  72 -2.6019 -5.9748 12.7192
384  72 -2.9249 -7.9271 13.3223
408  72 -0.9473 -4.4449 12.5203
432  72 -0.3510 -3.9066 14.4884
456  72 -0.8611 -1.4034 13.0516
480  72  0.0965  0.5616 16.6352
504  72 -0.4269  1.3306 17.8229
528  72 -0.0050  1.3707 14.7933
552  72 -0.0105  1.0310 15.9758
576  72 -0.4767  0.0119 15.8875
600  72 -0.6784 -1.1729 12.0824
624  72  1.6145 -3.5688 11.8785
648  72  2.7037 -2.8055 13.6674
672  72  2.3182 -1.1186 13.5010
696  72  0.1786 -1.1998 15.7748
720  72 -1.4117 -1.1095 13.5134
744  72 -2.3403 -0.7372 12.3022
768  72 -5.2079 -1.1357 12.3116
792  72 -5.7424 -1.0751 11.2913
816  72 -5.2959 -4.1380 13.5068
840  72 -4.1606 -1.9838 13.3548
864  72 -0.4100  1.2532 15.8264
888  72  0.9086  2.2371 13.7121
912  72 -0.5397  0.1309 14.2943
936  72 -0.8711 -0.2441 17.8533
960  72 -0.6415 -0.3196 16.7446
984  72  3.6974 -0.1163  8.8268
 24  96  0.0042 -0.0970 12.0222
 48  96  0.6259 -5.5456 13.4926
 72  96 -1.0151 -2.9339 12.7353
 96  96 -4.6211 -5.2718 15.7056
120  96 -5.1995 -3.6969 16.1301
144  96 -4.3538 -4.3503 15.0755
168  96 -4.2431 -4.2819 15.4209
192  96 -9.4002 -7.8344 11.5893
216  96 -8.7384 -8.4188 10.5325
240  96 -8.8256 -7.9342 12.8405
264  96 -8.2122 -9.0543 11.2776
288  96 -7.1953 -9.1651 12.9751
312  96 -5.4787 -4.1400 15.7942
336  96 -3.2139 -5.5957 14.0255
360  96 -3.1532 -5.8875 15.1257
384  96 -4.3968 -7.2297 14.0731
408  96 -4.3728 -7.7048 13.6048
432  96 -4.2494 -2.1405 15.0169
456  96 -4.3763 -1.1802 12.2563
480  96 -7.6719  2.2490 15.9836
504  96 -5.1682  2.7760 11.3321
528  96 -2.2241  1.0784 11.6916
552  96 -1.0691 -0.4488 13.3683
576  96 -0.4479 -1.0018 17.4536
600  96  0.1612 -3.7343 13.6003
624  96 -0.3023 -5.7720 12.9555
648  96  1.6136 -2.8728 11.3821
672  96  2.0741 -0.1762 12.2661
696  96  2.0404  0.1140 14.7937
720  96 -0.4951 -2.0061 15.6231
744  96 -1.1910 -2.2301 13.1232
768  96 -1.1403 -1.8745  8.9220
792  96 -1.0558 -2.2733  6.3773
816  96 -1.7865 -4.8520  9.3431
840  96 -4.4858 -2.8060 12.7814
864  96 -0.9517  0.0545 13.1420
888  96 -0.1572  1.2422 17.6619
912  96 -0.2484  1.2690 16.0289
936  96 -2.3168 -1.0302 18.1321
960  96 -2.1527 -1.3130 16.7280
984  96  3.7335 -0.0557  8.7872
 24 120 -0.0261 -0.1162 11.5234
 48 120 -2.7322 -4.2131 13.8209
 72 120 -2.1436 -2.4628 14.8868
 96 120 -2.8030 -2.3629 17.9058
120 120 -4.2204 -3.0056 14.2959
144 120 -4.8855 -5.1974 12.4987
168 120 -5.0029 -6.8121 11.5602
192 120 -5.7603 -10.1586 15.9334
216 120 -5.5331 -10.2420 15.8867
240 120 -5.7763 -8.9382 12.3475
264 120 -4.9579 -7.1295 12.1502
288 120 -5.6607 -7.1845 11.9131
312 120 -4.3539 -4.1875 14.4917
336 120 -3.1220 -4.1760 14.4897
360 120 -2.8595 -3.1120 14.3474
384 120 -4.0157 -3.8190 14.4042
408 120 -3.9395 -1.3391 13.8075
432 120 -4.5522 -1.1432 15.0997
456 120 -5.1027  0.9486 15.0298
480 120 -6.0734  2.6086 17.3904
504 120 -5.5334  2.1271 12.9126
528 120 -0.9601 -0.1093 12.9891
552 120 -0.4644 -1.0548 15.6032
576 120 -0.4596 -1.4275 16.1935
600 120 -0.1157 -4.5692 15.4270
624 120 -1.1914 -6.4810 15.4896
648 120 -1.2751 -6.5217 14.3140
672 120  1.2591  0.0370 12.4597
696 120  2.2897  0.0810 15.9782
720 120  0.2799 -2.8248 12.5656
744 120  0.4900 -3.9164  8.4672
768 120  4.2304 -6.9317  8.7522
792 120  4.9606 -3.7309 12.8605
816 120  1.8980 -3.0306 16.7725
840 120  0.1935 -1.8738 16.3791
864 120 -0.1266 -0.1867 16.6121
888 120 -0.1340  0.8812 16.6782
912 120 -0.3934  0.8156 14.6094
936 120 -2.7320 -1.9958 15.5580
960 120 -1.5452 -3.8196 15.8681
984 120  3.6444  0.0018  8.5582
 24 144 -0.0292 -0.0574 11.8881
 48 144 -3.2230 -2.3568 18.4881
 72 144 -3.0979 -1.6303 15.9326
 96 144 -3.5840 -0.5428 15.4373
120 144 -5.0748 -1.9136 13.5352
144 144 -5.1349 -3.7772 12.3524
168 144 -5.6431 -7.4786 12.3427
192 144 -5.1244 -9.0075 13.4749
216 144 -4.6099 -9.2234 16.7752
240 144 -3.4757 -8.9114 14.6689
264 144 -3.4676 -6.1487 16.4155
288 144 -3.7697 -4.2021 17.4654
312 144 -3.2106 -2.7778 16.2356
336 144 -0.5481 -0.8763 15.1523
360 144 -0.6928 -1.0714 16.7795
384 144 -1.2112 -1.2622 19.4046
408 144 -1.9795 -0.3324 15.3667
432 144 -2.6940 -0.2177 15.1604
456 144 -2.6299 -0.2697 21.6465
480 144 -1.7546  0.3165 14.7670
504 144 -1.6876  0.2888 13.0913
528 144  0.5447 -0.2771 14.6701
552 144  1.7347  0.1975 17.5507
576 144  3.5895 -0.2254 16.0161
600 144  4.5605 -1.1726 12.4027
624 144 -1.6567 -7.0513 13.5018
648 144 -1.5254 -7.4115 14.5020
672 144  2.0697 -2.8790 14.7598
696 144  2.7326 -1.1575 16.5239
720 144  2.7112 -0.9762 12.4054
744 144  1.6484 -9.9779 17.4395
768 144  3.1883 -8.0152  9.4057
792 144  3.4789 -4.7275 11.5800
816 144  1.2113 -2.7307 18.1299
840 144 -0.1561 -1.4720 19.8118
864 144 -0.4627 -0.4756 14.5075
888 144 -0.1181  0.8044 14.8738
912 144 -0.5173 -0.0503 13.7549
936 144 -0.0506 -2.8336 15.7569
960 144  0.1775 -4.0115 12.8674
984 144  3.6571 -0.0661  8.5291
 24 168 -0.0183 -0.0374 12.4899
 48 168 -3.1253 -2.0316 16.9311
 72 168 -3.2610 -0.3072 16.4495
 96 168 -4.0464  0.9359 18.3449
120 168 -4.8506 -1.3353 12.9048
144 168 -4.4461 -2.6650 18.3585
168 168 -6.0932 -7.7082 13.1054
192 168 -5.2705 -9.6159 10.9227
216 168 -5.1660 -8.5444 16.4083
240 168 -3.9843 -7.7512 12.7436
264 168 -5.6679 -3.2230 15.2734
288 168 -4.7579 -2.3752 17.4846
312 168 -3.7585 -1.1049 18.4806
336 168 -0.3750 -0.6934 15.5534
360 168  0.3660 -0.4352 14.9532
384 168 -0.1933 -1.0613 14.4934
408 168 -1.7324 -0.5228 12.8261
432 168 -2.1900  0.0028 18.1734
456 168 -2.3244  0.3359 23.0445
480 168 -0.3022  2.0055 14.7853
504 168  0.1527  0.0633 13.8778
528 168  2.0407 -1.1817 15.3228
552 168  3.6462  0.1658 16.5179
576 168  4.1351  0.1982 18.0379
600 168  4.6414 -0.2115 16.8098
624 168  2.3855 -4.0524 13.2950
648 168  0.3512 -6.2544 13.5119
672 168 -0.8476 -5.7537 14.0472
696 168 -2.0707 -1.6788 17.2587
720 168 -1.0259 -1.5710 14.4631
744 168 -0.8733 -10.0432  9.6158
768 168  1.2573 -9.8383 12.0667
792 168  2.0091 -6.2027 13.6737
816 168  0.1308 -2.7607 14.3624
840 168 -0.0744 -0.9062 16.0660
864 168  0.3007  0.2923 15.6362
888 168  0.7852  1.0845 16.2179
912 168  0.7783  0.1922 17.9570
936 168  0.9973 -1.3946 16.5970
960 168 -0.1813 -2.3106 14.6284
984 168  3.6355  0.0215  8.4562
 24 192 -0.0252 -0.1016 12.7353
 48 192 -3.9283 -2.2944 12.4701
 72 192 -3.3944 -0.3489 14.7297
 96 192 -3.8582  0.5982 17.5864
120 192 -3.5806 -1.5297 10.9650
144 192 -4.2796 -2.0096 15.1521
168 192 -5.3693 -9.1023 12.8330
192 192 -5.1638 -9.0588 11.4403
216 192 -4.9721 -6.7666 16.7141
240 192 -5.3517 -4.3333 12.8478
264 192 -5.7837 -2.1704 17.3580
288 192 -5.4249 -2.1183 21.5426
312 192 -3.6405 -0.3499 17.9525
336 192 -3.9346  0.3212 13.3476
360 192 -7.7831  1.1150 12.1441
384 192  0.6542 -2.0763 15.2290
408 192  3.0554 -0.9801 14.1912
432 192  3.6696  0.4363 20.9803
456 192  2.1663  0.7306 21.7033
480 192  1.1530  0.4795 19.3317
504 192  1.1404  0.2653 16.7992
528 192  1.8403 -0.1816 15.9714
552 192  2.4558  0.2078 18.1425
576 192  3.6021  0.3427 16.7131
600 192  6.8056  2.0968 13.2530
624 192  0.0224 -0.5596 10.6028
648 192  3.5560  0.0273 14.8820
672 192 -0.7936 -5.1193 10.3588
696 192 -1.8829 -1.9949 17.4553
720 192 -2.0618 -2.9118 16.0631
744 192 -0.8170 -9.3340 13.4311
768 192  0.2405 -10.6334 14.9627
792 192 -0.4805 -5.5854 11.8347
816 192 -2.2490 -0.8446 13.6668
840 192 -2.0343  0.2065 12.2712
864 192  0.9855  0.8235 14.4357
888 192  1.4316  1.1853 16.4194
912 192  2.1634  0.6498 15.9233
936 192  1.8612 -0.8565 11.8863
960 192 -0.1604 -1.7148 11.5605
984 192  3.6336 -0.0165  8.4696
 24 216 -0.0243 -0.1184 12.2630
 48 216 -2.8354 -3.9478 11.2014
 72 216 -2.1079 -1.5458 11.9544
 96 216 -2.2838 -0.1181 19.2394
120 216 -3.1584 -0.5381 22.0921
144 216 -4.8557 -1.6163 17.4505
168 216 -4.9167 -6.3092 16.6200
192 216 -3.2451 -3.0441 14.3968
216 216 -3.7712 -0.9732 13.9059
240 216 -4.3837 -0.8249 14.5157
264 216 -5.4801 -1.0473 15.4590
288 216 -5.0580 -1.0252 16.2060
312 216 -6.0208  0.2523 15.7522
336 216 -6.0751  0.3796 11.7781
360 216 -2.8138 -2.8171  9.4616
384 216  0.7712 -3.9861 12.0780
408 216  1.9209 -1.7840 13.1721
432 216  3.2566  0.2909 16.8017
456 216  1.9894  0.9056 18.6738
480 216  0.9967  1.2099 17.0354
504 216  0.3292  2.1660 13.8328
528 216  1.3373 -0.0446 14.9990
552 216  1.6529  0.2352 13.0078
576 216  1.6160 -0.0196 18.1799
600 216  2.0246 -0.6076  8.9346
624 216  1.1831  1.3351 11.5305
648 216  1.6342  0.8414 17.6690
672 216  2.4112  0.8008 16.2059
696 216  1.3898  0.1307 17.7592
720 216  0.6201 -0.3875 15.6855
744 216  0.1329 -5.9275  9.6619
768 216 -0.4768 -7.0499 11.4860
792 216 -1.8821 -1.9869 14.1694
816 216 -3.1828  2.0978 13.4911
840 216 -4.6007  1.7240 11.6645
864 216 -1.1841  0.0377 12.9667
888 216  0.9458 -0.1947 12.3310
912 216  4.7790  0.0387 13.8424
936 216  6.1331  0.2951 12.8767
960 216  5.7355 -0.7676 10.0301
984 216  3.6953 -0.1018  8.7463
 24 240  0.0048 -0.1014 11.0402
 48 240 -1.7831 -4.8140 13.8929
 72 240 -2.1343  0.2278 13.0566
 96 240 -2.3612  0.4966 18.6696
120 240 -2.8067 -0.6371 16.5851
144 240 -2.6263 -2.6341 14.7873
168 240 -4.3229 -5.9056 13.1775
192 240 -2.9269 -3.4235 13.3425
216 240 -2.9674 -0.0512 15.4139
240 240 -3.0669  0.2994 15.0379
264 240 -3.9342  0.9769 15.4372
288 240 -5.5949 -0.3725 13.3070
312 240 -4.1905 -0.2666 14.3965
336 240 -3.1207 -0.7344 12.8044
360 240 -2.5506 -2.7818 14.8307
384 240 -1.9880 -3.6427 16.9774
408 240 -0.1950 -1.6184 14.0476
432 240 -0.5741 -0.0612 14.5576
456 240 -0.4867  0.1866 14.0497
480 240 -1.9067  1.6053 12.7260
504 240 -1.9404  1.7880 14.0518
528 240 -0.0060  3.2849 16.4372
552 240  0.7972  1.2063 13.0443
576 240  0.4457  0.3009 16.5284
600 240  0.8407 -0.0272 13.6614
624 240  2.0147  2.9916 13.2960
648 240  0.0296  2.7729 11.0426
672 240 -0.2131  1.1445 11.1336
696 240 -0.5895  0.7220 13.9461
720 240 -0.2024  0.3538 14.6347
744 240 -1.6861 -0.1754 11.0113
768 240 -0.3271 -4.1078 15.0164
792 240 -0.8433 -0.0525 15.1701
816 240 -0.2390  1.9820 14.1217
840 240  0.4175  1.1890 10.1933
864 240  3.9552 -3.8557 12.1820
888 240  1.9556 -1.6636 13.3232
912 240  1.5184 -2.1721 14.1875
936 240  6.6975  0.0675 13.4865
960 240  4.9045 -2.0260 14.4786
984 240  3.7247 -0.1350  9.1372
 24 264  0.0147 -0.1205 11.6572
 48 264 -3.1056 -4.2599 13.8552
 72 264 -3.2255  2.9183 17.1720
 96 264 -1.9527  1.6173 15.5900
120 264 -2.2195 -1.7453 18.2412
144 264 -1.9778 -2.2938 17.7180
168 264 -1.1087 -5.4545 14.9547
192 264  0.4106 -7.0740 15.1646
216 264  2.9208 -0.7364 12.8542
240 264  2.8496  0.3023 11.9624
264 264 -2.2425  3.0050 15.0700
288 264 -3.0850  2.3330 10.8687
312 264 -4.3837 -0.5695 16.8677
336 264 -3.1215 -0.6478 14.0705
360 264 -2.0946 -2.1669 19.1247
384 264 -2.3007 -3.5751 20.1395
408 264 -2.8904 -2.6652 13.5120
432 264 -4.0347  0.8042 14.2925
456 264 -3.9651  2.4712 13.8321
480 264 -3.0406  3.4554 16.5254
504 264 -2.7396  2.8388 14.8124
528 264 -2.0192  3.6399 15.1422
552 264 -0.0945  2.5226 12.5416
576 264 -0.7216  1.1011 14.7243
600 264 -1.9113  1.3218 15.9738
624 264  1.6824  3.1905 13.8038
648 264 -3.6916  8.8455 11.8527
672 264 -5.2561  7.3311  9.6912
696 264 -6.9704  2.9429 10.7365
720 264 -3.9004  2.1324 16.3905
744 264 -2.5298  2.1914 14.6038
768 264 -0.8036 -0.2989 14.9313
792 264 -0.4209 -1.0822 13.9557
816 264  0.3008  1.9102 15.6549
840 264  4.4703 -7.7618  9.0690
864 264  4.8110 -5.1315 12.6220
888 264  3.3670 -0.9200 14.2488
912 264  1.3633 -2.6414 17.1254
936 264  1.0088 -2.4520 17.4381
960 264  2.1428 -3.1803 15.7725
984 264  3.7199 -0.1686  9.2100
 24 288 -0.0191 -0.0693 12.6664
 48 288 -3.2271 -1.9926 12.0882
 72 288 -3.8772  0.2931 17.9925
 96 288 -1.9594 -0.0717 17.2513
120 288 -2.0950 -0.2202 20.0936
144 288 -2.1519 -1.5587 16.2722
168 288 -0.9303 -3.2213 13.2549
192 288  2.0589 -6.1384 15.9260
216 288  2.1103 -4.3253 13.9949
240 288  3.3423  0.3090 12.5166
264 288  0.9832  3.5621 13.5915
288 288 -0.7808  5.5308 13.9914
312 288 -4.5689 -0.2988 13.7561
336 288 -3.0990 -0.4534 13.4380
360 288  3.9670  2.0174 12.8702
384 288  4.1573  2.5429 14.5482
408 288 -0.9719 -2.1735 13.0046
432 288 -4.4307  0.2019 14.6462
456 288 -3.7291  3.8074 16.2497
480 288 -2.9239  3.9936 15.3258
504 288 -3.0418  2.3505 17.2332
528 288 -2.4419 -0.1879 10.9682
552 288 -3.2158 -1.1300 14.0822
576 288 -3.4766 -0.0086 13.1096
600 288 -3.5430  2.1068 14.2227
624 288 -9.0273  3.4915 11.9458
648 288 -9.6444  6.9703 16.2757
672 288 -10.0155  5.7509  9.3080
696 288 -8.2503  1.2868 11.7224
720 288 -5.1462  2.0726 12.0996
744 288 -2.5582  2.3339 15.7566
768 288 -0.8646  0.7555 15.1256
792 288  0.0683  0.3109 13.9479
816 288  7.6982 -7.2560  8.9018
840 288  7.3969 -5.9988 11.6744
864 288  5.0993 -5.1884  9.7634
888 288  5.8852  2.2454 12.5413
912 288  1.6372 -1.5910 10.7611
936 288  1.2592 -2.1009 13.6848
960 288  1.3985 -1.8147 14.4420
984 288  3.6662 -0.1081  8.3814
 24 312 -0.0011  0.0047 12.4099
 48 312 -3.6557 -1.0046 20.1870
 72 312 -3.1361 -0.3460 20.3407
 96 312 -1.9175 -0.6919 17.7981
120 312 -1.2428  0.3771 16.4646
144 312 -0.6309 -0.7753 16.2660
168 312  0.6963 -4.0261 16.0971
192 312  2.0297 -4.5875 14.0429
216 312  1.5924 -3.1485 14.4583
240 312  2.0817  0.3126 14.3646
264 312  2.3281  3.2627 14.5638
288 312  5.5702  4.3330 12.4708
312 312  7.0235  1.3124 13.2381
336 312  7.1710  0.9895 13.1673
360 312  0.1527 -3.7309 11.9733
384 312  3.2653  2.7584 12.4165
408 312  2.7183  3.7297 16.1620
432 312 -0.3696  2.5316 13.5087
456 312 -2.6867  4.0000 14.0321
480 312 -2.7225  5.7348 16.5801
504 312 -4.0602  6.7660 12.7767
528 312 -6.6302 10.5548  9.8802
552 312 -9.9746 11.5404  6.1831
576 312 -5.9619  0.1076 10.2303
600 312 -7.8365 -0.1874 12.1895
624 312 -9.5467  3.5772 14.5126
648 312 -10.9480  4.7342 12.4287
672 312 -9.5944  2.8872 11.9042
696 312 -9.7230  0.1487 13.6726
720 312 -10.7293 -0.5668 16.6348
744 312 -2.9104  1.9678 14.3673
768 312 -1.0922  1.6862 14.0348
792 312  1.1118  2.4118 12.2281
816 312  7.8748 -7.5513 16.8437
840 312  8.1039 -3.9428 13.9120
864 312  5.6721 -2.1096 10.3919
888 312  6.3605  4.9062 12.6791
912 312  7.2153  4.6243 14.6102
936 312  1.1295 -1.7137 11.3723
960 312  1.3671 -1.6161 14.5803
984 312  3.5742  0.0157  8.1343
 24 336  0.0211  0.0105 12.2550
 48 336 -2.4969 -0.7707 16.9594
 72 336 -2.8081 -1.1554 15.6478
 96 336 -1.7418 -1.6779 13.9896
120 336  0.0485 -2.5050 16.4350
144 336  1.2164 -3.2485 16.6724
168 336  1.1223 -4.2344 15.5080
192 336  0.2282 -2.6850 14.2726
216 336 -0.4495 -1.3316 17.3150
240 336 -0.3309 -0.2616 14.8824
264 336  2.2899  2.1548 11.7604
288 336  6.9201  3.4107 13.7220
312 336  7.0504  1.8086 14.9570
336 336  6.1205  1.2735 17.9456
360 336  1.6700  0.0368 11.5636
384 336  1.1620  1.1002 12.9408
408 336  1.7021  4.0066 14.7986
432 336  0.3206  3.0205 13.7745
456 336  0.0159  2.6470 18.2048
480 336 -0.8227  2.3914 13.2662
504 336 -3.8536  8.1689 15.4272
528 336 -3.8706 10.1057 10.1882
552 336 12.2549 15.2780  8.5256
576 336  3.1018 18.2588  8.6292
600 336 -6.7199 -2.3210 11.3773
624 336 -7.0302  0.7841  9.5264
648 336 -2.8465  3.7812 13.8461
672 336 -7.0590  0.0208 13.1789
696 336 -9.4959 -0.4265 14.8390
720 336 -10.2732 -0.8267 20.7611
744 336 -8.7128  2.9152 14.2602
768 336 -1.4004 -0.0571 10.8904
792 336  1.3296  0.3329 11.0944
816 336  3.8560  1.1166  9.2917
840 336  2.7542 -0.0072 12.6708
864 336  4.1581  7.5514  9.1029
888 336  5.1764  6.5359 11.0039
912 336  6.3316  4.7318 14.7893
936 336  5.8236  5.1854 12.9954
960 336  2.6800  0.3414 14.4283
984 336  0.4453  0.0445  8.1921
 24 360  0.0112  0.0247 11.4132
 48 360  0.2459 -0.3404 11.4447
 72 360 -0.2805 -2.0142 13.7180
 96 360 -0.2999 -3.4356 14.3744
120 360  0.1138 -3.3132 18.2243
144 360  0.2969 -2.6170 16.2722
168 360 -0.2297 -2.1978 15.2847
192 360 -1.1740 -0.5898 17.4528
216 360 -1.6655 -0.3067 20.0191
240 360 -1.6274 -0.1085 17.1846
264 360 -0.4350  0.8074 15.0129
288 360  1.4706  2.6268 12.2652
312 360  5.4993  2.6287 12.4993
336 360  4.1901  1.2070 16.1776
360 360  1.6416  0.3245 16.0242
384 360  0.6551  0.8801 16.5193
408 360  1.5215  4.6566 14.5572
432 360  1.1753  4.7722 15.5257
456 360  0.0666  3.2485 18.0641
480 360 -0.2344  0.6392 13.1894
504 360 -3.6527  7.8806 15.1604
528 360 -2.6501  5.7805 16.3805
552 360 -2.5633  3.2106 13.7121
576 360 -2.2840  1.1782 11.2754
600 360 -3.7732 -1.1007 15.6511
624 360 -4.2039 -0.4779 10.7813
648 360 -1.9664  1.9701 14.8914
672 360 -2.2781  0.4512 13.2224
696 360 -7.7368 -0.0652 10.7959
720 360 -9.0847  1.1485 16.9623
744 360 -5.8694  2.2935 12.5044
768 360 -1.0343 -0.2117 12.1494
792 360 -0.2653 -1.8172 16.1607
816 360  0.0507 -0.9724 14.2940
840 360  0.5071  0.3156 14.1421
864 360  1.4004 -0.4483 10.3132
888 360  2.1988  0.2046 10.0268
912 360 15.8248 29.9147  5.4162
936 360  6.8432  5.2220  7.8786
960 360  3.7520  2.9811 13.0529
984 360  0.4499  0.0323  8.1571
 24 384 -0.0028 -0.0161 10.4887
 48 384 -1.9799 -3.6514  8.6562
 72 384 -0.2854 -3.7646 12.5162
 96 384  0.0699 -4.1882 16.5991
120 384  0.1413 -3.5892 16.8172
144 384 -0.0103 -2.3359 15.4189
168 384 -0.3404 -1.8146 13.6577
192 384 -0.7712  0.9682 16.2664
216 384 -0.6213  1.3934 17.0496
240 384  0.1313  0.7577 14.2889
264 384  1.0932  1.6685 13.8345
288 384  1.6040  3.0597 15.9744
312 384  2.0708  2.8333 15.0225
336 384  2.0725  1.3366 13.0032
360 384  0.1349 -0.0390 17.2031
384 384 -0.0036  0.4127 22.0090
408 384  0.4663  3.3141 17.4556
432 384  0.3411  5.2089 19.2438
456 384  0.9807  5.7285 16.7328
480 384  0.0706  2.8417 11.5841
504 384 -1.9233  7.6566 17.0465
528 384 -3.1993  5.9397 14.4577
552 384 -2.9803  1.5834 12.8224
576 384 -3.7418 -0.0290 14.1471
600 384 -4.0596 -3.2129 13.6255
624 384 -4.7485 -3.8320 11.5290
648 384 -1.8256  0.6724 14.0631
672 384 -2.3265  0.3342 14.1557
696 384 -3.8201  1.0385 16.1678
720 384 -4.2965  1.7373 19.8054
744 384 -3.1945  2.0261 17.2322
768 384  1.7611  4.9251 12.9314
792 384 -2.4495 -1.5992 14.0270
816 384 -3.6138 -1.9636 15.3964
840 384 -3.9132 -1.7533 16.0631
864 384 -1.3922 -3.5762 10.3067
888 384  3.9743  2.8036  8.5728
912 384  6.9513 -13.3974 12.6072
936 384  2.3374 -12.9572  9.8703
960 384  2.5379  2.3696 12.0166
984 384  1.3803  0.0809  8.2696
 24 408  0.0072 -0.0793 11.5830
 48 408 -0.9853 -4.1424 12.6100
 72 408 -0.4466 -3.9075 17.6245
 96 408 -0.3069 -3.4096 16.7950
120 408  0.3661 -1.8618 13.5422
144 408  0.9545 -0.7675 15.0277
168 408 -0.0576  0.7205 13.7781
192 408 -0.3073  3.5935 15.2119
216 408  0.6616  2.8494 12.6382
240 408  3.1783  1.2804 12.1670
264 408  3.1713  3.8484 14.0115
288 408  2.0991  3.7640 16.7936
312 408  0.2306  3.9621 18.7669
336 408 -0.8010  1.9468 15.3962
360 408 -0.6495 -0.1435 17.7292
384 408 -0.6276  0.1591 22.9343
408 408 -0.8022  0.9805 13.4184
432 408 -0.1184  1.6879 21.2650
456 408 -0.2795  2.9174 17.4909
480 408 -0.4203  3.9430 20.6525
504 408 -4.1312  8.8917 16.7109
528 408 -5.6211  7.1823 15.0748
552 408 -3.9842  2.8475 16.0425
576 408 -5.9760 -0.1695 11.4139
600 408 -8.1833 -4.9652 12.3371
624 408 -9.3959 -6.0841 10.7054
648 408 -3.0809 -0.3538 11.0728
672 408 -2.7951 -0.3262 15.2712
696 408 -4.4445  0.3514 14.0776
720 408 -2.8629  2.4617 19.3565
744 408 -2.1839  2.7598 17.0329
768 408 -0.0342  4.5330 12.8074
792 408 -2.7382  0.3059 11.8589
816 408 -4.0358 -0.4988 15.5162
840 408 -3.8290 -1.3117 16.0984
864 408 -2.6415 -1.3986 16.3076
888 408  0.8550 23.7023  6.9695
912 408  0.4210 26.2297 12.0665
936 408 -1.1570 27.2183 10.6930
960 408  0.4857  2.1300  9.3018
984 408  3.6411 -0.0277  8.5214
 24 432  0.0316 -0.1350 11.8810
 48 432 -0.8274 -3.4145 15.9596
 72 432 -1.3323 -2.8437 19.1779
 96 432 -0.8921 -2.6224 20.2460
120 432  3.3438 -1.0235 15.9345
144 432  3.1306 -0.9890 14.6533
168 432 10.3109  0.3522 11.0937
192 432  2.3588  3.2271 11.6890
216 432  5.2287  2.3042 15.7594
240 432  4.3349  2.7661 18.0895
264 432  3.6794  5.4478 15.1716
288 432  0.2899  4.6368 17.1215
312 432 -0.1089  5.5382 13.2842
336 432  1.2109  4.1861 14.6916
360 432  2.4182  1.6933 14.7947
384 432 -0.7488 -0.5907 17.2396
408 432 -0.4373  2.8406 18.2465
432 432 -0.0754  1.7159 23.7226
456 432 -0.6403  2.0022 17.2941
480 432 -0.5728  3.0601 18.0816
504 432  1.6490 10.0865 11.0008
528 432 -0.8437  1.0828 15.0805
552 432 -2.2525  1.5371 17.8738
576 432 -4.1484 -0.5445 15.1383
600 432 -4.9063 -4.4955 16.2086
624 432 -5.4734 -6.5450 12.1963
648 432 -6.3243 -8.5121 13.7626
672 432 -5.7682 -2.9791 14.1268
696 432 -5.2069 -2.1847 14.4492
720 432 -3.6920  0.4155 12.2556
744 432 -1.4488  4.1027 14.0274
768 432  3.5466  1.8371 15.8316
792 432  3.4608  1.9610 17.3256
816 432  5.7239  5.0499 15.6687
840 432 -2.4243 -0.4707 16.9784
864 432 -2.9890  0.0874 20.7207
888 432 -3.0542  0.9581 13.1308
912 432 13.8301  0.2293  7.0376
936 432  1.9007  6.1921 10.5292
960 432  8.1449 -1.5702  6.8355
984 432  3.6761 -0.0866  8.3425
 24 456  0.0186 -0.0732 10.0548
 48 456  0.7194 -0.0347 13.3923
 72 456  0.7359  0.3416 17.7710
 96 456  1.1758  0.0960 17.4445
120 456  2.8390 -1.2428 18.4068
144 456  3.9394 -1.8627 16.6824
168 456  4.6624 -0.4755 13.0002
192 456 10.5006  0.0889 11.1553
216 456  5.6529  1.7744 18.1681
240 456  5.0011  2.3688 15.3901
264 456  4.1903  4.3685 12.3338
288 456  9.7296 -1.6693 10.4374
312 456 10.6363  1.2854 19.5358
336 456  8.0173  1.8234 15.6637
360 456  6.2009  0.9298 15.2254
384 456  1.6973  2.1588 14.7578
408 456 -0.0639  1.4492 18.6339
432 456  0.0400  0.7295 19.5173
456 456  0.1472 -0.7919 19.7447
480 456  0.2630 -0.8612 20.0439
504 456  0.7997  0.1486 15.1788
528 456  1.2230 -0.2665 17.9253
552 456 -0.0869 -0.4213 15.9427
576 456 -4.2110 -1.2507 15.5433
600 456 -4.8243 -3.3988 13.9719
624 456 -5.1257 -5.0949 11.5167
648 456 -5.9499 -6.2910 11.0077
672 456 -7.7920 -6.6614 13.0375
696 456 -7.5809 -6.1679 12.3518
720 456 -9.4650 -4.3300  9.0833
744 456 -10.7770 -0.1601 23.7423
768 456  2.0786  0.8658 12.1253
792 456  1.8797  2.6488 14.4942
816 456  0.1137  4.5610 14.7764
840 456 -0.4763 -0.3887 18.6423
864 456 -1.8337  0.9460 15.3320
888 456 -2.2587  1.9547 13.0160
912 456  1.0576  5.6845 14.0893
936 456  2.9099  5.8967 12.3419
960 456  7.7783 -1.0148 11.4560
984 456  3.6548 -0.0711  8.1785
 24 480 -0.0083 -0.0297  9.9162
 48 480  0.3047  0.4930 16.0039
 72 480  0.7007  1.2598 18.1362
 96 480  1.7728  1.0202 17.4678
120 480  2.2227 -0.0114 14.0687
144 480  3.2151 -0.6154 19.9419
168 480  3.7408 -1.5683 18.6020
192 480  6.0147 -0.7328 11.5455
216 480  8.1634  2.8530 13.9851
240 480  9.7687  1.1023 11.0589
264 480  9.8328 -1.0098 20.9991
288 480  9.6458 -1.1006 15.9611
312 480 10.0244  1.0347 15.7523
336 480  8.6562  1.4022 14.1201
360 480  6.9692  1.5944  9.3115
384 480  3.2171  3.1333 15.2804
408 480  1.2370  2.7576 17.7265
432 480  0.2418  0.7928 19.9846
456 480  0.1374 -1.0484 21.7153
480 480  0.0539 -1.0520 19.3913
504 480  0.4698  1.2272 20.9561
528 480  2.0927 -0.0282 20.7574
552 480  0.4516 -1.2231 14.7514
576 480 -2.2036 -0.3141 15.0764
600 480 -6.1132 -2.6655 13.9790
624 480 -6.3550 -4.8082 15.9088
648 480 -6.3553 -5.9003  9.7780
672 480 -8.9915 -7.5392 10.7563
696 480 -8.0236 -6.0350 14.1223
720 480 -10.1308 -4.0552  7.6816
744 480 -10.7887 -0.0933 16.7437
768 480 -1.8036  1.2261 10.1691
792 480 -1.9927  1.5122 16.9728
816 480 -0.0212  0.5395 16.7381
840 480  0.5441 -1.9102 17.9748
864 480  1.7418 -0.3883 13.6161
888 480  0.4106  2.6378 12.3500
912 480  2.8888  6.2832 16.4595
936 480  3.8342  6.3519 15.2847
960 480  5.8115  1.3992 10.1212
984 480  0.4663 -0.0369  7.9917
 24 504 -0.0252  0.0331 11.9121
 48 504 -1.1614  0.7628 21.1807
 72 504 -0.2882  0.9027 16.3706
 96 504  1.5489  0.7835 16.8274
120 504  1.9681  1.4583 14.9639
144 504  1.1693  0.1254 17.4009
168 504  2.0447 -0.5057 17.5989
192 504  3.0522  1.0502 14.2019
216 504  4.9150  3.5549 16.4565
240 504 11.6273  4.0295  7.7224
264 504 10.2034 -1.3164 18.3246
288 504  9.7108 -0.8493 16.8011
312 504  8.1160  0.0613 15.3601
336 504  5.2493 -0.0856 16.4259
360 504  3.8628  0.1033 14.3480
384 504  3.8455  2.6616 12.1808
408 504  1.9178  2.9141 15.8245
432 504 -0.1133  0.7737 11.0014
456 504 -0.1267  0.3750 11.3389
480 504 -0.7728 -0.0694 18.2642
504 504  0.5210  1.0045 19.4530
528 504  2.5485  0.1815 21.6119
552 504 -0.1743  0.0300 14.1712
576 504 -4.0409 -0.8255 15.6234
600 504 -3.6644 -2.1296 13.0072
624 504 -4.3919 -3.7727 13.9654
648 504 -0.2582 -4.0555  8.7065
672 504 -9.6925 -8.7782 12.4689
696 504  6.3235 16.2129  6.6724
720 504  0.0790 -4.2570 14.6994
744 504  0.1225 -3.9825 13.8737
768 504 -0.4502  2.4890 18.8618
792 504 -0.4954  2.1331 16.8592
816 504  0.1735  0.7578 17.0052
840 504  1.9671 -0.4127 18.3291
864 504  1.7333 -0.7549 20.3875
888 504  1.7584  0.7486 18.9300
912 504  2.9267  5.5189 13.5451
936 504  3.3749  5.8753 13.0644
960 504  3.1931  6.2153 12.2495
984 504  3.6141  0.0399  8.2257
 24 528 -0.0176  0.0598 12.4713
 48 528 -1.1060  1.2923 17.7307
 72 528 -0.3155  1.0679 19.6665
 96 528  0.0745  0.6514 19.1186
120 528  0.7525  1.9526 17.7264
144 528  4.8781  2.2035 13.5745
168 528  4.5905  0.9684 12.1428
192 528  1.1186  2.4902 14.8853
216 528  4.5476  3.5259 15.0227
240 528  5.5085  2.0882 15.1594
264 528  9.9970  3.2009 11.5178
288 528  8.7737  0.4941 13.6248
312 528  7.1006 -0.0539 12.9504
336 528  3.8037 -0.4345 14.9299
360 528  0.2202 -0.6423 15.3604
384 528 -3.2236  2.1156 17.6489
408 528 -4.5491  0.6459 15.3403
432 528 -6.7139  3.9462 17.9559
456 528 -7.0087  3.8154 19.9864
480 528 -5.9956  3.1222 16.0692
504 528 -7.1197 -2.8924 13.0737
528 528 -4.0929 -2.5388 13.8210
552 528 -3.5640 -1.9900 18.0551
576 528 -3.0204 -1.5272 15.0390
600 528 -1.7875 -2.6626 14.0271
624 528 -1.0631 -3.2127 14.8601
648 528  0.0127 -4.3484 15.5228
672 528 -0.7729 -9.1207 11.2545
696 528 -0.4260 -9.3495 14.3577
720 528  3.6174 -3.5790 13.7269
744 528  0.2089  1.8528 10.3347
768 528 -0.0282  2.7513 18.8680
792 528  0.2036  2.0352 17.5388
816 528  0.8950  1.3502 13.8501
840 528  1.9699  0.1928 16.3237
864 528  1.8914 -0.0243 15.5908
888 528  1.3822  1.1085 19.9371
912 528  1.8780  1.7253 19.0420
936 528  2.1230  3.5492 15.9426
960 528  3.0692  5.8196 17.3660
984 528  3.6540  0.0598  8.7480
 24 552 -0.0351 -0.0448 13.0739
 48 552 -1.8190  2.2970 14.7883
 72 552 -1.0830  2.5893 15.7208
 96 552 -0.3576  0.7296 16.6088
120 552 -1.9764  2.1654 13.4895
144 552  4.2752  3.1701 11.1550
168 552  5.3214  0.8076 12.9450
192 552  3.6927 -0.1007 11.9402
216 552 10.0441  8.6634 11.2332
240 552  2.1262  1.3761 10.3182
264 552  7.2458  4.0190 13.1024
288 552  4.3934  5.4270 10.8643
312 552  2.2404 -0.4099 12.5427
336 552  1.4045 -0.5186 15.1029
360 552 -1.6365 -0.0243 16.7853
384 552 -2.6390  1.1221 18.2786
408 552 -4.3239  0.7467 17.8892
432 552 -6.8005  1.0171 10.4813
456 552 -5.6779  3.5284 15.7749
480 552 -5.2124  2.5055 15.1493
504 552 -4.3608  0.5373 16.6800
528 552 -5.0857  1.1493 13.6456
552 552 -2.1491 -0.7374 16.0598
576 552 -1.8541 -0.8922 17.7947
600 552 -1.7910  0.0945 15.9613
624 552 -0.2732 -0.8610 15.2167
648 552  0.5678 -3.4207 13.8659
672 552  1.3797 -4.1307 14.6004
696 552  1.2824 -6.9918 13.0180
720 552  2.6883 -5.0235 10.1415
744 552  1.9455  3.3194 11.8949
768 552  1.1970  4.2571 14.9620
792 552  3.3525 -0.0739 10.4456
816 552  3.9170 -0.2263 12.8379
840 552  1.7967  0.7165 14.8118
864 552  1.6824  0.5790 14.5355
888 552  2.7785  0.7352 15.7555
912 552  2.2495  1.0111 17.0247
936 552  2.1656  3.0980 16.3761
960 552  1.1646  4.1523 13.3568
984 552  3.7273  0.0440  9.1327
 24 576 -0.0287  0.0429 12.2386
 48 576 -4.3887  1.2415 18.6982
 72 576 -1.4698  3.1267 13.2579
 96 576  0.9500  5.3011 12.1442
120 576  3.8285  1.0800  8.8036
144 576  4.4088  2.6687 10.9672
168 576  5.8695  1.0780 11.0069
192 576  6.0894  0.9246 12.2827
216 576 11.5117  7.0752 11.9123
240 576 11.8406  7.3910 11.1482
264 576  5.6126  5.7051 11.8661
288 576  5.4587  6.3212 16.0347
312 576  4.3477  5.6913 11.1440
336 576  0.8420 -0.0540 18.0927
360 576 -0.2834  0.5839 17.9934
384 576 -0.7627  0.8693 15.4048
408 576 -1.0563 -0.3494 16.9928
432 576 -1.2615  0.5776 12.1861
456 576 -3.3846  1.6285 14.6011
480 576 -3.1961  0.3537 14.4412
504 576 -3.1981  0.3064 13.0509
528 576 -1.9995  1.4117 15.6585
552 576  1.7863  1.8185 15.6485
576 576  2.5840  1.0292 12.8817
600 576 -4.4985  1.3747 14.6059
624 576 -3.3884  0.1871 17.4257
648 576 -1.5166 -0.8053 12.8924
672 576  1.1089 -1.3043 12.0581
696 576  4.2211 -1.1167 12.9518
720 576  3.7538  1.5621 12.4048
744 576  2.8448  2.9148 12.3097
768 576  3.7497  5.8765  9.8759
792 576  5.4903 -0.0573 12.3186
816 576  5.3595  0.0148 17.3666
840 576  7.8005  3.8900 12.6740
864 576  2.3045  1.0502 14.2226
888 576  2.9676  1.2056 19.5026
912 576  2.4093  1.6864 17.2151
936 576  1.8601  6.7066 22.1708
960 576  0.8576  5.0329 16.5078
984 576  3.7489  0.1162  9.0716
 24 600 -0.0211  0.1609 12.0586
 48 600 -3.9658  1.5327 23.4194
 72 600 -1.2996  3.0465 12.6586
 96 600  3.0367  5.0751 13.6075
120 600  5.0342  5.5032 15.9067
144 600  4.7017  3.7697 12.2619
168 600  5.7112  3.8914 12.9391
192 600  6.8512  5.0461 16.5643
216 600  7.7020  4.8559  9.3646
240 600 12.0455  5.1603  8.9938
264 600  8.3229 10.1476  9.5412
288 600  5.3882  6.8436 11.6228
312 600  4.6845  5.1156 12.7945
336 600  3.7073  2.8641 12.5388
360 600  0.3636  1.6375 19.6364
384 600 -0.1283  1.3259 21.5243
408 600 -1.2863  0.1270 19.3664
432 600 -1.6485  0.2569 19.7430
456 600 -1.2934  0.6191 18.5910
480 600 -2.0197  0.2258 14.2508
504 600 -2.0799  1.2170 16.1823
528 600 -0.9074  1.9355 11.8194
552 600 -2.3735 -11.5301  6.7608
576 600 -0.2710 -10.1913  8.5496
600 600  1.5302 -10.5270  5.6475
624 600  3.8760 -8.1916  7.4374
648 600 -4.3348 -0.0398 12.6838
672 600  0.2078 -2.2217 10.0058
696 600  4.3663  0.0462 14.2330
720 600  3.9937  1.5610 14.6561
744 600 -0.3063  4.7960 13.7406
768 600  0.2148  5.5440 16.3043
792 600  1.6453  4.3701 10.3543
816 600  3.8247  0.6605 13.5738
840 600  3.4553  2.6735 11.4508
864 600  6.4178  3.9255 14.4978
888 600  3.1659  2.0784 11.5465
912 600 -2.0857  4.2522 12.9752
936 600  0.1793  6.6499 14.3319
960 600  0.1502  2.9243 15.0770
984 600  3.6540 -0.0293  8.0304
 24 624 -0.0268  0.0587 12.5923
 48 624 -2.5163  1.8841 20.7952
 72 624 -0.6137  2.0974 17.0184
 96 624  2.3211  5.1463 15.9206
120 624  3.1770  6.0148 14.3845
144 624  2.0314  4.7692 11.5127
168 624  2.2151  4.0900 12.6467
192 624  6.0982  5.4196 11.8153
216 624  6.9805  5.7605  7.8917
240 624 12.9219 11.6023 10.4243
264 624  8.9673  9.7684 14.3678
288 624  6.7630  7.4122 13.9810
312 624  4.5964  5.4028 15.6168
336 624  3.9662  4.1017 16.6973
360 624  2.6970  4.1901 19.2712
384 624  2.4748  2.5884 14.1966
408 624  0.7303  1.3679 16.4883
432 624 -0.5991  0.8659 18.2127
456 624  0.2576  1.3415 15.2515
480 624 -1.9165  1.6845 13.2841
504 624 -1.9909  3.2225 17.1554
528 624 -1.5935  2.7133 10.0723
552 624 -1.9351 -11.8238 10.4039
576 624 -0.2597 -10.6532 16.5825
600 624 -0.0676 26.1876 14.4292
624 624 -23.3849  9.0320  9.1213
648 624  0.3034 -5.0262 10.7413
672 624 -0.0126 -6.8496 12.2253
696 624  4.0023  1.8643 13.6623
720 624  3.1856  1.1694 13.8656
744 624 -0.4402  3.3911 12.5132
768 624  0.0818  4.4707 14.3388
792 624  1.2321  4.6132 14.4157
816 624 -0.6277 -1.0479 16.6760
840 624 -0.6055 -1.2043 15.5657
864 624  3.1784  3.8916 12.7450
888 624 -2.0168  5.9853 10.8770
912 624 -4.9377  2.8488 13.9970
936 624 -4.8215  3.4665  9.5418
960 624  2.0409 -1.7038 15.0849
984 624  3.5662 -0.1855  8.3471
 24 648 -0.0169  0.0096 12.7518
 48 648 -1.8973  1.0001 18.8060
 72 648 -1.0475  0.8700 19.8777
 96 648  0.0847  1.7951 18.1037
120 648  1.3234  5.6607 15.0422
144 648  0.0680  5.2551 15.1800
168 648 -0.3131  5.1371 18.0991
192 648 -0.4178  4.8080 16.2705
216 648  0.0693  3.4705 14.0787
240 648  9.9580 10.5707  9.3565
264 648  8.1918 10.1358  9.4106
288 648  5.4211  6.5943 12.5733
312 648  5.2600  3.8170 11.1746
336 648  5.6475  1.6959 14.7994
360 648  5.4068  2.1876 15.9176
384 648  4.1329  2.2099 16.0067
408 648  2.8618  2.2925 13.6095
432 648  0.8280  2.2760 15.0223
456 648  0.8186  2.7666 16.5208
480 648  1.9330  6.4843 12.6183
504 648 -1.0144  4.2453 12.9736
528 648 -1.9482  3.7230  9.9818
552 648 -1.0116  9.9994  8.1440
576 648 -0.2928  9.1416 11.9238
600 648 -2.0324  8.2710  7.4236
624 648 -23.9872  9.2499 11.5316
648 648  1.7977 -2.6232 11.7861
672 648  0.2033 -3.0904  9.1881
696 648  3.7953  0.0241 17.6384
720 648  3.8640  0.6281 13.9746
744 648  3.4958  1.7495 14.5499
768 648  3.0540  6.3242  9.9842
792 648  4.4341  7.8045 12.6277
816 648 -0.8275 -1.2856 15.5808
840 648 -1.5162 -1.2150 21.7891
864 648 -0.9459  5.7416 22.8783
888 648 -0.8864  6.2182 21.7332
912 648 -3.1067 -0.0494  5.9524
936 648  1.5726 -6.3169 13.6252
960 648  2.7158 -1.8299  8.4521
984 648  0.4997 -0.1712  8.2707
 24 672 -0.0049 -0.0001 12.4024
 48 672 -1.8723  0.7017 20.9029
 72 672 -1.3593  0.2683 18.2677
 96 672 -2.1648 -0.1679 20.6757
120 672 -0.2572  5.1405 14.5685
144 672 -4.8116  8.2747 10.0717
168 672 -5.0878  8.1346 12.0386
192 672 -0.7476  2.0148 15.1693
216 672  1.1784  1.9883 15.1270
240 672  6.1250  6.9661 12.2508
264 672  7.6729 11.0481 13.5892
288 672  5.8041  7.7743 13.7543
312 672  4.1533  3.2622  9.8449
336 672  6.0252  1.0188 15.2357
360 672  4.6950 -0.4884 12.4153
384 672  2.3087  0.1466 12.0112
408 672  3.9574  3.9614 13.0343
432 672  3.4476  4.8736 12.3794
456 672 10.0755 14.9541 10.6980
480 672  4.9574  4.9432  7.9272
504 672  5.4590 10.1965 11.2156
528 672  6.7084 21.3300 11.0875
552 672  0.4874  9.9401  9.3445
576 672 -0.0988  9.1218 13.9822
600 672  1.6899  2.7690 18.6144
624 672  2.7108  2.0497 13.0169
648 672  3.4356  0.5881 15.8499
672 672  3.9979 -1.1327 18.5304
696 672  4.5623 -0.7220 22.2342
720 672  4.7699  0.2843 16.0873
744 672  4.7464  1.2915 14.4794
768 672  5.9438  4.1222 12.2981
792 672  5.9266  7.9294 16.3935
816 672  4.8975  7.9180  9.9251
840 672 -1.0094  5.2607 15.8486
864 672 -1.2496  6.5993 22.1288
888 672 -1.1557  6.6357 22.9076
912 672 -0.0636  6.3382  8.4341
936 672 -2.1995 -6.2167 16.8047
960 672 -1.8444 -6.3913  9.4323
984 672  3.7122  0.0990  8.4137
 24 696  0.0200  0.0224 11.9036
 48 696  0.3067  0.9255 19.6403
 72 696 -1.4524  2.7171 15.6525
 96 696 -2.6193  1.7690 14.7776
120 696 -14.2823  5.2465 10.1270
144 696 -5.0676  3.8773  8.2014
168 696 -1.5675 -0.1047 15.2963
192 696 -0.6340 -0.0542 19.5618
216 696  0.1757  0.5242 13.5353
240 696  3.1484  3.2834 13.2893
264 696  5.4767  6.2050 11.7244
288 696  5.8973  7.6934 13.3613
312 696  5.0904  7.1182 11.5673
336 696  0.1485  1.6728 18.1667
360 696 -0.4008  0.0359 21.8330
384 696 -0.0648 -0.1451 17.7899
408 696  2.0619  3.1312 12.6755
432 696  7.5350 16.3459 10.0104
456 696 10.0580 14.8878 12.5575
480 696 11.0733 15.8080 14.1070
504 696 10.9403 15.7945  8.7152
528 696  6.9971 18.0030 11.1464
552 696  7.1139 17.8974  7.8719
576 696  9.8430  8.2182 11.8297
600 696  2.9799  2.4138 16.0336
624 696  2.9469  1.7826 21.4908
648 696  3.2960  0.9969 21.8789
672 696  3.8885 -1.1742 11.9572
696 696 -5.5349 -2.4022  9.8993
720 696 -4.7882  2.0486  8.6340
744 696  1.4574  3.7164 12.0139
768 696  2.3573  3.7894 13.6986
792 696  2.4361  7.5311 13.0053
816 696  2.7716  9.0466 15.9507
840 696 -1.7105  4.0331 11.6140
864 696 -1.6109  6.5283 15.1047
888 696 -0.1405  6.8040 11.5235
912 696  4.7773  2.0338 10.8359
936 696 -0.2499 -4.8280 14.6045
960 696 -0.5790 -4.2884 15.7114
984 696  3.7789  0.0704  8.8382
 24 720 -0.0051  0.0134 12.7505
 48 720  0.1881  0.9929 14.5514
 72 720 -1.2126  2.6774 15.5786
 96 720  0.0159  2.7734 16.9558
120 720  0.2648  2.4977 14.5741
144 720 -0.4810  0.4413 11.8483
168 720 -0.8798 -0.4169 16.2273
192 720 -0.7637 -0.7672 19.0196
216 720  0.2394 -0.6127 17.2316
240 720  2.9838  2.6484 13.1116
264 720  8.6952  8.9099 11.0806
288 720  8.0422  8.2152 13.5756
312 720  5.8478  7.3127 13.8575
336 720  2.0684  2.7786 13.3840
360 720  1.0983 -0.7426 14.2429
384 720 -1.0827 -0.8151 18.9542
408 720 -2.1255  1.3787 13.3949
432 720  3.7956  9.8993  9.5538
456 720  6.1567 12.5769 13.1472
480 720  6.2489 11.1198 13.3011
504 720 -41.3942 -24.5198  7.4333
528 720  5.9558 -32.7337  9.3273
552 720  3.6848 -33.3971  6.6524
576 720 11.2098  8.1621 12.4247
600 720 -7.9435 -16.8812 11.2492
624 720  0.7703  0.7056  9.0383
648 720  1.0548  0.4260 17.8712
672 720 -5.0673 -2.1146 11.2154
696 720 -6.3417 -3.7149 14.2130
720 720 -4.1618  2.6932 14.4122
744 720 -0.6730  4.5652 15.7968
768 720  1.5654  5.4351 17.7038
792 720  1.4890  6.9495 17.1191
816 720  1.4847  7.1760 16.0403
840 720  3.2961  9.5593 12.4446
864 720  5.9404 16.6319 11.2788
888 720  2.2856  2.7414 11.5835
912 720  3.7525  7.0561 13.0020
936 720  6.6874  7.7523 15.6871
960 720  7.0681  5.7992  9.4589
984 720  3.6140  0.0046  8.6296
 24 744 -0.0082 -0.0001 12.3765
 48 744 -5.0600  0.9481 14.2770
 72 744 -1.7625  0.0788 11.9369
 96 744  0.3078  1.7711 14.6815
120 744  2.6114 -0.3157 14.9566
144 744  3.6291  0.2856 18.6139
168 744  3.0655  0.8112 16.1213
192 744  2.9822  0.8526 12.3409
216 744 -0.1088 -0.7361 10.5931
240 744  5.2926  4.8352  9.0305
264 744 10.3728  4.8200 12.8172
288 744  9.3819  7.8796 13.4421
312 744  6.9912  7.9369 12.3993
336 744  5.9294  5.8885 11.9070
360 744  2.3575  3.6682 13.6283
384 744 -0.2686  2.1035 16.1945
408 744 -1.1204  1.6964 15.6456
432 744  2.1745  9.2718 13.2431
456 744  2.3062  9.6991 15.6600
480 744  5.9483 11.8129  9.5034
504 744  9.5772 12.9194  7.2253
528 744 12.2589 23.7032 11.4355
552 744 11.9201 23.3155 12.7740
576 744  6.1527 20.9217 10.7035
600 744  6.8386 20.1375 15.0101
624 744  2.3098  5.8807 15.1049
648 744  0.0729  3.1765 16.9323
672 744 -1.6782  1.8282 12.9186
696 744 -5.8971 -1.7006  6.8389
720 744 20.9551 -2.8372 10.3072
744 744 -1.2314  7.8609 13.7334
768 744 -0.6710  7.8448 18.2898
792 744 -0.4109  2.9364 15.4640
816 744 -0.8111  1.0165 17.2484
840 744  0.0448  2.7549 10.0193
864 744 14.3423  0.4373 22.5529
888 744 12.8427  0.7940 21.2013
912 744  0.0760  4.7476  8.8771
936 744  7.4227  6.9499 15.8106
960 744  5.9499  0.2657 10.4372
984 744  3.6704  0.0135  8.3542
 24 768 -0.0455 -0.1435 12.0701
 48 768 -1.7108 -3.2732 11.1269
 72 768 -1.8347 -3.4560 14.7157
 96 768 -1.8071 -3.7568 12.8743
120 768  2.1894 -1.0320 11.3666
144 768  4.2357  1.6396 15.2218
168 768  5.5550  2.9113 16.8026
192 768  6.3468  3.1890 14.6235
216 768 12.7270  8.1038  9.1343
240 768 11.7092  8.6285  9.1802
264 768 12.3040  6.9125 12.6554
288 768 11.9986  8.3695 11.2454
312 768  9.9370  8.1195 12.0122
336 768  7.1325  4.5612 12.9866
360 768  4.1592  2.7235 14.8105
384 768  1.8234  2.5363 17.7656
408 768  0.2078  1.7763 15.7675
432 768 -1.3702 -0.2165 11.5149
456 768  1.0581  9.4832 11.5234
480 768  1.4581 13.4618 12.2752
504 768  2.1613 12.7440 12.9582
528 768  4.2133 15.7204  8.1506
552 768 -9.2425 -21.1017  7.3626
576 768 12.1235 -25.0429  8.4881
600 768  4.2201 17.8327 11.0009
624 768  2.8952  5.4068 15.5509
648 768 -0.0688  4.2478 16.1022
672 768 -1.6059  3.2452 15.1459
696 768 -6.3254  8.6318 13.6897
720 768 -6.7915  8.0139  9.8983
744 768 -2.4474 10.0021  7.9672
768 768 -0.5827  7.3641 13.0113
792 768 -0.4807  0.8488 21.2842
816 768 -0.7538  0.6289 20.9026
840 768  6.1360 13.9220 10.5984
864 768  9.8788  4.0174 28.9555
888 768  9.9422  3.8538 22.2563
912 768  8.6739 -0.1416 14.0599
936 768  8.1443  4.6534 14.9464
960 768  7.1496  1.8788 11.7381
984 768  3.6882 -0.0398  8.0090
 24 792 -0.1214 -0.2099 12.1641
 48 792 -5.9384 -4.1889 15.3056
 72 792 -3.7211 -3.8102 15.7762
 96 792 -1.0165 -4.6766 15.4623
120 792  1.8314 -7.9115 12.5469
144 792  4.9028  3.2491 10.2292
168 792  5.7642  3.7198 15.7385
192 792  6.8868  3.6724 15.7903
216 792 10.6680  8.0803 11.2321
240 792 14.0676 10.8012  9.9729
264 792 15.7169  5.1094  7.0654
288 792 13.1663  8.1233  9.3357
312 792 10.1521  8.1965 11.5179
336 792  8.7887  7.6936 15.5988
360 792  6.9444  5.1059 13.0840
384 792  2.8920  2.0454 18.3057
408 792 -0.2348  0.1359 16.4853
432 792 -3.1338 -2.0710 15.0340
456 792 -2.6218  8.7779 15.2884
480 792 -0.1068 11.2081 13.5694
504 792 -0.3381 11.8440 11.1879
528 792  6.5280 17.4563  6.9737
552 792  6.5116 19.4808 13.8610
576 792  3.6266 17.3429 15.2597
600 792  3.7751 17.7714 11.8787
624 792  2.1602  5.7439 17.2388
648 792 -0.0275  6.0310 18.7470
672 792 -2.1600  3.7399 15.4508
696 792 -7.5721  7.0970 12.9747
720 792 -8.0453  7.1592 12.0771
744 792 -5.2244 17.0821 10.7386
768 792 -2.6979  1.0597 10.8426
792 792 -3.1283  1.0161 16.2445
816 792 -4.4418 -0.2752 13.2354
840 792 -5.4970 -4.1038 10.6612
864 792  9.5754  3.6032 21.2757
888 792  9.9426  2.7095 16.5124
912 792  8.8832 -0.2099 14.9539
936 792  9.6004  1.7135 14.8539
960 792  7.2888  1.7143 10.5841
984 792  3.6952 -0.0294  7.9266
 24 816 -0.0813 -0.1240 12.6457
 48 816 -6.6709 -4.3819 15.1233
 72 816 -4.9487 -2.7160 12.3035
 96 816  1.8337 -4.1741 11.9923
120 816  0.2169 -4.3092 10.9107
144 816 -0.5026 -3.3215 10.8601
168 816  4.7260  5.1914 11.5989
192 816  7.3100  5.0474 11.6903
216 816 10.2173  8.5365 10.7834
240 816 13.3250 12.5504 12.4351
264 816 13.9845 13.0972 13.2425
288 816 12.3449  8.7151  9.2678
312 816 12.0220  9.1690  9.9087
336 816  8.0347 -0.1524 15.7443
360 816  7.9579 -0.0674 19.5007
384 816  5.1617  3.8735 13.5644
408 816  4.2826  5.2204  9.1474
432 816 -3.2369 -2.0072 10.1367
456 816 -1.8212  8.4211 12.8874
480 816 -1.9346 11.9127 17.3506
504 816 -1.2583 12.7448 17.6754
528 816 -0.2171 11.4480 13.4563
552 816  6.3766 19.0383 10.6752
576 816  5.1876 19.1168 13.8043
600 816  1.1810 12.6033  7.3419
624 816 -5.0551 10.0816  7.4264
648 816 -1.9999  6.2205 15.0532
672 816 -2.7352  6.7982 16.1607
696 816 -8.0563  7.0679 10.9663
720 816 -10.8875  7.1635 11.1166
744 816 -5.9907 14.6411 14.7768
768 816 -4.8512 17.1644 12.9065
792 816 -4.1093  2.3787 14.4968
816 816 -5.8054 -3.0936 13.0779
840 816 -5.3114 -2.2736 14.8664
864 816 -2.7520 -0.9930 12.5285
888 816  8.2079 -1.3143 17.6732
912 816  9.1489 -0.6278 16.4957
936 816  9.1441  1.9880 15.7913
960 816  5.4937  0.6188 11.7846
984 816  3.7894 -0.0059  8.4780
 24 840 -0.0003 -0.0796 12.6013
 48 840  0.2503 -4.5466 15.7052
 72 840  4.9136 -4.8460 11.6424
 96 840  3.1699 -3.0635 13.1633
120 840  3.6600  0.2211 14.3014
144 840  0.8180  0.0927  9.8976
168 840  0.2925  7.2676  9.1331
192 840  5.8003  8.1038 11.9335
216 840  5.9137 10.5459 11.7084
240 840 -12.1891 -0.3719  9.2801
264 840 10.8024 15.2944  5.9967
288 840 10.0348 11.0612 11.0471
312 840  9.9645 11.4117  7.2301
336 840  6.4023 -0.6941 12.5338
360 840  7.5261  0.0181 10.8568
384 840  7.1134  7.0707 10.7591
408 840  2.5228 12.1428 11.8296
432 840  1.6209 12.4881 14.9219
456 840  0.0823  6.8523 13.7918
480 840 -3.7079 13.9841 12.3555
504 840 -1.2797 13.6520 13.2924
528 840  0.0434 12.9770 16.3973
552 840  0.4350 12.9966 17.6538
576 840 13.0042 20.1789  7.1214
600 840 -6.7598 10.0932 16.3940
624 840 -5.7663 10.2507 21.3872
648 840 -2.2608  5.4548 14.0325
672 840 -1.8465  6.6762 16.1583
696 840 -2.8391  9.0986 12.1528
720 840 -13.0205  9.6869 11.1703
744 840  1.0000  1.0000  6.9534
768 840 -6.3273  1.9966 11.2153
792 840 -4.7195  2.6815 15.7024
816 840 -5.1517  2.6764 17.3151
840 840 -4.4843  0.3158 14.5331
864 840 -2.0384 -0.4740 15.9752
888 840 -0.3378 -4.1672 14.5286
912 840 -1.2603 -4.2367 12.6534
936 840  1.7555 -1.8946 12.8622
960 840  7.0000 -0.8984 17.3027
984 840  3.7772 -0.0941  9.0443
 24 864  0.0045 -0.0309 12.1548
 48 864  4.0034 -4.3191  9.2650
 72 864  5.4048 -2.8456 13.9099
 96 864  5.2966 -3.7803 12.4747
120 864 -0.0534  5.6969  5.7096
144 864 -0.4058  6.9908 17.0571
168 864 -1.6329  8.7112 18.3542
192 864 -2.6659  9.7216 14.5515
216 864  0.3142 12.3677  7.9430
240 864  0.2828 15.0614  9.1069
264 864  9.0602 16.7092  9.3257
288 864  8.2177 15.9339  8.0531
312 864 -24.1380  5.9783  6.5231
336 864 13.7187 -6.8551 12.2171
360 864  6.8095  9.2348  6.9715
384 864  7.9879  8.3308 11.5695
408 864  1.1471 13.6713 10.1519
432 864  0.4348  8.9962 13.7320
456 864  0.8070  8.0823 16.1185
480 864 -3.6732 15.4419 14.0532
504 864 -2.7162 14.1184 11.9439
528 864 -1.8954 11.7193 12.1035
552 864  2.1400 11.2893  9.2492
576 864 -6.9341  5.2262  7.8739
600 864 -6.9195 10.3749 15.0164
624 864 -6.9707 11.5921 13.9943
648 864 -6.2659  1.7952  8.1008
672 864 -1.8931  5.1366  8.8480
696 864  1.0000  1.0000  7.9953
720 864  1.0000  1.0000  7.2960
744 864 -13.1261  9.9221 16.4024
768 864 -11.0498  8.8564 12.2832
792 864 -5.9183  4.6312 13.1405
816 864 -5.2338  2.4549 16.5380
840 864 -4.0379  0.7764 14.4527
864 864 -0.3133  0.1578 18.4497
888 864  0.4079 -1.2364 16.5559
912 864 -1.3345 -3.8689 18.9451
936 864  0.6646 -4.1790 10.9889
960 864  5.4738 -4.2803 18.6850
984 864  3.6230 -0.1472  8.4034
 24 888  0.0092  0.0159 12.2468
 48 888  8.0664 -2.2754 11.1073
 72 888  5.5481 -2.0564 12.3912
 96 888  5.0250 -1.5541 10.1448
120 888  1.2413  6.0120  8.1736
144 888  1.8554  7.1930 11.7622
168 888 -0.0160  9.8163  9.5201
192 888 -1.8668 11.7240 13.0121
216 888 -1.9159 12.9907 17.5265
240 888  0.1248 14.9401  7.1447
264 888  9.8778 18.3436  8.7734
288 888  9.1089 15.4379 13.0964
312 888  2.4012 25.7865 10.3909
336 888  3.5484 27.8469 11.7341
360 888  8.7743 -10.6750  6.2775
384 888  2.9791 13.1554  9.9889
408 888  1.9572 15.6773 11.9582
432 888  3.3676 10.1722  7.5190
456 888  1.8291  7.9413  9.1390
480 888 -1.7434 15.1371 16.0415
504 888 -1.7957 14.6257 16.0759
528 888 -2.1526 12.3633 15.5779
552 888  0.1627 15.2135 10.0894
576 888 -10.7155 21.2423  9.8421
600 888 -14.6096 17.2863 10.8849
624 888 -14.5305 17.1778 10.8685
648 888 -15.8185 11.2509 11.9289
672 888 -15.9226 11.6896 12.0094
696 888  1.0000  1.0000  8.8042
720 888 -7.5999 13.5431  7.7890
744 888 -10.7184  8.7925 16.7187
768 888 -10.8676  8.1379 18.0656
792 888 -5.7589  6.5916 11.8491
816 888 -4.9819  5.8274 12.4779
840 888 -1.6376  2.4224 14.6923
864 888  0.2247  1.3130 16.5372
888 888  1.8087  0.3075 16.3541
912 888  2.7204 -0.7765 16.3200
936 888  3.0848 -6.0802 12.5668
960 888  4.2426 -4.9577 15.6253
984 888  3.5806 -0.2839  8.5038
 24 912  0.0270 -0.0118 12.2918
 48 912  8.2894 -3.0791  8.5382
 72 912  4.0724  0.0892 18.3578
 96 912  3.6752  0.7662 13.5681
120 912  1.6936  6.6582 10.2528
144 912  3.1442 12.8291 13.7306
168 912  3.8306 12.0279  9.9071
192 912 11.9071 23.6795  6.9655
216 912 -12.0438 -24.1895  8.5544
240 912 -0.7567  8.9281  6.3685
264 912  7.5283 17.4068 12.5763
288 912  8.7736 17.6063  9.0780
312 912  8.5434 14.2200  6.4513
336 912  6.6060  8.3013  6.9469
360 912  6.3925  8.1991 10.2734
384 912 19.1518 -0.1070  6.0765
408 912  1.3592 18.7100  8.6126
432 912  1.9029 15.6144 13.8300
456 912  1.9418 16.4487 14.2909
480 912  1.4995 16.7101 10.7621
504 912 -3.9471 14.6440 11.1483
528 912 -6.0667 15.1056  9.2420
552 912 -6.2940 21.0158  9.6950
576 912 -9.0029 20.0724  9.1994
600 912 -13.5046 17.2465 13.1062
624 912 -13.5446 16.9925 14.0509
648 912 29.2600  2.0929  8.2260
672 912 -3.2190  0.9430 11.0539
696 912 -2.9287 15.2342 10.5901
720 912 -4.2485 16.9235 10.1783
744 912 -12.0171  6.7565  7.5406
768 912 -9.1464  8.1078 10.6235
792 912 -5.0879  8.0454  7.0302
816 912 -3.0588  6.8172 11.2219
840 912 -2.1225  5.0169 14.5908
864 912 -0.2234  2.8345 15.1412
888 912  0.8203  2.0123 12.9373
912 912  2.6773  0.2260 16.3998
936 912  3.1103 -2.2509 10.9269
960 912  3.0877 -4.4875 13.5349
984 912  3.7472 -0.2377  9.0787
 24 936  0.0123 -0.0126 12.4060
 48 936  4.0114 -4.7122 12.8740
 72 936  4.1482  2.9873 13.8505
 96 936  4.2013  3.8579 13.6522
120 936  1.6860 12.7911 13.0935
144 936  1.9591 12.8858 14.2136
168 936  6.5161 -23.6117  6.9470
192 936  5.1822 -23.3193 10.8036
216 936  8.0625 21.6073 11.9596
240 936  5.7288 17.0471  9.5806
264 936  6.7669 16.9593 10.5394
288 936 -18.0383 -16.2598  6.4988
312 936  6.0886 13.8490  8.8397
336 936  7.3549  9.4317  9.3341
360 936  5.1501  7.8213 10.0910
384 936 -0.2444 17.9130  6.4053
408 936 -0.3445 14.3562  6.2063
432 936  2.9409 14.3771 12.7464
456 936  3.6700 15.3243 10.8254
480 936  3.1143 18.3323 10.6158
504 936  1.4713 17.3457  8.6915
528 936 -4.7310 11.2854  9.6444
552 936 -5.2762 17.1013  9.2538
576 936 -5.0996 17.2823  9.1723
600 936 -4.8259 17.8420  8.8804
624 936 -8.1710 16.9366  7.4842
648 936 -12.4253  6.9803 14.0313
672 936 -9.8890  3.2684  9.6065
696 936 24.7258 -0.6521  7.3908
720 936 -7.9969 17.9197 11.8329
744 936 -8.8789 16.9789 11.8255
768 936 -13.3865 14.9003 13.8126
792 936 -12.6187 15.1883 15.9183
816 936 -1.8836  1.2624  8.7785
840 936 -5.5917  6.5201 10.4923
864 936 -0.4592  4.7302 11.2622
888 936 -0.7304  3.1408 14.3491
912 936  0.4600 -0.2588 10.0505
936 936  2.7993 -1.0244 12.7925
960 936  2.1404 -3.2345 13.9336
984 936  3.7693 -0.1230  9.3821
 24 960 -0.0020  0.0027 12.5811
 48 960  4.1896 -4.6668 13.1068
 72 960  1.3669  7.7602 12.3186
 96 960  1.8022  8.7307 11.3305
120 960  3.6971 12.8204  8.4449
144 960  3.7741 13.0011 10.2399
168 960  8.0803 17.1138 11.8262
192 960 10.2217 17.0473 16.2238
216 960 -7.7725 -28.1246  6.7031
240 960 -10.1969 -23.8356  6.1306
264 960  8.9010 15.8545  9.7983
288 960  8.9492 15.6486 12.0388
312 960  7.3744 13.4886  9.7514
336 960  7.2441 10.1240 13.4060
360 960  5.6649  9.0799  8.0843
384 960 -1.7588 18.1431  8.4115
408 960 -1.2126 15.2050 12.5108
432 960 -0.9010 13.1724 10.4430
456 960  2.2247 17.9651  7.4867
480 960  2.2840 18.0400 12.8675
504 960  5.0198 13.1396 10.6155
528 960 -4.8416  6.5911  7.6007
552 960 -5.0365 17.7239 11.5893
576 960 -6.5409 17.6481 11.8366
600 960 -6.9635 15.9549  9.4030
624 960  1.9339 -16.9619  8.9137
648 960 -12.0609  7.0255  9.7819
672 960 -9.1530  2.8311 15.5546
696 960 -7.6570  4.2037 12.3054
720 960 -8.5646  8.3676 10.2235
744 960 -10.0695 17.3198 11.8396
768 960 -12.5561 14.9297 11.0194
792 960 -12.8066 14.7202 11.3163
816 960 -7.2542 11.3201  9.7510
840 960 -8.0157 10.4385 10.0929
864 960  0.0712  4.9138  9.1057
888 960 -1.2372  2.6343 13.3872
912 960  0.0771 -0.8697 11.9547
936 960  3.8415 -0.2262 13.9521
960 960  3.7504 -0.6620 18.0555
984 960  3.6751 -0.1386  8.7539
 24 984  0.0035  0.0019 14.9190
 48 984 -0.0339 -0.0101 12.5003
 72 984  0.0129 -0.0038 12.3114
 96 984  0.0159  0.0194 12.6232
120 984 -0.0748  0.0368 13.0595
144 984 -0.0257  0.0089 11.8866
168 984  0.0017 -0.0160 11.5691
192 984 -0.0308 -0.0190 12.1410
216 984 -0.0236 -0.0340 11.8326
240 984  0.0180 -0.0017 12.2415
264 984  0.0261  0.0125 12.4738
288 984  0.0404  0.0015 12.2028
312 984  0.0279  0.0055 12.4370
336 984 -0.0001  0.0033 12.2696
360 984 -0.0106  0.0080 12.0884
384 984 -0.0194 -0.0018 12.5346
408 984 -0.1014 -0.0184 12.0392
432 984 -0.1333  0.0129 11.6639
456 984 -0.0767  0.0151 12.4568
480 984 -0.0381 -0.0005 12.2486
504 984 -0.0309  0.0047 12.2491
528 984  0.0053  0.0146 12.5686
552 984 -0.0227  0.0084 12.6768
576 984 -0.0360 -0.0078 12.1684
600 984  0.0274  0.0278 12.5115
624 984 -0.0156  0.0240 12.4978
648 984 -0.0165 -0.0020 12.2745
672 984  0.0147 -0.0024 12.5327
696 984 -0.0007 -0.0018 12.0227
720 984 -0.0122 -0.0107 11.8881
744 984 -0.0101 -0.0067 11.9861
768 984  0.0254 -0.0032 12.3279
792 984 -0.0274 -0.0172 12.3612
816 984 -0.0077 -0.0029 12.3789
840 984  0.0711  0.0077 12.1389
864 984  0.0688  0.0056 11.2054
888 984 -0.0695 -0.0070 11.9300
912 984 -0.0942 -0.0160 12.5118
936 984  0.0598 -0.0157 12.4999
960 984  0.0897 -0.0094 12.6612
984 984  3.6452 -0.0268 12.2840
