 24  24  0.0089 -0.4281 12.9577
 48  24 -0.0272 -0.3835  9.2635
 72  24 -0.0987 -0.4267  9.3654
 96  24 -0.0925 -2.0911  9.7325
120  24 -0.0468 -1.8508  9.6240
144  24 -0.0483 -1.7636  9.1249
168  24 -0.0687 -2.0057  9.2989
192  24 -0.0794 -2.0829  9.8814
216  24 -0.1008 -1.9586  9.8056
240  24 -0.0485 -1.7908  9.6437
264  24 -0.0143 -1.7505  9.4778
288  24 -0.0260 -1.9432  9.7469
312  24 -0.0386 -1.9697  9.7817
336  24  0.0248 -0.4486  9.2755
360  24 -0.0148 -0.4513  9.2210
384  24  0.0090 -2.0462  9.7685
408  24  0.0106 -2.0217  9.8352
432  24 -0.0246 -1.7980  9.2994
456  24 -0.0119 -1.7167  9.1821
480  24  0.0702 -0.4384  9.2165
504  24  0.1420 -0.3882  9.0277
528  24  0.0185 -1.8475  9.0996
552  24  0.0435 -1.8139  9.5310
576  24  0.0627 -0.4566  9.6692
600  24  0.0642 -0.4175  9.7674
624  24  0.0052 -0.4199  9.4271
648  24 -0.0207 -1.7113  9.0354
672  24 -0.0646 -1.7982  9.7788
696  24 -0.0121 -1.8069 10.0919
720  24  0.0126 -1.5749  9.4723
744  24 -0.0123 -1.8028  9.4239
768  24 -0.0499 -2.1673 10.0879
792  24  0.0123 -2.1300  9.7461
816  24 -0.0225 -1.8750  9.4800
840  24 -0.0372 -1.7818  9.2641
864  24 -0.0754 -1.8369  9.2956
888  24 -0.0660 -1.8607  9.7472
912  24 -0.1727 -1.8656  9.2114
936  24 -0.2095 -0.4154  8.4719
960  24 -0.0814 -0.4215  9.4572
984  24  4.6920 -0.4632 10.2410
 24  48  0.0166  0.0205 12.1509
 48  48 -6.8300 -4.8769 10.5012
 72  48 -2.2467 -4.2326 11.3142
 96  48 -3.7714 -2.0846 12.2284
120  48 -4.8321 -2.0859 12.3775
144  48 -6.4136 -4.5827 15.0485
168  48 -7.0083 -5.2311 13.7976
192  48 -7.9176 -5.9981 11.8232
216  48 -9.0831 -6.5881 14.4186
240  48 -6.8626 -5.1394 13.2268
264  48 -5.0088 -4.8424 11.7003
288  48 -3.9020 -4.1807 16.7046
312  48 -2.8809 -3.1065 18.3771
336  48 -0.3332 -3.7387 17.7941
360  48 -1.0570 -4.7572 14.9736
384  48 -1.9004 -7.2164 14.7083
408  48 -0.3507 -5.9090 14.3417
432  48 -1.7190 -3.0294 15.3786
456  48 -1.6950 -0.2954 11.7242
480  48  0.4424  2.5971 19.2724
504  48  1.0699  2.0524 19.7019
528  48  1.3083  1.6954 18.0028
552  48  1.9730  0.0551 17.8340
576  48  1.5655 -1.1578 17.9017
600  48  1.3531 -1.1667 15.0134
624  48  1.4605 -1.6487 16.2636
648  48  1.2826 -0.1093 14.0803
672  48 -0.2978 -1.2846 13.5056
696  48 -0.5142 -2.9361 17.1259
720  48 -0.2392 -3.5656 14.9243
744  48 -1.1746 -2.3409 16.9778
768  48 -1.6409 -2.2895 13.7278
792  48 -0.2408 -1.3596 12.0924
816  48 -1.2283  0.9544 14.0596
840  48 -1.3488  1.2855 12.7297
864  48 -1.2985  3.6184 12.8471
888  48 -0.0835  3.2117 14.0386
912  48 -3.6030  1.0946 14.2710
936  48 -0.8106 -2.1062 13.4966
960  48  0.9414 -4.0297 13.8082
984  48  4.7440 -0.0169  7.5586
 24  72  0.0050 -0.0329 12.3235
 48  72 -1.5920 -5.7803 23.2098
 72  72 -1.9207 -4.7067 13.6964
 96  72 -4.2592 -2.2637 14.9313
120  72 -5.2047 -3.9651 12.7793
144  72 -6.1917 -5.2387 15.7746
168  72 -7.4862 -6.0165 16.5811
192  72 -8.4004 -6.7840 15.4808
216  72 -8.5879 -7.1943 19.4063
240  72 -7.9781 -6.8442 14.9208
264  72 -4.0087 -6.3785 13.2124
288  72 -3.6103 -5.7733 12.1766
312  72 -2.6156 -3.5991 14.6592
336  72 -0.1414 -3.3079 15.1056
360  72 -0.9586 -5.8215 14.2928
384  72 -2.5205 -6.8812 15.8043
408  72 -1.9948 -5.0383 13.5791
432  72 -1.3122 -2.8444 13.4871
456  72 -3.7092 -0.1294 12.2050
480  72  0.0212  1.6713 16.4497
504  72  0.7192  1.8495 17.3605
528  72  0.3817  1.2649 14.2531
552  72  1.5720 -0.0542 18.5175
576  72  1.1120 -0.2190 17.5941
600  72  0.6485 -2.7802 13.2494
624  72  1.2439 -2.0195 11.9131
648  72  1.4682 -1.6476 15.5067
672  72  1.1281 -1.0589 15.4944
696  72  0.1436 -2.8707 17.5181
720  72 -0.0443 -3.6030 14.1490
744  72 -0.2637 -3.6531 12.1999
768  72 -1.8108 -2.0915 11.5229
792  72 -0.1978 -0.7554 13.6954
816  72 -2.4709  0.3138 15.0776
840  72 -3.9118  0.6755 13.2986
864  72 -1.6595  2.0215 11.5727
888  72 -0.0820  3.2323 14.6016
912  72  1.7178  0.1073 17.2322
936  72  1.5923 -0.9832 17.6496
960  72  2.1678 -1.8604 17.8711
984  72  4.7823 -0.0735  7.7964
 24  96 -0.0196 -0.0665 12.4080
 48  96 -2.0476 -5.0499 17.0292
 72  96 -3.3090 -1.4146 14.7362
 96  96 -4.6323 -1.9770 16.7355
120  96 -4.0709 -2.7683 13.0154
144  96 -5.9939 -6.0354 14.3222
168  96 -7.2045 -6.0956 16.8514
192  96 -7.5730 -6.3702 13.7294
216  96 -8.6055 -7.7721 14.5558
240  96 -5.9632 -8.0310 12.6426
264  96 -4.6650 -8.1637 12.3753
288  96 -3.3445 -7.2094 12.1222
312  96 -2.1018 -5.4156 14.9696
336  96 -1.6442 -4.2911 16.2013
360  96 -1.8227 -3.5839 15.7999
384  96 -2.2385 -3.8464 18.2203
408  96 -2.3198 -4.2194 16.3879
432  96 -2.8462 -0.7907 13.9473
456  96 -3.0677  0.0616 15.4690
480  96 -0.8924  0.1755 15.6108
504  96 -1.2989  0.2347 15.5600
528  96 -0.8940 -0.2619 15.4736
552  96 -1.1244 -0.9697 17.0976
576  96 -1.4717 -1.4184 17.6400
600  96 -0.3052 -3.4502 12.8245
624  96 -1.2272 -4.5749 12.4312
648  96 -0.2740 -1.9139 12.1523
672  96 -0.2690 -1.0505 13.1388
696  96  0.5450 -1.2983 17.3458
720  96  0.6540 -5.0940 18.1346
744  96  0.0295 -5.5665 13.4386
768  96  0.0853 -4.3060 11.2271
792  96 -0.0973 -3.4794 11.3171
816  96 -2.2244 -0.1482 13.6111
840  96 -3.3284 -0.0981 14.4074
864  96 -6.3923 -0.9975 10.5277
888  96  0.8816  2.1813 12.9302
912  96  2.1855  1.7966 13.5006
936  96  1.5737 -0.4983 19.6146
960  96  1.8290 -1.2292 19.5070
984  96  4.7793 -0.0167  7.4607
 24 120 -0.0218 -0.1050 12.3707
 48 120 -3.2881 -2.8174 15.0231
 72 120 -3.9632 -0.4866 16.9450
 96 120 -3.9951 -0.7836 15.5434
120 120 -4.2323 -2.3317 15.4380
144 120 -5.0891 -4.5414 10.9538
168 120 -5.8377 -4.9450 12.8106
192 120 -5.3226 -5.3451 12.8131
216 120 -5.2075 -8.4178 14.0909
240 120 -4.4503 -8.4508 14.2450
264 120 -3.0011 -7.1035 12.3174
288 120 -2.9826 -7.2825 14.3973
312 120 -2.8553 -5.9843 16.2282
336 120 -1.3870 -3.9595 13.3203
360 120 -0.4597  0.2055 19.0684
384 120 -1.8336 -0.8000 16.2316
408 120 -2.6582 -1.1253 14.6924
432 120 -2.0896  0.1257 16.2406
456 120 -1.7685  0.3900 20.5173
480 120 -1.2800  0.1229 20.2790
504 120 -2.1107 -0.5203 15.4196
528 120 -1.0938 -2.0175 14.0186
552 120 -1.1767 -1.1003 14.0683
576 120 -1.4938 -1.0981 15.2532
600 120 -1.8588 -2.8319 14.4618
624 120 -3.4041 -4.8612 13.8236
648 120 -3.1829 -3.9818 15.2220
672 120 -1.7840 -1.9893 13.7794
696 120 -0.2591 -2.0947 16.1489
720 120 -0.0800 -6.2269 13.6785
744 120 -0.9769 -7.3403 13.7014
768 120 -1.7214 -5.3964 12.9018
792 120 -1.7719 -4.0739 14.3020
816 120 -1.6017 -0.9026 10.6095
840 120 -1.9262  0.8510 11.0009
864 120  0.2278  2.9269 12.8866
888 120  0.7728  3.7478 15.2491
912 120  1.0797  3.3920 13.8086
936 120  0.8692 -0.2519 16.6953
960 120  2.0924 -1.5590 18.4188
984 120  0.4414 -0.1179  7.4122
 24 144 -0.0264 -0.1276 12.6675
 48 144 -3.8226 -1.7704 17.3253
 72 144 -4.2513 -0.3252 15.2616
 96 144 -2.8484 -0.0117 16.0786
120 144 -1.8922 -0.1331 16.3545
144 144 -0.4123 -2.7348 15.0619
168 144 -2.7958 -4.2980 14.6457
192 144 -3.2650 -5.9190 18.0243
216 144 -3.8327 -7.3660 14.9542
240 144 -3.2996 -7.7961 15.4394
264 144 -1.7853 -5.9317 13.3652
288 144 -1.4121 -5.6988 16.3781
312 144 -3.1699 -3.1667 14.4158
336 144 -3.1681 -0.0978 15.6101
360 144 -0.3584  1.1240 13.9307
384 144 -0.0828  0.0140 15.5900
408 144  0.3755  1.5272 15.6912
432 144 -1.3119  0.5771 16.1117
456 144 -1.5252  0.0592 21.5835
480 144 -0.7136  1.5626 17.4830
504 144 -2.1866 -0.7516 13.2535
528 144 -0.6640 -3.0954 14.2396
552 144 -0.0799 -0.1274 16.7680
576 144  0.1260 -0.2230 15.0340
600 144  0.1614 -1.3921 15.2597
624 144 -2.7388 -4.0904 12.5534
648 144 -3.2355 -4.3975 14.9292
672 144 -1.2188 -4.5978 13.6911
696 144 -0.7558 -2.5026 18.7720
720 144 -0.1880 -3.2530 13.8575
744 144 -1.7646 -8.4725 15.8935
768 144 -0.7776 -6.3280 12.4063
792 144 -0.2852 -6.0701 12.7625
816 144  2.9913 -5.9161 14.0438
840 144  1.3172  1.4952 13.0765
864 144  0.3449  3.1071 13.5133
888 144  0.0095  4.8318 14.8732
912 144  4.4400  4.5618 11.8265
936 144  4.5287 -0.6465 14.2576
960 144  3.7541 -1.6918 12.8374
984 144  4.8046 -0.0589  8.0200
 24 168 -0.0287 -0.0921 12.8112
 48 168 -2.8498 -1.6499 18.4895
 72 168 -3.3846 -0.2784 16.7674
 96 168 -1.9862  0.6161 17.6369
120 168 -1.0938 -1.0432 16.2433
144 168 -0.2026 -3.2274 23.4740
168 168 -0.4020 -3.3699 17.6620
192 168 -1.8899 -4.7765 14.8731
216 168 -1.9161 -4.9733 16.2337
240 168 -2.9427 -5.6626 15.4719
264 168 -3.2695 -3.3418 16.0230
288 168 -4.6788 -1.8348 17.7919
312 168 -3.7820 -0.7330 18.5081
336 168 -3.0939  0.1056 14.8257
360 168  0.4846  1.1062 14.7911
384 168  1.1424 -0.2489 16.4086
408 168  1.3472  0.3746 13.5561
432 168  0.3459  0.8795 16.2451
456 168 -0.7835  0.0849 19.5106
480 168 -0.7099  1.1229 16.5266
504 168 -0.6295 -0.0315 10.0443
528 168 -0.1279 -3.5404 14.4475
552 168  0.5708  0.0545 19.5945
576 168  1.4203 -0.0434 17.9233
600 168  1.5379 -0.9470 16.7061
624 168  0.0435 -1.5189 12.9012
648 168  0.3195 -2.3905 14.1126
672 168 -0.1695 -2.6400 15.9117
696 168 -0.4640 -2.8143 22.4379
720 168 -0.2008 -3.6302 15.9713
744 168  0.1721 -5.3868 14.1141
768 168  1.6549 -5.8204 14.6880
792 168  2.4246 -6.7760 16.4403
816 168  3.1252 -5.7409 10.5654
840 168  0.4496  2.1389 14.7965
864 168  0.3750  3.5517 14.9350
888 168  0.1654  4.7818 12.5985
912 168  3.0738  2.5787 12.6274
936 168  3.3278 -0.9140 13.4380
960 168  1.5805 -1.9034 16.2286
984 168  4.8565 -0.0498  8.0137
 24 192  0.0250 -0.1271 12.3956
 48 192 -1.7219 -2.0803 12.8005
 72 192 -2.2065 -1.1372 16.7841
 96 192 -2.7295 -0.5208 18.5279
120 192 -2.4928 -1.7988 12.2439
144 192 -2.8763 -2.6672 14.1945
168 192 -0.5760 -3.3324 19.1960
192 192 -1.4892 -4.1556 14.0151
216 192 -3.2376 -1.4729 13.2462
240 192 -4.8577 -2.2338 12.8237
264 192 -5.0701 -1.8602 18.2860
288 192 -5.0751 -1.1631 22.2758
312 192 -3.2472 -0.0514 18.4241
336 192 -1.1164 -0.4506 15.0725
360 192  0.4194 -0.0984 17.7697
384 192  1.4385 -0.7671 15.9543
408 192  1.2593 -0.0740 16.9443
432 192  1.7281  1.1647 22.3827
456 192  0.7260  1.3811 18.5461
480 192  0.1574  0.2463 19.2126
504 192  0.9417  0.0729 15.5606
528 192  0.7971 -2.5193 14.4091
552 192  1.0739 -0.8116 14.7589
576 192  1.4560 -0.0440 15.1158
600 192  1.0908 -0.1254 13.5522
624 192 -0.0034 -0.8179 11.1650
648 192  1.7113 -0.0763 15.8994
672 192  0.4051 -0.3194 14.3045
696 192 -0.0061 -2.0442 17.4836
720 192 -0.7705 -5.0983 15.3356
744 192 -0.1763 -5.6257 15.0032
768 192  1.0057 -4.7996 17.0180
792 192  0.5708 -6.7830 15.5035
816 192 -3.6590 -1.0994 12.5793
840 192 -0.7172  2.9496 10.9459
864 192  0.1664  4.9231 14.8391
888 192  1.7367  4.1214 15.5279
912 192  2.9635  2.8841 12.9931
936 192 -0.0031  0.2020 12.4332
960 192  0.3791 -0.2814 13.5263
984 192  4.7776 -0.0416  7.8056
 24 216  0.0223 -0.1926 12.2126
 48 216 -1.1978 -3.4183 14.9263
 72 216 -2.0880 -1.7473 16.0491
 96 216 -2.8669 -1.6194 16.1409
120 216 -3.7904 -2.4682 19.6806
144 216 -3.6331 -2.3903 19.4153
168 216 -2.6083 -3.3756 16.5014
192 216 -3.2503 -1.3033 15.9882
216 216 -3.5342  0.0138 14.7777
240 216 -5.0013 -0.5158 15.5895
264 216 -5.4494 -0.7000 17.4520
288 216 -4.2731 -0.1741 18.1960
312 216 -2.7996 -0.1512 16.1265
336 216 -1.5517 -0.9601 14.7416
360 216 -0.8567 -1.2840 14.8849
384 216 -0.7465 -1.5015 15.2355
408 216  0.2075 -0.9273 16.6542
432 216  2.2978  0.6026 17.5236
456 216  0.7431  0.6781 18.6147
480 216  0.1119  0.0422 20.4721
504 216  0.2435 -0.2872 20.2483
528 216  0.3973 -1.4527 14.6429
552 216  0.1841 -1.1727 12.7527
576 216 -0.4638 -0.6383 16.6336
600 216 -0.2743 -0.3436 14.3065
624 216 -1.0645  2.7874 13.3630
648 216  0.6516  0.9350 16.0887
672 216  0.4538  0.1644 17.8486
696 216  0.4888 -0.3089 16.5524
720 216  1.8689 -1.7409 11.3898
744 216  0.4775 -3.8950 11.3627
768 216  0.6351 -4.0133 16.0413
792 216 -0.0248 -5.4437 13.9926
816 216 -3.6878 -1.0176 14.4027
840 216 -2.4521 -1.1841  9.2905
864 216  0.8311  2.0226  8.9404
888 216  1.9735 -0.8649 10.9602
912 216  3.4793  4.4903 11.4085
936 216  1.3945  2.1726 10.4091
960 216  3.4366 -0.2710 14.8635
984 216  4.7969 -0.0666  7.9290
 24 240 -0.0196 -0.1296 11.6982
 48 240 -1.3854 -4.1880 13.8100
 72 240 -1.7570 -2.2010 18.4867
 96 240 -2.3966 -2.0833 18.4849
120 240 -4.2640 -3.7989 14.9086
144 240 -3.6203 -3.0453 14.7439
168 240 -2.2562 -3.4504 16.7420
192 240 -2.5580 -2.4608 15.2553
216 240 -3.1487 -0.1675 15.3091
240 240 -3.9036 -0.4009 12.5353
264 240 -4.3430 -0.9418 19.5016
288 240 -3.9895 -0.9129 15.7733
312 240 -3.2388 -0.5652 13.0159
336 240 -0.4990 -1.8751 11.6736
360 240 -0.2828 -2.5043 16.9852
384 240  0.0123 -3.0021 17.3169
408 240  0.4125 -1.8491 16.0024
432 240  0.4710 -0.1791 17.3947
456 240 -0.0530  0.0194 18.2011
480 240 -0.0113 -0.1261 15.2805
504 240 -0.2445 -0.3925 13.7026
528 240 -0.3889 -0.9453 14.9903
552 240 -1.1789 -0.3494 15.6818
576 240 -2.2768 -0.4367 15.7402
600 240 -3.6860 -0.7850 14.7566
624 240 -1.9720  1.9654 14.6612
648 240 -1.7909  1.5396 11.5341
672 240 -0.1791  0.2710 12.3571
696 240 -0.1732 -0.0670 11.9315
720 240  0.4975  0.1746 16.5515
744 240  0.8475  0.2594 14.0411
768 240 -0.2243 -2.2440 14.6492
792 240 -0.1102 -0.4850 14.7378
816 240 -0.3433 -1.7259 15.9741
840 240  1.2426 -2.6195 14.7972
864 240  1.7690 -2.1457 17.3582
888 240  1.5441 -2.4032 15.3262
912 240  0.6988 -2.1166 11.2868
936 240  1.8575  0.1807 10.4118
960 240  4.0151  0.1253 17.9960
984 240  4.8898 -0.0239  8.2427
 24 264  0.0082 -0.1089 11.5034
 48 264 -1.0956 -4.3742 14.3887
 72 264 -1.4490 -1.5772 14.5897
 96 264 -2.1120 -1.5317 20.3105
120 264 -3.8593 -4.5154 17.2025
144 264 -2.0454 -5.3983 12.9222
168 264 -0.1129 -4.0231 17.2241
192 264 -0.0020 -3.4148 18.4442
216 264  2.6221 -2.2368 16.6487
240 264  3.1181 -1.3257 13.1889
264 264 -3.6635 -0.4002 12.7968
288 264 -3.7609 -0.9097 14.9469
312 264 -3.6940 -2.5879 15.3963
336 264 -1.1552 -1.7863 11.8917
360 264 -0.1762 -2.5116 19.6187
384 264 -0.1687 -3.1357 18.3707
408 264  0.0135 -2.2018 13.5769
432 264 -1.4204 -0.0891 14.8592
456 264 -1.1865 -0.4716 12.9963
480 264 -0.7263 -0.7812 13.7605
504 264 -0.6665 -0.3964 14.1836
528 264 -2.1139 -1.0905 14.9024
552 264 -4.7734  0.2489 12.1023
576 264 -8.1159  1.9934 11.2425
600 264 -10.2972  3.5952 10.7262
624 264 -5.6923  1.7989 11.1965
648 264 -4.1849  2.2399 12.9342
672 264 -3.9786  2.2613 17.1856
696 264 -4.1174  0.0437 14.0585
720 264 -0.2888  0.9203 15.4446
744 264  1.6087  1.7093 15.6698
768 264  0.7793 -0.0456 14.0880
792 264 -0.0791 -1.5983 15.8197
816 264  0.9022 -1.5143 13.5513
840 264  2.9198 -3.9878 13.8495
864 264  3.1777 -3.9881 17.0860
888 264  1.7544 -2.2677 13.1645
912 264  0.5547 -2.7508 16.6885
936 264 -0.6739 -2.1958 16.0314
960 264  1.2531 -0.2111 13.9170
984 264  4.9433 -0.0835  8.5082
 24 288  0.0085 -0.0692 12.0719
 48 288 -0.9422 -1.8334 12.3593
 72 288 -1.3249  1.3821 15.4834
 96 288  0.0918  1.7625 16.5966
120 288  1.3356 -0.1438 16.6105
144 288 -3.1484 -6.7060 14.8039
168 288  0.8359 -3.8242 15.8942
192 288  1.7141 -2.8706 18.9577
216 288  2.9383 -2.0685 16.7979
240 288  2.1088  5.0617 12.2219
264 288  1.6998  6.1340 14.6624
288 288  1.8044  3.9858 12.1759
312 288  0.1063 -0.2486 14.7281
336 288 -4.3601 -1.6804 12.9363
360 288 -0.4010 -1.3206 19.7282
384 288 -1.1209 -0.6496 17.2167
408 288 -0.8927 -0.1862 17.0722
432 288 -2.0594  0.0142 17.1805
456 288 -4.0365 -0.7213 17.0442
480 288 -4.4946 -1.2091 18.5820
504 288 -4.7621 -0.4673 15.9270
528 288 -5.2639  0.0633 14.9641
552 288 -8.7637  0.9085 15.5818
576 288 -9.0799  1.6620 16.1333
600 288 -9.3312  2.8301 10.7604
624 288 -10.7061  0.9713 13.4743
648 288 -6.7915  2.0191 12.7376
672 288 -8.0375  2.1054 16.1893
696 288 -6.7677  1.9689 10.2476
720 288 -3.7184 -1.0267 16.0183
744 288  1.6207  1.1726 17.7799
768 288  1.9773  0.2022 15.3022
792 288  0.2809 -0.6419 13.9248
816 288  7.3351 -5.8495  7.8941
840 288  6.8446 -5.6238 14.0952
864 288  3.7848 -3.3426  9.0918
888 288  3.2924 -1.4545 13.5634
912 288  2.4447 -2.3772 15.5589
936 288  0.2763 -2.6756 13.0429
960 288 -0.9424 -1.5798 14.5395
984 288  4.8419 -0.0952  7.6200
 24 312 -0.0273 -0.0363 12.8870
 48 312 -2.4970  0.2222 17.4261
 72 312 -1.6548  1.8991 16.6160
 96 312 -0.1085  1.6998 14.7960
120 312  0.6959 -0.3907 17.3836
144 312  1.0444 -2.8669 13.9098
168 312  1.7750 -5.3526 15.8900
192 312  1.8711 -1.8367 14.6448
216 312  2.6860 -1.1889 13.5950
240 312  1.4489  0.4909 13.4864
264 312  1.9505  5.2159 15.1879
288 312  2.9905  4.4909 15.2173
312 312  2.9546  0.9523 15.7222
336 312  3.1660  0.6302 15.0870
360 312 -0.0906 -0.4897 18.6433
384 312 -0.4370 -0.1794 13.6309
408 312 -0.3822  0.2185 16.9366
432 312 -0.7153  0.4291 20.1008
456 312 -1.8301 -0.0951 16.5896
480 312 -4.8189 -0.9722 18.7801
504 312 -6.6576 -0.0793 18.0637
528 312 -7.5164 -0.8647 16.8370
552 312 -9.1427  0.1418 11.5510
576 312 -9.5817  0.3442 11.8886
600 312 -8.9771 -0.1343 14.0203
624 312 -8.9681 -0.3638 13.6149
648 312 -10.2946 -0.0909 16.5954
672 312 -8.7114  1.9523 11.0966
696 312 -6.9443  1.9344 11.5895
720 312 -5.1089  0.1572 16.3992
744 312 -2.5612  0.5107 10.8547
768 312  1.7499  0.1551 11.4404
792 312  1.5168 -0.1876 10.0310
816 312  8.2320 -6.5652 12.3297
840 312  8.7827 -3.6677 13.0580
864 312  6.8515  1.5586 11.8417
888 312  5.0638 -0.1935 13.8449
912 312  3.1706 -1.0804 14.8788
936 312  0.2765 -0.4436 16.0654
960 312 -0.4050 -0.1898 16.8704
984 312  0.4669  0.0569  7.1575
 24 336 -0.0094 -0.0294 13.0407
 48 336  0.1651 -0.2173 16.0285
 72 336 -0.1328  0.3616 14.1677
 96 336 -0.1133  0.2591 13.6958
120 336  0.2741 -0.4098 14.9173
144 336  2.0604 -6.0291 14.6785
168 336  1.4188 -5.5239 16.2898
192 336  1.5816 -1.8578 14.5390
216 336  2.6269 -0.6546 12.2181
240 336  0.7102  0.7047 11.9625
264 336  0.2636  1.8788 11.9450
288 336  3.0681  3.6861 13.6838
312 336  2.0701  2.0436 13.3124
336 336 -0.1047  0.9503 19.5486
360 336  0.2211  0.0373 16.8499
384 336  0.1471 -0.3757 16.6716
408 336  0.0620  0.1090 19.1567
432 336 -0.1598  0.4901 15.2279
456 336 -0.7161 -0.3379 20.2232
480 336 -0.0337 -1.8010 17.2460
504 336 -6.0152  0.8979 15.3239
528 336 -7.6541 -0.7762 17.9191
552 336 -7.9535 -1.1991 11.1292
576 336 -2.9160 -4.2515 11.0908
600 336 -3.8173 -5.1254 14.1969
624 336 -4.1250 -2.9036 12.3902
648 336 -3.8819  0.3916 15.5197
672 336 -4.9192  1.8801 13.0866
696 336 -6.6358  1.9791 12.1308
720 336 -5.4723  1.2866 21.3233
744 336 -4.4180  1.3009 18.8907
768 336 -2.5212  0.5624 12.7759
792 336  2.0257 -0.3718 11.7779
816 336  5.9646 -1.6436 11.1539
840 336  7.1346 -0.0857 13.0059
864 336  5.6589  0.2207 10.9603
888 336  3.8076  0.4104 14.1626
912 336  3.6957  0.0453 17.4564
936 336  1.0106  0.0568 18.9284
960 336  1.1751  0.6269 17.7067
984 336  0.6055  0.0515  7.4698
 24 360  0.0258 -0.0239 10.9499
 48 360  0.2313 -1.1308 13.6475
 72 360  0.2248 -0.9227 13.7895
 96 360 -0.4517 -0.1772 15.3260
120 360  0.1019 -0.9390 18.0071
144 360  0.2035 -4.1609 13.9157
168 360 -0.1806 -3.4154 12.9866
192 360  2.6023  0.0216 14.3368
216 360  2.3501  0.1831 14.8913
240 360  1.5229  0.1951 12.7142
264 360  0.9434  0.5804 17.1265
288 360  1.8945  1.9227 15.0022
312 360  2.0711  2.9757 14.3156
336 360 -0.1362  1.1933 19.4005
360 360 -0.0544  0.4420 18.7165
384 360 -0.1567 -0.0400 15.6622
408 360 -0.1092 -0.1623 17.2794
432 360 -0.2092 -0.0410 16.1867
456 360 -0.5162 -0.9816 18.9280
480 360 -1.4036 -2.5254 19.5695
504 360 -3.0350  4.8419 20.8684
528 360 -1.5734  2.0614 14.6396
552 360 -5.8306 -0.7291 13.7421
576 360 -6.0288 -3.7648 16.6518
600 360 -5.1614 -4.8511 14.2076
624 360 -3.9996 -2.5108 10.4760
648 360 -0.9079  1.6987 16.2784
672 360 -1.3612  2.0908 13.3308
696 360 -3.3675  5.0938  7.8717
720 360 -5.7676  3.3445 19.1482
744 360 -3.8610  2.3751 14.3169
768 360 -1.4824  1.2031 14.3557
792 360 -0.2362 -0.1594 10.7771
816 360  4.1718 -0.6470  8.1619
840 360  3.9961  0.1344 11.6520
864 360  1.3247 -0.2259 14.8345
888 360  1.7422  1.1810 15.3224
912 360  2.2752  1.9058 16.1315
936 360  2.0479  2.5466 16.3634
960 360  1.9054  3.1330 13.5210
984 360  2.0396  0.1277  7.4932
 24 384 -0.0040 -0.0436 11.3101
 48 384 -1.6566 -4.1166 14.0371
 72 384 -0.1757 -2.6833 12.2049
 96 384  0.0614 -0.3010 18.0850
120 384  0.8828 -0.9927 16.9525
144 384  0.5938 -3.2923 14.3030
168 384  0.4802 -3.4727 11.9658
192 384  1.6027  1.9714 14.1794
216 384  2.3936  2.3868 15.7890
240 384  2.1603  0.7586 14.0837
264 384  2.0441  0.8741 15.6198
288 384  1.3425  0.7564 20.6158
312 384  1.2567  0.8548 18.2299
336 384  0.6786  0.8519 17.0173
360 384 -0.2146  1.0899 18.0273
384 384 -0.3376  0.2096 20.5375
408 384 -0.3850 -3.2689 21.4353
432 384 -0.8190 -0.2126 20.8373
456 384 -1.0199  0.3941 16.7213
480 384 -0.4677  1.5344 19.3650
504 384 -0.4515  4.3567 22.3650
528 384 -1.3214  2.7972 15.9933
552 384 -1.7349  1.6687 14.6279
576 384 -5.5638 -0.9469 12.1294
600 384 -4.7853 -1.8748 17.4522
624 384 -3.1851 -0.6617 13.5351
648 384 -0.3067  2.2353 18.5542
672 384 -0.1430  3.7455 16.1249
696 384 -1.5535  6.7544 14.8425
720 384 -1.3154  5.6567 16.3184
744 384 -1.5783  4.0547 15.2035
768 384 -1.1367  2.8204 14.9793
792 384 -3.7159  1.9024 15.9790
816 384 -5.1555  3.4434 17.7631
840 384 -0.3519  1.3574 13.1575
864 384  0.5033 -0.2894 17.5192
888 384  1.0134  0.6613 14.3312
912 384  0.3897  2.5612 15.1457
936 384  0.4896  3.0614 14.0925
960 384  1.0916  4.2151 16.6623
984 384  2.7292  0.1679  7.4127
 24 408 -0.0087 -0.0735 12.8193
 48 408 -1.3135 -2.9543 17.7196
 72 408 -1.4177 -2.7772 17.4846
 96 408 -1.3226 -1.2154 16.9069
120 408  1.9226 -0.1795 18.3551
144 408  2.7619  0.3438 15.7153
168 408  0.4027  0.4863 12.0132
192 408  0.3388  3.2282 13.8386
216 408  3.4300  3.1371 14.1836
240 408  3.4224  2.0816 12.8989
264 408  2.2204  0.9467 17.1973
288 408  1.4722  0.5644 18.6294
312 408  0.9219  0.0938 19.6122
336 408  0.1491  0.2007 22.8222
360 408  0.4598  2.6138 15.5944
384 408  0.4495  3.7164 17.6858
408 408 -4.3558  0.2058 12.4815
432 408 -0.3988  1.2428 19.6683
456 408 -0.9674  1.8478 17.7600
480 408 -1.1540  2.2455 21.5907
504 408 -0.5491  5.0465 18.2513
528 408 -2.0370  3.8411 20.5239
552 408 -3.2104  3.5742 19.0603
576 408 -4.7914  1.2785 16.2881
600 408 -3.3234 -0.4322 17.8786
624 408 -3.5741 -0.9251 18.6666
648 408 -2.0655 -0.2370 18.0832
672 408  0.0045  3.9371 17.4973
696 408 -0.7475  5.5287 17.5856
720 408 -0.2899  5.7203 17.7262
744 408 -0.1120  4.8029 18.4489
768 408  0.1325  3.8130 16.2057
792 408 -1.4057  3.1848 16.4081
816 408 -2.2791  3.3263 18.3563
840 408 -0.2514  1.6052 15.9054
864 408  0.7178 -0.3000 20.5454
888 408  0.2541  0.2203 12.9056
912 408 -0.2938  1.5496 14.7526
936 408 -0.1240  1.9615 13.2886
960 408  2.0284  5.0719 12.3896
984 408  4.7636  0.0229  7.5083
 24 432  0.0094 -0.0819 11.6905
 48 432 -0.3588 -0.5470 16.2949
 72 432 -1.4838 -1.1524 15.3456
 96 432 -3.4772 -0.9195 17.1521
120 432  2.1986  0.1028 15.0473
144 432  4.1302 -0.0083 14.9633
168 432  7.2249  1.5577 14.9362
192 432  5.0200  3.7679 10.3353
216 432  4.9894  3.7544 20.0091
240 432  4.2600  3.3041 17.9298
264 432  3.2105  1.9141 17.5410
288 432  3.7209  1.4461 16.3980
312 432 11.6916  2.8189 15.5894
336 432  1.0880  1.3341 17.6697
360 432  2.3661  0.3373 22.1087
384 432 -1.8516  0.1354 14.8445
408 432 -3.1621  0.9059 19.2552
432 432 -2.2313  0.3142 19.6093
456 432 -1.1625  1.4012 18.8923
480 432 -1.6070  1.6953 20.4472
504 432 -0.4938  5.1472 13.2037
528 432 -2.2023  2.9133 12.0403
552 432 -1.4323  1.5079 11.2655
576 432 -2.2620  1.7379 13.6050
600 432 -1.9551  0.0959 18.7721
624 432 -0.8911 -0.6525 21.5766
648 432 -0.2296 -0.8656 18.5194
672 432 -0.6892 -1.1997 11.6699
696 432  0.5880  3.7642 11.6553
720 432 -0.0095  5.5437 12.7796
744 432 -13.1409 11.1540  9.9228
768 432 18.5915  1.4697 11.8878
792 432 14.6883 -3.0876 10.1337
816 432 -0.4518  2.7071 16.2198
840 432  0.1771  0.4767 23.1293
864 432  0.5547  0.1077 22.2294
888 432  0.3524  0.6577 17.7770
912 432  0.1406  2.7864 16.3011
936 432  0.8465  4.1380 13.1385
960 432  7.4031  3.2782 12.9344
984 432  4.7713  0.0002  7.5803
 24 456  0.0203 -0.0780 10.2607
 48 456  1.0082  0.0808 13.9309
 72 456  2.4101  1.7626 16.1610
 96 456  3.1226  2.0816 15.5919
120 456  3.8410 -1.1472 14.9355
144 456  3.6260 -0.4844 16.4104
168 456  3.4381  0.5515 17.2341
192 456  5.9396  3.4631 15.4764
216 456  5.2440  3.7004 15.0033
240 456  5.1495  3.6220 17.4351
264 456  6.8064  1.6658 17.1831
288 456  8.6129  2.4151 17.1452
312 456  9.9979  3.6214 22.3671
336 456  8.9320  3.9854 11.5929
360 456  3.4150 -0.8380 20.0688
384 456 -1.5749  0.6181 15.2659
408 456 -2.4318  0.6881 17.7935
432 456 -2.1837  0.0011 12.5346
456 456  9.6920  0.2917 17.1922
480 456  9.6359  0.1874 16.8118
504 456  6.9625 -0.1012 12.9663
528 456  3.6990 -1.0593 10.7609
552 456  0.4926 -2.2755 13.3526
576 456 -1.6805 -0.6288 17.4431
600 456 -1.5003 -0.0325 17.8399
624 456 -1.5104 -0.2284 16.2037
648 456 -0.0944 -0.4462 11.6580
672 456  0.2187 -2.5432 15.7908
696 456  0.8758 -2.4211 13.3438
720 456  1.0710 -0.4128 11.9617
744 456 -13.8845 15.6455 18.4836
768 456 -14.8846 14.4245  9.7400
792 456 14.0878 -6.2966 11.5343
816 456 -0.2121  5.2331 12.1479
840 456 -0.2731  0.8882 21.8486
864 456 -0.1036  0.9627 17.4655
888 456 -0.1380  1.5119 14.2530
912 456  0.4486  2.9825 18.0441
936 456  2.2706  3.1734 15.8513
960 456  6.9137  3.1029 11.9585
984 456  4.6837  0.0261  7.4326
 24 480 -0.0009 -0.0272 11.1907
 48 480  1.0698  0.4020 14.4232
 72 480  1.4461  1.1307 14.4242
 96 480  2.9265  1.8579 16.9621
120 480  2.7969  1.0739 14.5908
144 480  2.9123  1.1711 20.5824
168 480  3.1935  0.8421 20.8580
192 480  3.8296  1.7518 16.5415
216 480  3.3585  3.0050 13.9231
240 480  7.7279  1.0620 17.0681
264 480  7.1802  2.6790 17.9869
288 480  8.7751  2.1767 16.1034
312 480  9.4579  3.4034 17.4568
336 480  8.5324  4.1260 13.8928
360 480  2.9474  0.5569 14.2192
384 480 -0.5929  2.6525 14.0039
408 480 -1.7669  1.1014 15.9347
432 480 -0.1231 -2.8784 13.8825
456 480  8.3796  0.0557 14.5142
480 480  9.9859  0.8056 15.1037
504 480  5.1132 -3.9516 10.3396
528 480  5.3626 -4.1995 11.1080
552 480  1.0280 -2.8748 10.8587
576 480 -1.8917 -0.7402 14.0415
600 480 -2.9364  0.3770 11.0342
624 480 -5.9877 -2.2027 14.5269
648 480 -5.8110 -2.3805 17.7389
672 480  0.0648 -3.2335 11.5185
696 480  0.6250 -2.8668 12.8793
720 480  0.6017 -0.6271 12.6100
744 480 -11.0960 -21.1715  7.8937
768 480 -0.8571  4.9366 10.7245
792 480 -1.1788  5.6076 15.4181
816 480  0.0523  5.5001 13.7636
840 480 -0.2720  1.1012 19.2315
864 480 -0.2565  1.1814 17.6851
888 480  0.3289  1.4631 16.5334
912 480  1.7468  2.8059 16.7288
936 480  2.1219  3.1066 13.5202
960 480  4.0339  5.7334 10.8122
984 480  4.6792  0.0275  7.5237
 24 504 -0.0175  0.0407 11.8323
 48 504 -0.0093  0.3430 17.9706
 72 504  0.8931  1.1908 16.9293
 96 504  1.7027  1.6198 16.4309
120 504  3.2064  3.1939 12.2654
144 504  3.4560  2.8171 13.2852
168 504  2.4476  2.2413 15.5630
192 504  1.7783  3.1732 17.8671
216 504  2.1624  3.7858 18.5166
240 504  7.7382  2.3616  9.8608
264 504 10.6233  2.0072 16.6597
288 504 12.0430  2.8326 14.3784
312 504  9.0362  2.5001 12.1528
336 504  4.7949  2.0629 17.2978
360 504  2.8118  1.0673 18.7084
384 504 -1.0014  0.3011 17.9841
408 504 -1.3160  0.4137 17.8985
432 504 -3.1036 -1.9722 10.7944
456 504 -2.5842 -2.3958 13.1833
480 504  2.1807 -0.0413 11.4685
504 504  4.9307 -6.0232 11.6061
528 504  5.2840 -5.9549 13.4596
552 504 -1.4021 -0.9345 11.0808
576 504 -2.2680  0.2658 17.3828
600 504 -1.7169  0.8153 12.9721
624 504 -3.9661 -2.2267 12.1085
648 504 -4.0105 -3.1048 14.2597
672 504 -5.9952 -6.9857 14.4763
696 504 -5.2950 -7.5733 12.4823
720 504  1.9694 -2.7151 14.7750
744 504  0.9067 -1.8540 12.6398
768 504  0.1840  4.6645 16.3841
792 504  0.6177  5.0822 12.4593
816 504  1.1357  4.6268 12.1516
840 504  0.0242  1.2550 17.2493
864 504 -0.0365  1.0800 21.7570
888 504  0.0497  0.4914 19.8941
912 504  0.3405  2.3382 16.5408
936 504  1.2031  2.9475 15.0296
960 504  3.6595  5.1752 10.3457
984 504  4.8061 -0.0008  7.8688
 24 528 -0.0105  0.0032 12.1008
 48 528  0.0249  0.9910 16.2164
 72 528  0.4811  1.6005 17.6158
 96 528  1.1192  2.1450 15.2380
120 528  2.1061  3.4413 14.6323
144 528  3.3583  4.2525 12.1975
168 528  2.2646  3.5005 12.9221
192 528  0.9093  3.8320 16.2320
216 528  2.7624  3.9045 13.3486
240 528  8.0718  2.3288 14.5082
264 528  8.8954  1.1728 11.9021
288 528 12.1710  2.9301 13.2007
312 528  5.2937  1.9116 10.5789
336 528  4.9806  0.8648 16.5107
360 528  0.0170  0.3956 16.4405
384 528 -1.8849 -0.4755 21.4037
408 528 -2.3606  1.2378 17.6534
432 528 -3.4161  3.3806 12.4891
456 528 -4.5267 -1.8407 16.3134
480 528 -2.9543 -1.2690 18.0884
504 528  0.4380 -4.7642 11.9023
528 528  5.1109 -5.0895 11.4954
552 528 -1.6397 -0.9011 14.5750
576 528 -1.4759  0.4513 18.5554
600 528 -0.1107  0.7893 16.2156
624 528  0.7346 -0.0381 12.0786
648 528  0.4086 -3.1669 12.0436
672 528 -2.8828 -7.0605 11.9354
696 528 -2.6875 -8.0437 14.4839
720 528  3.0636 -2.5786 14.4015
744 528  2.7233  0.4942 11.0310
768 528  1.5238  3.2351 15.8026
792 528  0.7455  5.1654 14.0014
816 528  0.7132  6.1549 13.7406
840 528 -0.2633  2.6207 14.4700
864 528 -0.4548  1.8021 18.8983
888 528 -0.0320  1.3091 20.1648
912 528  0.5315  1.6723 18.9720
936 528  0.6618  2.0314 16.3167
960 528  2.9066  7.1027  9.0466
984 528  4.8032  0.0224  7.9108
 24 552 -0.0229 -0.0017 13.0822
 48 552  0.2063  1.6645 15.1777
 72 552 -1.4028  2.2564 14.2077
 96 552 -0.1802  3.0331 15.6115
120 552  0.7660  4.3597 13.3792
144 552  1.8068  4.2913 13.6661
168 552  2.6183  4.3325 12.3271
192 552  1.4533  3.9053 11.9839
216 552  6.1242  4.2366 16.4027
240 552  6.9468  4.0613 16.2509
264 552  7.8029  3.8120 15.4069
288 552  8.2683  3.9487 16.4973
312 552  6.8356  0.4699 10.4082
336 552  5.5203  0.2698 17.5502
360 552  0.8909  0.9024 13.9754
384 552 -1.9607  0.6036 15.7621
408 552 -2.5964  2.2882 19.2695
432 552 -1.7939  2.6604 16.6860
456 552 -2.1201  0.7877 14.3003
480 552 -2.5694 -0.7054 15.8899
504 552 -1.2252 -2.8732 14.5305
528 552 -0.3017 -1.3070 17.1338
552 552 -0.2101 -0.4412 17.0229
576 552 -0.6747  0.1447 16.8189
600 552 -0.9488 -0.4832 15.7400
624 552 -0.5453 -1.3209 19.1032
648 552  0.1794 -2.1727 17.7027
672 552  1.0230 -1.6871 13.8915
696 552 -0.7725 -6.4240 13.0436
720 552  0.5071 -1.0391  8.1324
744 552  1.7868  2.5663 15.0716
768 552  1.3097  4.5284 11.5994
792 552  1.1693  5.8732  6.5733
816 552  1.7358  6.9638  6.8830
840 552 -0.1740  2.9127 11.6252
864 552 -0.7470  2.1189 12.2944
888 552  0.0352  0.4286 18.5767
912 552  0.2255  1.7478 16.0840
936 552 -0.0193  2.4324 11.3320
960 552  1.8486  9.8284 10.8224
984 552  4.9273  0.1066  8.3701
 24 576 -0.0141  0.1191 12.4312
 48 576 -1.3046  3.5762 22.6610
 72 576 -1.1967  4.4966 18.5353
 96 576 -1.7056  5.2971 19.0895
120 576 -0.2563  3.0003 16.5832
144 576  1.5782  3.6943 15.1908
168 576  4.0485  3.9823 12.2631
192 576  5.7381  5.4116 11.7491
216 576  6.4635  4.6603 10.5661
240 576  8.6909  6.8116 12.9526
264 576  7.2679  5.7457 14.2524
288 576  7.4451  5.8405 13.6576
312 576  7.6364  5.7145 10.7403
336 576  4.2417  1.1411 13.8875
360 576  2.8721  1.2986 16.6365
384 576 -0.2849  3.3142 15.0351
408 576 -1.3993  1.4374 17.4957
432 576 -1.4026  1.1598 17.5690
456 576 -0.7766  0.7949 16.2560
480 576 -1.0174 -0.3251 16.2588
504 576 -0.9473 -1.2442 12.6307
528 576  0.1574 -0.8544 14.9568
552 576  1.6079  1.3220 15.4665
576 576  3.9354  5.2118 15.3064
600 576 -1.6363 -1.2582 15.3610
624 576 -2.5875 -1.9243 18.3412
648 576 -2.7032 -2.2255 15.4347
672 576  0.0237 -1.8310 12.2863
696 576  1.0538 -2.3537 12.7995
720 576  0.2249  1.8281 12.8811
744 576  0.1669  3.1364 13.6936
768 576 -12.3917 23.2826  7.4364
792 576 -14.3823 17.4213  8.6643
816 576  2.2509  5.5012  6.6256
840 576  2.7411  5.8976 14.3861
864 576  1.8161  2.8185 11.4510
888 576  0.4633 -0.0672 16.3285
912 576 -0.7287  1.2974 15.3006
936 576  1.7152 11.1163 14.4128
960 576  2.9009  9.6923 15.0905
984 576  4.9293  0.0607  7.9988
 24 600 -0.0210  0.0882 12.4489
 48 600 -0.6751  3.5965 18.6265
 72 600 -1.1336  5.2267 19.3690
 96 600 -1.5553  6.0776 17.2880
120 600 -1.7686  5.7618 14.2364
144 600 -1.7884  3.4426 11.9367
168 600  1.3936  4.8688 13.6195
192 600  4.3521  6.2385 17.0841
216 600  6.8615  6.9507 10.9280
240 600  9.5079  8.3423 19.3465
264 600 10.1359  9.5801 17.3319
288 600  8.8936  8.0156 12.7981
312 600  7.2067  6.4711 13.0237
336 600  4.2582  5.8013 11.4890
360 600 -0.1393  5.1501 12.8911
384 600 -0.4386  2.9239 17.5028
408 600 -0.3320  0.9357 18.4161
432 600 -0.8947  0.4909 24.0618
456 600 -0.4940  0.7619 16.8315
480 600 -0.4165  1.4387 17.1627
504 600 -0.4250 -0.2305 14.6442
528 600 -0.0154 -0.7458 15.9864
552 600  0.2988 -0.4753 16.3874
576 600  1.0959  0.5605  9.7047
600 600  4.7553  4.7624  7.7702
624 600  7.7198  0.7453 10.7513
648 600 -7.2674 -2.1982 10.8678
672 600 -1.0625 -2.5251 13.1465
696 600  3.2169 -1.1407 14.7717
720 600 -0.4495  3.0194 13.5705
744 600 -2.5986  5.1340 11.6308
768 600 -12.7275 16.7995 10.3034
792 600 -15.1304 16.2000 10.3164
816 600 -0.2664  5.1784 17.5101
840 600  0.1186  5.8080 18.7021
864 600  2.9528  6.1216 16.3368
888 600  0.6234  6.9155 11.6963
912 600 -1.0986  1.7222 17.2467
936 600 -0.8259  1.6826 18.4028
960 600  2.1184  1.7507 13.1255
984 600  0.4089  0.1155  7.1491
 24 624 -0.0151  0.0131 12.6940
 48 624 -1.2626  3.2707 14.5081
 72 624 -1.0802  5.7710 18.4283
 96 624 -1.0846  7.5273 17.3054
120 624 -1.5945  7.4407 10.7400
144 624  0.5439  8.0375  9.0090
168 624  0.4140  5.1017 16.2111
192 624  1.3419  5.8184 16.1703
216 624  2.7944  5.7247  9.2587
240 624  9.9619  8.2698 13.8171
264 624  9.3541 10.7719 14.6843
288 624  8.0666  8.7177 12.4060
312 624  6.0008  7.1686 11.5489
336 624  3.9858  5.0376 12.1185
360 624  2.1013  6.1425 14.7864
384 624  2.3979  3.3021 15.3319
408 624  0.3959  1.1467 19.3394
432 624 -0.8191  0.7336 20.2963
456 624 -0.9858  1.3192 17.1148
480 624 -0.3825  4.0795 15.3879
504 624 -0.0152  0.0019 12.0449
528 624 -0.0476 -0.8443 14.5275
552 624 -0.2473  0.3027 14.8559
576 624 -2.9367  3.1298 13.1281
600 624 11.8920 -6.7559  6.3604
624 624  7.2658  2.5616 15.5692
648 624  8.8283  1.7867 15.9840
672 624  7.6922 -3.7630  8.7227
696 624  3.1821 -0.6943 14.9692
720 624  1.5444  9.1924 10.0471
744 624  0.9013  9.0911 12.1296
768 624 -0.2922  4.2523  9.3883
792 624 -2.2163  3.1701 17.3944
816 624 -2.5060  2.6598 14.5576
840 624 -0.7279  3.9231 13.1136
864 624 -0.0300  5.8206 11.9630
888 624  0.5164  5.1633 14.6393
912 624 -0.8957  3.0493 15.4666
936 624  5.6224 -3.1842 11.3859
960 624  2.2311  1.9787  8.6019
984 624  4.7557  0.1093  7.6039
 24 648  0.0050  0.0079 12.1637
 48 648 -2.3439  3.8619 14.7544
 72 648 -4.2574  4.6963 15.6175
 96 648 -3.9835  4.4252 13.4384
120 648  3.7182  8.7060 14.7072
144 648  3.6023  8.4573 14.0730
168 648  2.8097  7.2700 15.6381
192 648  1.3089  5.9170 17.3310
216 648  2.4065  4.3495 11.0078
240 648  9.3106  4.4632 10.5944
264 648  8.7465 11.2878 10.9855
288 648  6.4077 10.0515 12.0698
312 648  4.6224  5.0350  9.9279
336 648  3.9336  4.2455 17.6862
360 648  3.2932  4.6929 17.2588
384 648  3.4197  3.0851 15.3016
408 648  2.8973  2.9042 12.3959
432 648  0.3607  2.0709 13.7707
456 648  0.0070  2.5954 12.0743
480 648  3.4078  4.4979 10.4538
504 648  4.5505  2.3058 16.2593
528 648  3.1097  1.4271 10.1783
552 648 -2.1077  3.9764 12.9501
576 648 -1.5789  4.6087 17.9166
600 648  0.4500  2.0388 14.1199
624 648  3.5102  0.0406 17.9938
648 648  7.1211  0.2900 17.2604
672 648 -0.1993 -6.1406  6.4982
696 648 -1.6696 -1.9398 14.6263
720 648  1.7381  6.7472  9.8451
744 648  2.3471  7.7802 13.6271
768 648  2.2759  6.0038 14.2093
792 648  2.2731  4.5080 16.5236
816 648 -2.7404  2.1207 12.8942
840 648 -3.6146  0.9754 20.0954
864 648 -1.9944  5.5173 15.7421
888 648 -0.9370  5.9644 25.3667
912 648 -0.4831  5.7194 16.2060
936 648  5.7620 -2.8560 15.3247
960 648 12.0445 12.2332  8.7079
984 648  4.7616 -0.0527  7.7298
 24 672  0.0051 -0.0267 12.2039
 48 672 -2.6546  5.8759 12.5190
 72 672 -4.3942  5.1265 14.2436
 96 672 -5.1506  4.2982 17.9867
120 672 -3.8575  3.3801 12.9927
144 672  3.8852  8.1420 11.6764
168 672  3.8261  2.7876  8.5733
192 672  4.7352  0.7068 15.2970
216 672  5.5435  2.1374 11.5721
240 672  5.9840  6.3230 10.8257
264 672  7.1682 11.0008 12.1816
288 672  5.9502 11.2502 11.4633
312 672  2.8426  3.7672 10.1194
336 672  3.5529  3.5408 16.7234
360 672  1.0446  0.0838 12.3348
384 672  2.9375 -0.9162 14.8257
408 672  3.9460  2.6669 13.9573
432 672  5.1492  4.6340 15.7194
456 672  4.7615  7.1290 14.9805
480 672  4.9228  8.4420 15.1478
504 672  5.0376  2.3376 14.4012
528 672  4.7945 11.1500 12.6811
552 672  5.0907  9.1984 11.0314
576 672 -1.0412  4.8983 13.6306
600 672  0.2304  1.8769 19.0111
624 672  0.1144  1.6497 12.3670
648 672 -0.1715 -3.7830 14.1207
672 672 -0.8224 -3.0677 17.7062
696 672 -1.4035 -2.9987 21.4891
720 672 -2.7460 -3.3726 12.5346
744 672  6.6228  4.6871  9.6091
768 672  2.2080  2.7495 15.4034
792 672  1.9181  2.3545 16.1951
816 672  0.2276  2.8229 13.7360
840 672 -2.9081  0.9464 18.7184
864 672 -2.2643  5.4633 20.5268
888 672 -1.3130  5.9534 21.0622
912 672 -1.7700  4.5574 13.5675
936 672 -0.3830 -1.3373 14.0185
960 672 -1.0778 -2.0666 11.5174
984 672  4.9409  0.0180  7.7715
 24 696  0.0011  0.0654 11.6753
 48 696 -3.0420  2.2076 12.3949
 72 696 -3.7356  8.6302 14.4128
 96 696 -5.7348  4.3049 12.4695
120 696 -3.7946  3.7763 11.0753
144 696  4.1622  2.6453 11.2103
168 696  5.2925  0.4237 15.2532
192 696  5.1188  0.3477 18.2916
216 696  5.1872  2.2856 12.0099
240 696  3.3098  6.6914 12.5938
264 696  5.9051 13.7415  6.3843
288 696  5.3456 10.8765 10.2544
312 696  6.0030 10.6614 10.6604
336 696  0.1649  2.0298 16.3177
360 696  0.0890  0.0261 18.0148
384 696  1.1126 -0.4426 16.1819
408 696  3.1668  2.6905 16.3574
432 696  4.7414  4.9394 16.1120
456 696  3.9520  7.4973 15.7041
480 696  4.6586  8.8692 16.2023
504 696  6.9386  6.1614  5.2520
528 696  7.9522 -35.9003  8.1644
552 696  7.7468 12.3158 11.5480
576 696  8.0054 11.6035 14.8808
600 696 -15.6654 -9.8015  5.7231
624 696 -0.3397 -5.1580 15.4659
648 696 -1.1426 -4.9840 19.7357
672 696 -1.0711 -5.0960 15.2975
696 696 -6.5794 -2.5303 13.9291
720 696 -6.1085 -0.7246 15.1497
744 696 -5.6642  3.5364 15.6001
768 696 -5.6695  3.5364 16.6187
792 696 -1.0203  2.0380 17.3150
816 696 -1.0821  2.1371 17.1700
840 696 -0.1729  4.2905 16.0047
864 696 -1.5250  4.9626 15.1438
888 696 -2.2741  5.2992 18.1904
912 696 -0.3044  1.0958 12.6649
936 696 -0.4712 -0.5550 13.0588
960 696  0.0186 -1.4975 11.5037
984 696  4.9541  0.0632  7.4969
 24 720 -0.0120  0.0930 12.3674
 48 720 -0.0009  3.1393 13.9065
 72 720  1.3450  4.8504 14.8480
 96 720  2.2628  5.0534 17.4227
120 720  3.7116  3.8060 14.0858
144 720  5.0381 -0.0021 14.8817
168 720  5.5338 -0.7937 16.5549
192 720  5.6949 -0.3173 17.4903
216 720  5.3038  4.9629 10.8205
240 720  7.0567  5.9041 11.4091
264 720  8.9875 14.2580 14.8082
288 720  8.1694 14.1011 11.3747
312 720  7.8854 10.0897 11.2245
336 720  2.3711  3.0620 14.0331
360 720  2.9670  1.0622 17.0452
384 720  0.5274  0.1419 12.2205
408 720 -2.2373  1.0777 18.6018
432 720 -1.4739  0.1766 11.8570
456 720  3.6620  8.7676 13.8768
480 720  3.3424  8.9724 13.0754
504 720  3.9107 18.0157  9.6000
528 720 10.2238 25.7280 12.0544
552 720  7.4333 12.9182  7.3687
576 720  6.9076 11.2779 13.7030
600 720  5.2124 11.2264 19.8758
624 720  5.7821  8.6452 12.9956
648 720 -4.9730 -7.2045  8.3262
672 720 -7.0678 -5.9038 11.2766
696 720 -6.6101 -1.4859 13.1591
720 720 -6.5436 -0.4283 16.4767
744 720 -5.9480  2.5204  9.5034
768 720  1.2181  4.7708 11.5725
792 720 -1.4310  1.4457 15.8136
816 720 -2.2239  0.6833 14.8775
840 720 -0.1303  4.2264 12.5606
864 720 -0.6126  4.5374 12.9287
888 720 -1.9129  5.2558 13.7709
912 720 -0.4358  0.1639 11.0891
936 720  4.0936  2.5007 12.9426
960 720  2.7900  1.3929 13.5182
984 720  4.8211  0.0499  7.7375
 24 744 -0.0242 -0.0142 12.7244
 48 744 -0.0790  0.1015 12.2689
 72 744  1.6446  3.1966 11.4823
 96 744  4.0567  0.0922 12.2836
120 744  5.6502 -0.0390 16.8679
144 744  4.8564 -0.4112 18.2061
168 744  5.3212  0.0842 13.5933
192 744  6.8861  0.4638 12.0174
216 744  8.0457  5.7925 10.0459
240 744 13.9041 11.0396  7.7057
264 744 10.4595 14.3311 14.6229
288 744 11.2909  9.2582 11.7939
312 744 -29.0623 -0.9761  8.4148
336 744  3.3225  0.1247  9.0009
360 744  2.7014  1.1558 12.5127
384 744 -1.6556  1.5184 18.7741
408 744 -2.1846  1.0800 19.5956
432 744 -2.2788 -0.6142 13.2686
456 744 -0.8667  8.9389 11.3917
480 744  0.8200  7.5707 11.6921
504 744  2.7286 16.2735 15.6898
528 744  1.9153 16.2885  9.6614
552 744 -16.6335 -37.7505  9.1677
576 744  5.2112 10.7021 11.1347
600 744  5.2605 11.7607 14.2965
624 744  1.8655  3.2234 14.1146
648 744 -0.0248 -1.8175 14.5086
672 744 -0.1682 -4.1258 11.2762
696 744  0.2434 -0.4367 11.6258
720 744 -0.1105  0.1459 16.4447
744 744  0.9891  1.7860 13.3407
768 744  2.2191  2.8642 19.4245
792 744 -0.1298 -2.7019 13.3734
816 744 -0.8687 -2.4827 19.2868
840 744 -0.7158 -0.4277 12.5264
864 744  3.4522  4.7838 37.4268
888 744  3.4211  4.6990 33.6848
912 744  8.0457  2.1731 13.2524
936 744  8.6836  3.3503 21.1493
960 744  7.4628  6.0136 12.2609
984 744  4.7451  0.0771  7.4379
 24 768  0.0060 -0.1491 12.2027
 48 768 -0.4217 -3.7918 15.3558
 72 768 -0.4838 -4.5384 15.9726
 96 768  0.3054 -2.3056 13.7164
120 768  1.6247 -0.9776 10.8147
144 768  6.2224 -0.2107 15.8110
168 768  6.6959  1.9427 15.1911
192 768  7.7235  3.1915 11.8023
216 768  8.8798  5.3020 13.9403
240 768  8.7777  5.5060  8.8684
264 768 -21.1911 14.6147  8.0852
288 768 10.9963  6.8759 12.1972
312 768  8.6509  5.0296  8.4880
336 768 10.1336 11.7223 12.9691
360 768  4.2261  5.7988  9.2428
384 768 -1.1960  2.0830 19.1325
408 768 -2.2470  1.4906 16.1720
432 768 -5.1291  5.5717 17.1217
456 768 -0.9871 11.1779 12.7308
480 768 -0.8126 11.0903 10.5598
504 768  7.2707 -35.5941  8.9733
528 768  3.6676 20.8748  8.9107
552 768  3.7133 18.2274 18.1965
576 768  3.9894 17.5226 11.2125
600 768  2.0028 10.9610 14.0648
624 768  1.6427  3.1900 18.0100
648 768  2.0942  2.9852 13.5370
672 768  0.2283 -4.5354 15.9579
696 768 -0.3966 -2.0427 13.6496
720 768 -2.7449 -2.0546 15.0957
744 768 -0.1823  0.3694 15.9853
768 768  0.0003  2.0755 18.1623
792 768 -0.4907 -2.6188 16.2619
816 768 -1.1126 -2.4110 21.4338
840 768 -0.7827 -0.3149 15.1381
864 768  3.6875  4.5471 32.5591
888 768  3.7880  4.3942 26.3509
912 768  7.8244  1.9800 15.7913
936 768  9.1189  2.5141 15.5190
960 768  9.2656  0.3244 10.7434
984 768  4.7431  0.0328  6.8297
 24 792  0.0662 -0.1847 11.6730
 48 792 -1.4266 -3.6585 14.0108
 72 792 -0.3008 -3.8809 17.2533
 96 792  0.7416 -4.1381 15.4411
120 792  2.4759 -7.8551 11.8111
144 792  6.1852 -0.4208 10.9203
168 792  5.8572  1.7822 15.5562
192 792  7.1245  3.9763 13.3442
216 792  8.9736  5.8973 15.0453
240 792  9.7322  5.6771 15.0467
264 792  7.7452  0.8345  8.4753
288 792  7.6225  1.4245 13.7180
312 792  7.3816  4.5496 11.3848
336 792  7.3097  9.6886  9.3242
360 792  5.0479  8.1228 11.3914
384 792 -0.0365  2.2257 15.5964
408 792 -4.2017  4.3883 11.8033
432 792 -5.1379  5.5285 17.6289
456 792 -0.6709 13.9885 14.4765
480 792 -1.4880 10.3219 12.8513
504 792 -2.0811  9.9824 14.8590
528 792 -2.3178 10.7754 12.3406
552 792  2.9956 18.3315 10.9295
576 792  3.4155 17.9444 11.6590
600 792  2.2320 10.7164 12.7596
624 792  2.7364  4.0755 16.5290
648 792  3.8283  2.7648 15.3834
672 792  0.0864 -1.4089 13.6639
696 792 -0.3585 -1.1008 16.8847
720 792 -1.1363 -1.1022 17.1595
744 792 -0.1309  0.6286 16.2865
768 792 -0.8666  2.2879 19.1773
792 792  0.2842 -5.8296 14.3072
816 792 -0.0529  0.1650 17.0665
840 792 -0.0494  0.2288 19.5111
864 792  3.8918 -32.0814  8.6060
888 792  5.8746  3.7477 17.7506
912 792  7.6078  2.6689 18.1215
936 792  9.8267  2.7036 17.4907
960 792  9.7730  1.5150 12.1006
984 792  0.3816  0.0037  7.1049
 24 816  0.0749 -0.0398 11.7728
 48 816  0.1954 -5.8553 13.0424
 72 816  0.0391 -4.2224 13.5966
 96 816  2.2277 -5.0526 13.3691
120 816  2.8401 -4.3657 10.9840
144 816  0.0174 -0.9461 11.6438
168 816  3.0233  0.6806 14.7458
192 816  6.3504  4.0399 12.7460
216 816  7.9017  5.4949 12.4546
240 816  8.8322  5.2439 12.2622
264 816  8.8989  2.1722  9.1530
288 816  8.9305  0.8680 12.7059
312 816  8.2546  5.0109 10.6780
336 816  5.2255 -0.3174 13.0425
360 816  5.0170 -0.5972 16.1021
384 816  3.8383  4.3019 10.6775
408 816  2.0625  9.0114 13.4917
432 816  0.6900 10.3837 11.8836
456 816  0.1966 10.8353  9.4176
480 816 -3.8950  6.2623 12.3099
504 816 -3.3963  8.3716 11.5953
528 816 -3.7225 10.5250 15.2628
552 816 -4.6132 10.5403 14.4188
576 816 -2.8326 16.7877  7.9691
600 816 -7.7273 10.7638 10.6349
624 816 -7.7185 11.1871 22.1587
648 816 -6.8043 12.0688 11.8204
672 816 -0.0969  0.5393 15.3794
696 816 -0.6320 -1.2027 15.6988
720 816 -0.2900 -1.5614 17.7317
744 816 -0.7127 -0.4651 13.2792
768 816 -1.2017  1.9394 20.1709
792 816 -0.3930 -6.5724 20.5409
816 816 -0.4709  0.1681 13.8713
840 816 -0.7885  1.2333 14.1539
864 816 -0.4961  6.4571 12.8107
888 816 10.3292  3.0390 12.9032
912 816 10.0388  2.6092 10.5574
936 816  9.8283  2.7200 16.5751
960 816 10.0057  0.3366 14.6971
984 816  4.8468 -0.0034  7.2951
 24 840  0.0357 -0.0064 11.9281
 48 840  7.7349 -1.7301 13.3192
 72 840  7.0600 -3.1236 10.6095
 96 840  6.5014 -3.3606 13.3260
120 840  3.6200 -5.1290 12.1045
144 840 -1.8618  0.4467 13.9512
168 840 -2.7514  2.2366 15.6028
192 840 -2.0211  5.1290  8.3922
216 840  5.0109  6.5764 10.0749
240 840  5.1369  7.5008 11.9768
264 840  6.1375  4.2388  9.0482
288 840  8.9574  1.2840 12.0682
312 840  9.0894  6.1043  6.9906
336 840  9.6120 -2.1624  7.5967
360 840  8.0449  0.0700  7.0836
384 840  4.6306  8.5814 10.5519
408 840  2.3535  9.9341 11.9227
432 840 -0.0516  9.8338 15.7366
456 840 -0.4230  9.8435 20.6243
480 840 -3.2599  5.1166 15.2730
504 840 -4.2039  5.7924 14.7901
528 840 -5.0851  8.5292 13.4436
552 840 -5.0296  9.8577 18.2003
576 840 -1.7767  5.6156  8.6455
600 840 -6.8603 11.6357 12.2125
624 840 -7.7685 10.8995 21.7270
648 840 -8.5691 11.0028 12.5870
672 840  0.0607  0.7282 15.8492
696 840 -0.0525  0.7186 15.5037
720 840 -3.8233 -2.1942 13.1843
744 840 15.9664 -3.8369  8.9498
768 840  4.6983  0.0035  8.6188
792 840 -1.8699 -7.1654 16.2685
816 840 -2.7813 -0.7654 14.8977
840 840 -2.9078 -0.6804 14.5600
864 840 -1.0421  7.1668 10.6546
888 840  3.2043 -2.2972 12.6672
912 840 -1.5549 -4.7708 13.6398
936 840  2.0158 -1.6005 12.8611
960 840  8.9017 -0.2798 18.7500
984 840  4.7758 -0.2163  7.8164
 24 864 -0.0057 -0.0216 12.0863
 48 864 11.1373 -3.9858  7.4563
 72 864 11.4401 -3.6410 14.1923
 96 864  6.8913 -1.8629 13.9163
120 864  4.9178  0.1481  9.4371
144 864 -1.2967  3.7889 13.5673
168 864 -3.0165  4.6803 13.5555
192 864 -3.3996  9.0841 11.0813
216 864 -2.0367  9.9924 14.0972
240 864  0.3105  6.8807  8.5291
264 864  6.1933  3.7927  7.5229
288 864  8.9057 11.0904  9.5695
312 864 10.2432 10.3705  7.1661
336 864  2.2838  9.2550  7.6337
360 864  2.6470  9.7888  9.7857
384 864  3.8535 10.2317 13.3032
408 864  2.8877 11.7250 14.1506
432 864  0.0375 10.1144 13.9419
456 864 -0.0665  9.6639 14.4842
480 864 -2.2156  3.7102 10.5592
504 864 -6.0674  5.6371 19.4883
528 864 -6.0294  6.2953 17.4389
552 864 -2.9395 -8.8888  7.1320
576 864 -18.9904 18.9598  8.2512
600 864 -17.2056 16.4685  8.7393
624 864 -13.2585  5.9840  8.9177
648 864 27.2443 -10.0573  8.1874
672 864 -12.5532 12.5849 15.8160
696 864 -13.0808 13.3983 10.0530
720 864  1.0000  1.0000  8.8453
744 864 -4.5571  8.3057 12.6333
768 864 -4.6955  8.6166 18.0912
792 864 -4.7642  7.1440 10.3699
816 864 -1.0022 -1.0368 18.4201
840 864 -0.0464 -1.9679 15.4011
864 864  3.6739  0.1761 14.7124
888 864  3.8513  0.0912 15.7981
912 864 -1.6626 -5.9769 14.3152
936 864  2.9436 -2.4115 11.2976
960 864  5.2566 -4.4869 16.1321
984 864  4.6822 -0.1846  7.7417
 24 888 -0.0193 -0.0047 12.4484
 48 888 13.1040 -4.5203  9.2276
 72 888 11.0252 -3.9462 14.0060
 96 888  5.3166 -0.9224 14.1054
120 888  3.1450  3.9025 13.4037
144 888  0.0520  5.8009 13.1592
168 888  0.3601 13.7932 10.4183
192 888 -0.4753 14.2862  9.5538
216 888 -1.2963 10.9110 11.1473
240 888  0.8859 10.8285  8.0837
264 888  9.1734 14.6535  8.3943
288 888  6.6910  5.1390  7.6518
312 888  2.5737 -15.5211  5.9992
336 888 -5.7406  3.2679  8.0054
360 888  2.0011  5.1285  8.6064
384 888  3.1037  9.2621 11.2417
408 888  1.7303 11.9652 15.7098
432 888  0.3042 10.2220 14.5864
456 888  0.0954  9.5314 20.5881
480 888  0.1564  9.0894 10.8394
504 888 -6.4164  5.8233 17.4609
528 888 -6.2242  6.4132 13.8323
552 888 29.9420 -1.0406  6.9226
576 888 -18.4992 14.9424 11.2560
600 888 -17.8339 15.3340 10.9706
624 888 -13.8689  6.0226 16.2019
648 888 -12.0300  8.1473 11.9849
672 888 -12.7914 11.8255 13.5279
696 888 -12.8701 11.9879  7.9321
720 888 -7.0349 16.2305 11.7100
744 888 -1.9192 10.0042  9.8358
768 888 -3.7949  8.3782 15.1885
792 888 -2.7466  5.3437 10.2649
816 888  0.1934 -1.0473 17.3818
840 888  0.6657 -2.7883 15.7848
864 888  1.5724 -0.4909 16.4790
888 888  2.9697  0.3249 14.7239
912 888  3.4940 -0.9613 14.8043
936 888  4.7626 -5.7073 11.4315
960 888  5.2194 -6.2301 14.6528
984 888  4.8758 -0.4694  7.8466
 24 912 -0.0189  0.0068 12.7260
 48 912 13.7907 -4.2816  7.3354
 72 912  6.6442 -1.9823 20.2583
 96 912  5.0465 -1.1537 15.6718
120 912 -1.8691  7.8450 10.8802
144 912 -2.1333  7.8182 13.8325
168 912 -2.0679 -25.2274  7.0375
192 912 -1.9761 -22.9379  9.3013
216 912  8.1467 17.2804 12.6574
240 912  6.0694 15.2243  7.1935
264 912  6.9847 16.5643  9.3532
288 912 -17.5276 -22.0344  7.8990
312 912 12.9256 15.0115  8.9503
336 912 28.4441 -18.6115  6.9606
360 912  7.6431  6.6521 10.0459
384 912  3.2725 13.9722  8.8145
408 912  0.9224 12.3931 15.6950
432 912  0.5933 10.0976 17.4994
456 912  0.2809  9.6340 15.8404
480 912 -0.5228  8.9494 10.2495
504 912 -3.5610 14.1594  8.7189
528 912 11.8595 -11.9621  9.3176
552 912 -14.1776 15.1442  8.9206
576 912 -17.1116 16.5470  8.7177
600 912 -13.1438  7.8257  5.4576
624 912 -12.7839  4.9692 13.5155
648 912 -11.8536  4.9797 10.5998
672 912 -7.0023 10.1272  9.2746
696 912  2.2193 -30.8139  6.9633
720 912 -0.8382  9.2634  9.7370
744 912 -3.1698 14.6362 15.0958
768 912 -2.6955 10.0711 12.0831
792 912  1.1002  4.2272 12.0507
816 912 -1.8709  1.4934 15.2526
840 912  0.3551 -2.1148 20.3378
864 912  2.1003 -1.1197 15.6353
888 912  2.9771  0.1757 16.9964
912 912  3.7208 -0.5426 13.7332
936 912  4.0655 -5.2593  9.5115
960 912  4.4949 -7.2610 10.4623
984 912  4.9630 -0.2951  7.7813
 24 936 -0.0087  0.0022 12.5864
 48 936  7.0894 -10.8230 10.3189
 72 936  4.3712 -1.9377 11.1357
 96 936  4.7683  0.0244  7.8680
120 936 -1.2934  8.7510  8.2267
144 936 -4.1046 10.9424  8.8251
168 936  3.3131 22.3495 10.4597
192 936  4.1785 22.2792 15.1307
216 936  5.5905 -22.6213  7.6938
240 936 -10.3239 -5.1429  6.2124
264 936 -10.9311 -10.8322 10.1850
288 936 14.0381 18.7520 12.2054
312 936 12.6792 16.7314 10.6980
336 936 11.2364 16.0970 13.1793
360 936  3.3043  7.0927  6.9862
384 936  0.1816 13.5640  8.0827
408 936 -0.0481 11.8201  9.2868
432 936  0.5303 10.1447 10.2710
456 936  0.0841  9.8831  8.2654
480 936 -0.7363 16.5965 14.9872
504 936 -2.0385 16.1133 14.8523
528 936 -4.0685 20.9703  8.7179
552 936  6.8808 -9.2100  8.1649
576 936 -17.9191 14.2693  8.2920
600 936 -11.3235  6.1139  7.4621
624 936 -11.2746  5.9614 13.2847
648 936 -10.0946  5.1382 10.7681
672 936 -6.9416  9.9689  8.3253
696 936  4.2855 20.3513  7.9131
720 936 -2.1258 13.8829 11.8879
744 936 -2.3827 13.4673 16.1853
768 936 -0.7777  9.2706 16.6367
792 936 -0.6288  5.8740 15.8679
816 936 -1.7346  3.4348 13.9199
840 936  0.0645 -1.9560 19.6869
864 936 -0.0588 -2.1945 15.4344
888 936  2.0058 -0.5960 10.5946
912 936  4.2072 -0.2449 11.1008
936 936  2.8904 -4.5753 14.1970
960 936  3.0950 -6.3523 12.9104
984 936  4.9319 -0.1309  7.9140
 24 960 -0.0057  0.0265 12.5809
 48 960  5.3383 -11.9365 14.4550
 72 960  0.2462  5.0517 14.6051
 96 960  1.1187  5.3469 14.4901
120 960  3.4996 16.0167 15.8197
144 960  1.4305 16.1199 10.5797
168 960 -1.7910 16.7024  7.3032
192 960 -11.0513 -24.8315 13.1202
216 960 10.7819 19.6174  7.9029
240 960 20.1016 24.2245  6.8119
264 960 -17.8742 -2.1370  6.6707
288 960 -3.0085 -24.1879  6.8810
312 960 -3.3159 -13.8433  7.7135
336 960 10.2320 15.1743 11.7552
360 960  6.7289 11.2156  4.5845
384 960 -0.8349 13.3150  9.1686
408 960 -0.9712 11.3976 10.0951
432 960 -0.0551 12.5381 10.7646
456 960 -0.0898 12.8218  9.7474
480 960  0.2799 17.3903 12.9113
504 960 -3.8263 -13.8971  9.5383
528 960 -2.2629 20.5390  8.5193
552 960 -6.1375 20.0159 10.0926
576 960  5.8280 -20.2754  6.2220
600 960 -11.9126  7.0297  8.7155
624 960 -11.0947  6.1863 11.0070
648 960 -10.1813  6.0950 11.3881
672 960 -5.7988  7.8812  9.7941
696 960 -2.8008 11.5485  7.1576
720 960 -4.6946 -22.1834  8.4243
744 960 -4.0215 12.9830 10.1277
768 960 -1.1852 11.2621 11.8414
792 960 -6.0035  9.2827  8.0081
816 960 -8.1081  9.9346  5.7243
840 960 -4.1554 -0.5176 14.7338
864 960 -4.1307 -0.3603 17.0602
888 960  0.0495  0.9306 10.6786
912 960  0.8610  2.3007 11.5718
936 960  3.8589 -4.1970 12.3363
960 960  4.1391 -5.0628 16.8047
984 960  4.7901 -0.1109  7.6726
 24 984 -0.0067 -0.0075 15.0045
 48 984 -0.0269  0.0068 12.5935
 72 984 -0.0122  0.0010 12.5159
 96 984  0.0282 -0.0045 12.1745
120 984 -0.0210  0.0025 11.7676
144 984 -0.0367 -0.0145 11.5949
168 984 -0.0272 -0.0018 12.2555
192 984  0.0138  0.0190 12.5578
216 984  0.0133  0.0010 12.5142
240 984 -0.0191 -0.0192 12.0357
264 984 -0.0081  0.0037 11.9973
288 984 -0.0273  0.0053 12.2320
312 984 -0.0436 -0.0123 12.2359
336 984  0.0322 -0.0035 12.3071
360 984  0.0414  0.0027 12.3198
384 984  0.0406  0.0295 12.1864
408 984 -0.0613  0.0394 12.0528
432 984 -0.1033  0.0310 12.3570
456 984 -0.0917  0.0153 12.4001
480 984 -0.0298  0.0023 12.0079
504 984  0.0125 -0.0068 12.0586
528 984  0.0498  0.0038 12.0576
552 984  0.0088  0.0203 12.3684
576 984 -0.0089  0.0088 12.2850
600 984  0.0054 -0.0039 12.4545
624 984 -0.0310  0.0046 12.3142
648 984  0.0227  0.0250 12.6162
672 984 -0.0325 -0.0044 12.3996
696 984 -0.0480 -0.0155 12.5122
720 984 -0.0080  0.0155 12.8895
744 984  0.0018  0.0170 12.6436
768 984  0.0021  0.0077 12.5697
792 984  0.0012  0.0167 12.5896
816 984 -0.0082 -0.0009 12.2393
840 984 -0.0316 -0.0282 11.6190
864 984 -0.0569 -0.0113 12.1678
888 984 -0.0040 -0.0059 12.4933
912 984  0.0079 -0.0078 12.5365
936 984 -0.0011 -0.0107 12.5923
960 984  0.0215 -0.0048 12.5272
984 984  4.7000 -0.0423 11.5152
