 24  24 -0.0136 -0.2066 14.7480
 48  24  0.0398 -0.2138 11.7430
 72  24 -0.0074 -0.2216 11.7787
 96  24  0.0125 -0.2585 11.9020
120  24  0.0039 -0.2440 11.8011
144  24  0.0209 -0.2110 11.5136
168  24  0.0249 -0.1632 11.1225
192  24 -0.0121 -0.1793 11.3357
216  24  0.0049 -0.2497 11.8732
240  24  0.0469 -0.2452 12.1524
264  24 -0.0024 -0.2165 12.0573
288  24  0.0103 -0.2157 11.7429
312  24 -0.0239 -0.2493 11.9382
336  24 -0.0261 -0.2290 11.9503
360  24  0.0073 -0.1977 11.7354
384  24  0.0391 -0.2041 11.8159
408  24  0.0131 -0.1935 11.7764
432  24 -0.0058 -0.1962 11.7535
456  24 -0.0051 -0.2029 11.4158
480  24  0.0226 -0.2111 11.4440
504  24 -0.0035 -0.2106 11.7885
528  24 -0.0247 -0.1976 11.5952
552  24 -0.0300 -0.1986 11.2357
576  24  0.0150 -0.2104 11.2426
600  24 -0.0329 -0.2428 11.6937
624  24 -0.0177 -0.2267 11.5669
648  24 -0.0251 -0.2073 11.5916
672  24 -0.0270 -0.2255 11.6326
696  24 -0.0359 -0.2242 11.4578
720  24 -0.0187 -0.2261 11.8479
744  24 -0.0147 -0.2326 12.0763
768  24 -0.0122 -0.2241 11.8433
792  24 -0.0141 -0.1971 11.6823
816  24 -0.0366 -0.2149 11.6350
840  24 -0.0286 -0.2496 12.1207
864  24 -0.0367 -0.2323 12.3503
888  24 -0.0141 -0.2238 12.2317
912  24  0.0048 -0.2460 12.2922
936  24  0.0090 -0.2092 11.8290
960  24  0.0039 -0.1913 11.5790
984  24  1.5693 -0.1878 13.1783
 24  48 -0.0021 -0.0129 12.3337
 48  48  5.9396 -3.0924 13.6842
 72  48  7.9370 -4.5587 14.2700
 96  48  4.7186 -0.5572  6.9254
120  48  4.7409  2.9251 16.2035
144  48  5.4846  1.9796 11.4866
168  48  5.0310  0.8281 15.1509
192  48  5.8512  1.9917 14.1415
216  48  5.9039 -0.5897 20.0426
240  48  5.0155 -0.0750 14.1388
264  48  5.7704  1.9613 19.2648
288  48  2.1073  2.5950 14.4235
312  48  0.9897  0.7888 22.0601
336  48  0.0497 -1.6578 19.8247
360  48 -0.2116 -0.9059 18.4230
384  48  0.1414 -0.1929 20.0475
408  48 -0.0488  1.2178 16.9288
432  48  0.3859  2.7015 15.1101
456  48  1.2791  1.1067 17.7761
480  48  1.8766  0.3827 18.0874
504  48  1.8756  0.4211 16.1565
528  48  0.6790  2.2326 15.5821
552  48 -0.1336  4.0472 15.4328
576  48 -1.1583  3.6092 15.3869
600  48 -1.9945  3.6612 13.7686
624  48 -4.1518  1.9985 13.2905
648  48 -7.6741  0.5209 15.5737
672  48 -7.3488 -0.7966 15.7472
696  48 -9.8864  0.2322 15.5951
720  48 -9.8686  0.2962 16.2910
744  48 -9.2468  0.9440 15.8182
768  48 -8.2963  0.5724 17.9312
792  48 -5.8271  1.0851 14.6541
816  48 -5.6603  1.3208 14.0641
840  48 -2.0544  3.1822 13.4912
864  48 -2.8131  1.9258 13.1260
888  48 -1.0447  1.3478 12.3675
912  48  0.9191 -0.3013 17.1111
936  48  0.1042  0.7626 15.6027
960  48  0.0131  0.6625 17.3782
984  48  1.5359  0.0094  9.8880
 24  72  0.0011  0.0048 12.3802
 48  72  7.9357 -1.4060  9.6178
 72  72  2.3718  0.1319  9.4899
 96  72  3.9942  2.0858 14.5692
120  72  5.0253  3.1555 17.2559
144  72  4.7124  3.7053 13.0599
168  72  4.8006  1.1337 17.5427
192  72  5.6470  1.8392 18.0096
216  72  5.8374 -0.4984 19.1047
240  72  5.6497  0.2234 17.4788
264  72  4.3336  2.1456 19.4015
288  72  4.6923  2.5262 15.7023
312  72  0.2924 -0.4221 16.5376
336  72  0.1974 -1.2019 19.1882
360  72 -0.6602 -1.9223 20.7477
384  72 -1.0135 -1.7326 19.4519
408  72  0.1070  1.1556 20.6109
432  72  0.3615  1.3521 16.7950
456  72  1.1182  0.8713 17.8872
480  72  1.7474  0.7045 14.0565
504  72  1.9574  0.9052 14.6655
528  72  0.9124  2.2032 17.1691
552  72  0.0115  2.9178 14.8282
576  72 -2.3746  3.1661 14.0102
600  72 -4.0071  2.3150 13.8720
624  72 -5.9214  1.4537 16.1577
648  72 -7.8395  0.5619 14.7403
672  72 -7.5309 -1.0483 12.6859
696  72 -11.0119  1.0712 16.3446
720  72 -9.9944  0.2628 16.9353
744  72 -8.8877  0.6747 13.5522
768  72 -8.6910  0.9261 18.0882
792  72 -6.0284  0.7523 11.9877
816  72 -5.7979  0.0672 13.4142
840  72 -3.3604  3.0558 13.6867
864  72 -1.0158  1.9007 15.9025
888  72 -0.0564  0.0809 17.0459
912  72 -0.0219 -0.2908 16.8584
936  72  0.0654 -0.0174 16.1634
960  72  0.3205  1.1268 20.3786
984  72  1.6095  0.0074 10.2776
 24  96  0.0015  0.0212 12.5955
 48  96 -1.8456  2.0137 16.3499
 72  96  0.1147  2.4580 14.4984
 96  96  5.7415  4.6766 17.0092
120  96  3.2917  2.7231 14.9126
144  96  4.2686  5.8725 17.0871
168  96  3.8159  1.7138 14.8313
192  96  4.1123  1.2454 16.6235
216  96  4.9462 -0.6605 17.2207
240  96  4.2873  1.8553 16.1979
264  96  5.2074  2.5409 16.6576
288  96  3.1203  1.8943 18.6860
312  96  3.9237  1.0760 18.0149
336  96  2.0737  0.7503 16.3073
360  96 -0.6592 -1.7524 19.2634
384  96 -1.0201 -1.8961 21.5576
408  96  0.5251  1.2662 16.7443
432  96  0.6664  1.4770 16.0613
456  96  3.0705  2.9299 15.3730
480  96  2.7885  0.1853 11.3425
504  96  3.6705  2.2327 11.8846
528  96  2.5144  3.1838 13.2013
552  96 -0.7434  2.1028 11.0758
576  96 -3.8500  3.1301 14.5427
600  96 -4.1358  2.8444 15.4534
624  96 -5.9148  1.3336 16.2988
648  96 -7.8822  0.2436 15.0773
672  96 -10.0855 -0.7811 10.3034
696  96 -11.6127  0.6691 15.5157
720  96 -11.0449  0.9050 12.2573
744  96 -9.3592  0.7105 16.7716
768  96 -9.7594  1.1678 16.2818
792  96 -8.0283 -0.1761 14.1247
816  96 -7.9124 -0.3950 15.4709
840  96 -5.5620 -0.2119 15.3131
864  96 -5.5400 -0.3332 13.6825
888  96 -3.8840 -1.0042 15.3835
912  96 -1.0240 -1.1843 17.2626
936  96 -1.5786 -3.1232 16.3378
960  96  0.6099 -2.8256 15.0781
984  96  1.6060 -0.0034 10.3716
 24 120  0.0079  0.0036 12.5350
 48 120 -0.7978  3.1239 16.9035
 72 120 -0.1977  3.0784 13.4969
 96 120  2.0138  5.5561 11.6739
120 120  3.4058  5.1046 13.7846
144 120  5.8733  5.8762 18.5682
168 120  6.0103  5.9504 16.9865
192 120  2.7754 -0.9789  9.8772
216 120  3.1529 -0.9578 14.0734
240 120  4.2967  0.2828 13.3689
264 120  6.9275  4.0025 10.7525
288 120  1.2119 -0.0278 16.7337
312 120  3.0978  0.3759 17.9631
336 120  2.5039  0.6349 21.0099
360 120  1.4461 -0.1764 17.9770
384 120  2.0259 -0.6369 16.2765
408 120  2.5159 -0.0402 18.4028
432 120  2.0762  3.3874 18.6024
456 120  3.8913  4.2372 14.1294
480 120  2.2747  1.0944  9.8571
504 120  2.1384  0.0671 10.3589
528 120  2.7033  0.1809 11.3168
552 120  0.7513  3.1269 13.8561
576 120 -1.1582  4.3720 13.8351
600 120 -4.4021  2.2707 12.0134
624 120 -7.9074  1.8740 15.0462
648 120 -7.3518  0.9912 16.7990
672 120 -8.1593  2.0842 19.2731
696 120 -9.0495  0.8591 16.7392
720 120 -8.9892  0.7204 12.3201
744 120 -9.3157  0.9213 15.6227
768 120 -9.5737  0.1042 10.6766
792 120 -7.8726 -0.1216 12.3356
816 120 -7.3056  0.3652 13.8144
840 120 -5.4203  0.0464 17.2549
864 120 -4.8066 -0.1635 16.8794
888 120 -4.7942 -0.5645 18.8026
912 120 -3.6971 -2.1173 15.2137
936 120 -1.2780 -3.1117 18.3959
960 120 -1.0686 -3.0177 18.2553
984 120  1.5408 -0.0406  9.9889
 24 144  0.0123  0.0213 12.0680
 48 144 -0.6311  3.2271 14.4961
 72 144 -2.0516  3.5891  9.5964
 96 144 -2.1944  0.8466  9.0363
120 144  0.1056  4.8296 10.4402
144 144  3.2917  4.9442 12.3073
168 144  7.6611  0.6443 13.4869
192 144  3.0904 27.8614 11.6748
216 144 -21.3064 -0.0008 22.0052
240 144 25.6685  8.7385 13.3533
264 144  7.1205  2.6250 16.7202
288 144  6.2212  3.5514 14.2473
312 144  0.2317 -1.0563 14.8445
336 144  1.5916  0.4404 20.7788
360 144  1.3522  0.0369 22.1385
384 144  1.3834 -0.1818 19.6335
408 144  1.0617 -0.1150 19.3657
432 144  4.0756  2.1966 13.4486
456 144  4.8613  2.5525 15.8271
480 144  5.8673  2.5781 18.3435
504 144  5.6775  0.9704 15.1913
528 144  2.0322  0.0712 17.3054
552 144  1.2878  3.1903 12.3154
576 144 -0.0941  5.0658 13.7550
600 144  0.7181  2.8934  9.7206
624 144 -4.0096  1.2586  9.6326
648 144 -5.6778 -0.5351 13.4748
672 144 -7.8336  2.8754 15.7913
696 144 -6.1613  1.0033 12.9751
720 144 -3.9501 -0.3229 11.7631
744 144 -4.7595  0.6906 14.7639
768 144 -5.1524  0.2862 14.0342
792 144 -5.8086  0.6633 11.4076
816 144 -5.6442  0.7808 13.6630
840 144 -3.4301 -0.0594 16.0130
864 144 -3.3232 -0.0889 20.0476
888 144 -4.3091 -0.1063 22.3472
912 144 -2.4278 -2.1172 16.5759
936 144 -1.0996 -3.6863 20.1124
960 144 -2.8814 -1.2814 14.7519
984 144  1.5673 -0.0685 10.1105
 24 168  0.0043  0.0468 12.0426
 48 168 -0.4340  6.0899 15.2859
 72 168  4.0181 -2.9611 11.9005
 96 168  5.3275 -0.3874 12.2130
120 168  1.0000  1.0000  7.7384
144 168  6.0769 -2.1927 11.6235
168 168  7.5834 -0.0867 17.7698
192 168  6.0783 -0.3904 11.5705
216 168 -20.8378 -0.9700 21.5787
240 168 27.2356 10.2321 17.7621
264 168  8.6924  3.3182 10.5768
288 168  5.1639  2.9074 15.7297
312 168  2.1356  1.4968 13.8936
336 168  0.7917  1.1092 21.4866
360 168  1.0819  1.6465 20.1611
384 168  0.7732  0.0108 17.0410
408 168  2.1104  0.7123 14.9996
432 168  4.7340  2.8352 15.0106
456 168  5.0656  2.8393 17.4467
480 168  5.9528  2.9780 15.6686
504 168  6.2199  2.7773 13.7904
528 168  3.0163  0.7302 14.0565
552 168  3.2601  4.2977 11.6942
576 168  2.8731  4.5815 10.8043
600 168  1.8646  0.5366 12.2343
624 168 -1.1431  0.6139 10.4101
648 168 -3.7532  0.9735 13.7964
672 168 -5.9052  1.7792 17.1529
696 168 -4.1177  1.8882 13.3810
720 168 -3.2786  1.5359  8.1250
744 168 -4.7766  0.8205 11.2489
768 168 -4.8966  0.4724 16.6723
792 168 -5.7015  0.8205 15.4797
816 168 -4.1507  2.0784 14.0301
840 168 -3.8350 -0.1211 14.5213
864 168 -3.5634 -0.3190 17.0489
888 168 -3.7901 -0.0014 20.4860
912 168 -3.9520 -0.2582 15.9858
936 168 -1.8957  0.1354 13.3236
960 168 -4.1339 -0.3738 12.8933
984 168  1.5616 -0.0180 10.1937
 24 192  0.0046  0.0105 12.2622
 48 192 -4.9206 -0.1141  9.0512
 72 192 -1.8906  0.2169 12.1874
 96 192 -1.9651  0.1579 11.8310
120 192  1.0000  1.0000 10.2102
144 192  1.0000  1.0000  8.4553
168 192  7.8244 -0.1667 15.7483
192 192  4.0126 -1.0115 15.1075
216 192 -19.6841 -0.6166 12.3054
240 192 30.5982  0.1973 18.0187
264 192  5.2198  4.0354 10.2798
288 192  3.8085  3.4470 14.7489
312 192  0.3092  2.3398 15.2169
336 192  0.3965  2.1004 17.0437
360 192  1.6876  1.5663 19.0440
384 192  3.9755  1.7852 18.1626
408 192  3.6366  1.7446 16.7583
432 192  1.2169  1.3485 18.4847
456 192  0.9151  2.4825 19.7083
480 192  1.2067  2.1981 14.2583
504 192  2.2410  0.5258 11.7765
528 192  3.8103  0.8564 13.6699
552 192  5.4329  4.0877 14.8010
576 192  5.1728  3.8630 12.8860
600 192  2.9943  2.1720 16.3104
624 192 -0.2164 -0.1325 20.6656
648 192 -0.8628 -0.2494 18.3880
672 192 -4.2525  1.2040 16.4663
696 192 -5.9284  2.0233 11.6014
720 192 -21.8973 -18.8796  7.9415
744 192  9.5599 10.3234  9.1073
768 192 -3.8613  3.8506  9.5535
792 192 -2.2317  3.5139 12.6137
816 192 -3.7625  2.2490 14.8626
840 192 -2.3675  1.0039 16.7348
864 192 -4.0171  1.0715 16.0931
888 192 -4.9133  0.3734 16.9378
912 192 -5.5583 -0.4193 15.7632
936 192 -5.1444 -0.3576 15.5984
960 192 -5.0876 -0.2583 15.0676
984 192  1.5833  0.0003 10.4033
 24 216  0.0010 -0.0016 12.4856
 48 216 -5.0077 -0.3521 18.1644
 72 216 -2.1383  0.2428 14.2571
 96 216 -2.3444  0.1757 18.7316
120 216 -2.5698  0.3773 10.8530
144 216  1.9553 -1.6622 12.8203
168 216  2.9851 -0.8588 15.9209
192 216  3.1289 -0.2999 16.5434
216 216  1.9712 -1.2563 18.3113
240 216  1.9167 -0.9265 18.8781
264 216  3.9237  1.1330 16.0745
288 216  2.0953  2.9829 14.1724
312 216  0.3243  0.6864 17.9284
336 216  1.1101  2.7148 15.6600
360 216  3.9615  2.2368 15.3909
384 216  3.8777  1.8425 15.9124
408 216  0.0666  4.0563 19.3929
432 216  0.5955  1.3298 23.1137
456 216  0.9542  2.5003 18.7388
480 216  1.1009  2.5472 16.6932
504 216  1.7081  0.0880 13.1497
528 216  2.6020  0.4105 20.1781
552 216  2.7474  0.7631 13.7139
576 216  3.4694  3.1426 14.0296
600 216  2.6665  3.1899 16.5167
624 216  0.8907  2.0542 16.0626
648 216 -2.3784  3.4170 16.8058
672 216 -3.8191  4.1647 16.2709
696 216 -4.1904  4.5275  9.7395
720 216 -2.2808  4.3095  9.2624
744 216  8.8696 10.9825 10.8846
768 216 -16.9038  5.9077  9.3788
792 216 -0.2007  3.1499 14.6225
816 216 -1.9691  2.4349 19.2588
840 216 -2.3502  2.5038 14.7856
864 216 -3.9685  2.4733 14.0015
888 216 -4.2631  2.1637 13.5175
912 216 -4.4768  0.1808 13.6122
936 216 -4.0385 -1.5458 13.5993
960 216 -4.9999 -0.3484 13.4284
984 216  1.6482 -0.0001 10.4711
 24 240  0.0194  0.0141 12.2673
 48 240 -4.0317  1.6573 15.1223
 72 240 -2.0162 -1.1900 11.0201
 96 240 -1.7606 -0.8707 17.9140
120 240 -0.7246  0.3810 18.6713
144 240  1.9791 -2.4822 19.4827
168 240  2.0967 -2.8787 20.4060
192 240  1.0000  1.0000  9.8536
216 240  1.9276 -1.1212 16.7544
240 240  1.8009 -1.0141 16.4825
264 240  0.0939 -1.0140 19.9936
288 240  0.2706 -0.4240 15.1137
312 240  1.9386  0.4093 19.4314
336 240  2.8922  2.9958 16.1937
360 240  2.6852  3.2103 16.1985
384 240 -1.9823  3.7709  8.9342
408 240 -13.8730  8.9129 10.3084
432 240 16.3895 -1.3767  5.9732
456 240 14.3923 -2.5738  7.5026
480 240  3.2837  0.7297 15.8641
504 240  3.5275  0.4972 18.7828
528 240  2.8231  0.3819 20.5842
552 240  1.3465  0.7937 20.9287
576 240  1.8790  2.8532 16.5248
600 240  2.0213  3.1711 16.6582
624 240 -0.1957  1.4984 15.6444
648 240 -1.2381  3.1859 16.5050
672 240 -0.2602  4.1066 17.4514
696 240 -0.2729  5.0009 14.6695
720 240 -0.3803  5.2353 13.7991
744 240 -0.4200  5.1910 15.2176
768 240 -0.5419  5.0838 13.5712
792 240 -0.1459  3.1592 14.7959
816 240 -3.0258  3.2932 12.8921
840 240 -4.2915  3.9971 13.3741
864 240 -3.8327  2.4800 13.2709
888 240 -3.0361  2.1853 18.3455
912 240 -2.0118  0.9441 16.0963
936 240 -2.7591 -0.0241 18.4428
960 240 -1.9980  0.1310 18.8343
984 240  1.6165 -0.0038 10.4083
 24 264  0.0204  0.0212 12.1081
 48 264 -11.6528 -5.8139 13.1557
 72 264 -1.1641  8.2086  8.1881
 96 264 -1.0461 -0.2664 19.5708
120 264  0.2655 -1.2769 19.9292
144 264  1.8015 -2.7384 17.7602
168 264 -0.8328 -0.6251 14.2252
192 264 -0.8205 -0.2324 17.9720
216 264 -0.8303 -1.8606 16.1240
240 264 -0.7855 -2.1052 17.5779
264 264  0.2146 -1.1675 17.8771
288 264  1.0857 -0.9051 19.0031
312 264  1.1343 -0.6045 16.9017
336 264  0.7330  0.9320 14.8554
360 264 -4.2143  4.8306 15.4221
384 264 -5.8093  7.0026 14.4353
408 264 -12.2828  6.1792 12.4978
432 264 -23.5386  5.8741  6.7662
456 264 -5.8033 -19.2333  7.1624
480 264  4.6696  2.0154 14.5003
504 264  3.7588  0.9436 19.8887
528 264  2.1350  0.8467 19.0235
552 264  1.0061  0.6978 17.1394
576 264  1.1553  1.5515 14.4125
600 264  0.0475  2.1404 15.2733
624 264 -0.3451  2.1132 19.1074
648 264 -0.0045  3.5734 16.7767
672 264  0.0886  4.4135 17.7930
696 264 -0.3930  5.0355 18.0591
720 264 -0.3314  5.4040 14.9361
744 264 -0.9044  5.6118 12.1223
768 264 -1.6592  5.1087 12.6707
792 264 -2.0623  5.0748 12.3308
816 264 -4.4079  4.6446 12.2947
840 264 -4.2544  6.7062 14.2537
864 264 -2.9495  7.6477 13.6374
888 264 -2.3297  1.7762 16.4622
912 264 -1.8575  0.8904 17.9567
936 264 -2.3677  0.3030 16.2356
960 264 -1.4599  0.3226 18.2103
984 264  1.5809  0.0223 10.5989
 24 288 -0.0073 -0.0346 12.3836
 48 288 -9.8476 -5.0079  9.5725
 72 288 -6.0718 -13.1573 17.2238
 96 288 -1.7948 -3.6522 10.8142
120 288  0.2505 -1.2895 19.9052
144 288  0.4452  0.5186 14.4245
168 288  0.2447  0.6850 18.8645
192 288  0.6920 -0.6650 13.6404
216 288  0.8648 -1.1662 15.8045
240 288  1.0559 -0.9328 13.2941
264 288  1.0076 -0.6635 19.9590
288 288  1.2007 -1.0327 23.0804
312 288  1.8050 -1.8281 22.8248
336 288  0.1188 -0.2156 16.0465
360 288 -3.1574  3.9479  8.5377
384 288 -5.7973  6.5674  9.7787
408 288 -12.9437 -24.0563  7.3653
432 288  2.9838 -1.6791 12.5933
456 288  3.5902  0.0684 12.4086
480 288  4.9338  1.1840 15.3100
504 288  4.1192  1.0810 14.8768
528 288  2.1232  1.1238 15.2193
552 288  0.2834  0.6863 12.6370
576 288 -19.2432 -0.7214 17.0301
600 288 -0.1258  1.1458  9.6398
624 288 -0.6087  0.2036 13.9012
648 288 -0.7736  0.0151 15.7111
672 288 -1.9228  1.6553 14.9747
696 288 -2.4214  5.8454 11.7079
720 288 -3.9005  7.1848 11.8691
744 288 -5.2318  5.1876 12.5623
768 288 -4.0195  4.1731 12.9317
792 288 -3.1405  6.0477 11.3190
816 288 -3.9932  4.6355 13.5779
840 288 -3.6666  6.3853 11.4276
864 288 -2.0806  7.2384 10.6984
888 288 -1.2357  3.4919 12.6402
912 288 -1.2822  2.5153 15.2943
936 288 -2.7976  2.9910  9.6193
960 288 -4.0771 -12.3228  8.8964
984 288  1.6283 -0.0046 10.5371
 24 312 -0.0050 -0.0166 12.4952
 48 312 -6.8898 -12.6707 15.5029
 72 312 -6.0022 -13.8931 19.1657
 96 312 -5.4990 -13.9281 12.4010
120 312 -9.9467  2.2059  8.1249
144 312 -0.2740 -0.2572 11.4399
168 312  0.2146  0.0000 18.9795
192 312  1.0360  0.9576 14.1470
216 312  2.4499 -1.0543 13.6060
240 312  2.8793 -2.6139 17.6376
264 312  0.2907 -1.3522 16.7612
288 312  0.2576 -1.3403 17.7503
312 312  1.9619 -1.5753 19.0544
336 312  1.2626 -2.2745 17.5538
360 312  4.7024 -3.2833 12.9302
384 312  7.5367 -3.5497 20.2236
408 312  6.2525 -4.1263 14.5679
432 312  5.7152 -0.2569 17.7979
456 312  3.0063 -0.6804 15.2657
480 312  4.8303  0.6572 14.6317
504 312  4.9192  1.4869 15.2450
528 312  5.1976  1.9978 17.3798
552 312 -0.1658  2.6228 10.5603
576 312 -16.9152 -7.3481 22.9560
600 312 17.8485 10.6630 10.1525
624 312 -1.0264 -0.6097 10.8815
648 312 -1.7682 -2.1465 17.1671
672 312 -3.3208  2.7472 16.8604
696 312 -4.7667  5.0914 13.6577
720 312 -4.7985  6.0872 12.2620
744 312 -5.9027  4.1817 16.4235
768 312 -5.3232  4.0120 16.3639
792 312 -4.5483  3.7822 14.0327
816 312 -5.8535  5.6896 13.0099
840 312 -4.1849  6.0114 12.7875
864 312 -3.7531  6.5708 11.1360
888 312 -1.8645  4.2526 13.6547
912 312 -1.8183  3.9787 17.0427
936 312 -0.8342  4.0512  9.1251
960 312 -5.8387 -13.0253 10.1949
984 312  1.6340  0.0886 10.3650
 24 336 -0.0023  0.0024 12.4531
 48 336  4.7761 -8.6728 15.4544
 72 336  0.0399 -10.6188  9.4195
 96 336 -1.0524 -8.9215 14.7171
120 336 -1.0169 -3.7143 14.1640
144 336 -1.7208 -2.5567 18.1970
168 336 -0.2123  0.0125 18.6765
192 336 -2.0504 -0.2972 14.2627
216 336  2.3514 -3.5837 11.6645
240 336  2.8887 -2.1607 16.1322
264 336  3.0849 -1.9576 16.0025
288 336  1.3098 -0.1445 16.3115
312 336  2.0370 -1.2970 18.6873
336 336  2.7257 -4.1588 18.1269
360 336  4.0310 -5.9686 19.6688
384 336  5.7899 -4.8817 17.7139
408 336  6.6739 -3.8707 18.5756
432 336  6.0862 -2.1109 16.4899
456 336  3.9334 -0.7316 18.3565
480 336  3.7069 -0.4053 19.3149
504 336  3.9919 -0.1194 17.5949
528 336  4.2830  0.3110 13.1853
552 336 -0.1669  3.3341  9.1406
576 336 -15.8756 -7.4494 18.7032
600 336 19.4263  6.3585 16.5529
624 336 13.9113 14.8509  8.6442
648 336 -2.9202  1.7917 10.2162
672 336 -3.6886  3.3254 19.2032
696 336 -5.0136  4.7575 15.3317
720 336 -4.8532  5.0764 14.1322
744 336 -4.3543  3.6982 16.2800
768 336 -5.2478  4.0919 17.9388
792 336 -6.2048  5.7831 17.9626
816 336 -6.1630  5.7113 11.5182
840 336 -5.0303  3.3012 13.2276
864 336 -4.7002  3.5731 13.4210
888 336 -2.8856  4.7447 13.8606
912 336 -2.8806  5.0581 19.2010
936 336 -2.3648  4.9271 16.2525
960 336 -0.7723  4.2239 11.4948
984 336  1.5674  0.0651 10.0631
 24 360 -0.0048  0.0091 12.3779
 48 360  4.2806 -7.9767 13.4401
 72 360 -0.1010 -7.7182 12.4022
 96 360 -0.6937 -8.3313 17.4147
120 360 -2.0904 -2.0880 14.8526
144 360 -3.7328 -1.7542 21.2488
168 360 -5.7746  1.0633 19.2520
192 360 -5.8261  1.1005 23.6186
216 360  0.2176  0.0530 15.2618
240 360  1.7404 -1.2877 15.8107
264 360  1.0105 -2.8363 15.1853
288 360  2.0316 -1.4744 17.8341
312 360  2.0498 -1.5977 18.2358
336 360  3.8284 -5.7400 18.6959
360 360  3.1548 -6.0737 18.4498
384 360  5.5948 -3.9146 15.1519
408 360  5.9473 -3.5647 26.6427
432 360  5.8434 -3.0840 14.9469
456 360  7.9492 -3.3725 14.7585
480 360  5.8869 -2.5312 10.6005
504 360  0.3071  0.9103 22.8467
528 360 -0.0157  1.0547 16.0806
552 360 -0.2383  0.6387  8.9222
576 360 -0.0407  0.0367 12.6060
600 360  1.9271 -1.9663 15.6901
624 360  0.0513 -3.1025 17.1584
648 360 -2.2755 -1.1292 13.1447
672 360 -3.2509  2.7176 17.0561
696 360 -4.7089  3.9928 12.4038
720 360 -5.0125  2.4526 13.3123
744 360 -4.3313  3.8611 15.2834
768 360 -5.8461  4.2454 16.7995
792 360 -5.5866  5.0132 15.3074
816 360 -5.2658  4.8641 16.5864
840 360 -5.0728  3.8110 18.0119
864 360 -5.8816  3.0697 14.6421
888 360 -3.8857  3.9449 12.5815
912 360 -3.2465  5.2522 15.0921
936 360 -3.9616  5.2770 13.8228
960 360 -2.1703  2.1075 13.5503
984 360  1.5638  0.0116 10.2321
 24 384 -0.0072 -0.0176 12.4362
 48 384 -1.9442 -3.4661 13.5123
 72 384  0.1568 -5.0454 12.5082
 96 384  1.0000  1.0000  7.9868
120 384 -2.0547 -1.0649 12.4925
144 384 -3.7797 -1.7351 20.6949
168 384 -5.8865  1.5399 19.1569
192 384 -6.0468  1.9088 21.2933
216 384 -0.0012 -1.8201 15.2822
240 384  0.0673 -1.9548 19.9513
264 384  0.9476 -3.4675 20.1797
288 384  2.8700 -2.0805 10.3367
312 384  7.0461 -2.9503 13.1655
336 384  4.7541 -4.4261 14.8399
360 384  5.1140 -4.5986 13.7089
384 384  5.8597 -3.9417 17.7484
408 384  6.0129 -3.7415 24.6040
432 384  5.9645 -4.5832 20.5271
456 384  6.1912 -4.7377 15.9628
480 384  4.8776 -3.2505 13.1265
504 384  0.2769 -0.0165 16.3701
528 384  0.4146  0.0988 14.8714
552 384  0.8613 -3.2044 12.1762
576 384  0.3376 -3.8042 16.1793
600 384  0.0911 -2.9532 20.0273
624 384 -0.0177 -2.6223 17.6547
648 384 -1.2012  0.4451 19.6413
672 384 -0.7688  1.5659 17.3103
696 384 -0.0869  3.2393 13.2427
720 384 -3.9927  5.5403 13.4821
744 384 -4.1371  5.4694 11.5048
768 384 -6.2901  3.9933 17.1246
792 384 -3.7908  4.8873  9.7216
816 384  0.0237  7.2834 12.0001
840 384 -2.1458  5.5087 15.2532
864 384 -2.1244  5.6187 17.2336
888 384 -3.3446  2.0134 13.6805
912 384 -5.8482  3.5691 14.0065
936 384 -6.1011  1.2477 15.6105
960 384 -8.0823  0.1710 18.2279
984 384  1.6038 -0.0049 10.5542
 24 408 -0.0169 -0.0145 12.6642
 48 408 -1.9566 -2.1719 13.9362
 72 408 -3.9454 -2.9756 15.8889
 96 408 -4.1562 -3.1954 10.5765
120 408 -7.1007 -1.4361 18.0282
144 408 -6.9903 -1.7146 12.1559
168 408 -0.2472 -0.0780 16.1289
192 408 -2.5949 -0.1625 16.3581
216 408 -2.1694 -1.0798 10.1409
240 408  1.7163 -3.4538 16.5336
264 408  1.4059 -2.9304 15.8044
288 408  1.0670 -2.3332 10.5881
312 408  7.0137 -2.7822  9.8119
336 408  3.6874 -3.0684 14.3712
360 408  5.0141 -3.9639 17.0740
384 408  4.2656 -3.3480 14.6690
408 408  5.9078 -2.3516 16.0256
432 408  6.1268 -4.9026 12.9346
456 408  5.1211 -6.0010 17.5228
480 408  4.6445 -3.1848 17.4963
504 408  4.2008 -2.7528 14.8688
528 408  3.5929 -3.7885 14.8033
552 408  1.6482 -3.7854 15.0294
576 408  0.1185 -3.4163 20.3960
600 408 -0.3171 -3.2867 22.0379
624 408 -0.2523 -2.7739 17.7692
648 408 -0.6387 -1.0999 17.7710
672 408 -0.2672  0.3219 20.8043
696 408  0.0009  1.5511 15.0418
720 408 -0.4873  5.5621 15.5038
744 408 -3.6880  5.3539 15.6853
768 408 -5.7906  2.9461 15.1181
792 408 -2.7691  6.7358 14.7212
816 408 -1.5408  6.3772 16.2919
840 408 -1.0684  4.7888 20.6149
864 408 -0.4982  5.2230 18.2869
888 408 -3.8061  5.9911 16.2675
912 408 -6.5273  2.9965 11.7084
936 408 -6.1413  0.6628 12.9660
960 408 -8.1926  0.0642 16.5955
984 408  1.6013 -0.0175 10.1411
 24 432 -0.0168  0.0056 12.5031
 48 432 -2.0470 -2.3136 13.5172
 72 432 -3.3642 -1.0779 15.7487
 96 432 -3.4077 -1.0618 10.4956
120 432 -7.8706 -0.5754 17.8677
144 432 -1.1433 -6.3240 11.4204
168 432 -0.3383 -1.6586 16.6994
192 432 -1.9940 -2.7401 14.8272
216 432  1.0000  1.0000  8.3875
240 432  0.0543 -2.2936 15.2374
264 432  0.0327 -2.0913 14.0992
288 432  1.1198 -2.2240 17.9052
312 432  1.0000  1.0000  8.5465
336 432  4.4889 -2.1689 17.9211
360 432  4.2103 -3.0267 18.4973
384 432  6.9040 -3.6983 17.9842
408 432  7.1521 -3.2458 11.7563
432 432  3.8339 -5.2105 13.7727
456 432  5.2072 -6.1831 13.7034
480 432  2.0043 -5.7965 11.1978
504 432  2.0205 -5.6366 15.0584
528 432  1.9602 -5.2418 16.5637
552 432  1.5211 -5.1226 18.7056
576 432  0.2459 -3.1964 19.1972
600 432 -0.1787 -3.2317 20.2946
624 432 -0.6145 -3.6350 19.5434
648 432 -0.6503 -1.6800 24.8654
672 432 -0.9549  0.0260 23.3437
696 432 -1.1868  0.4899 21.0874
720 432 -0.8860  3.2002 13.6423
744 432 -2.9082  3.6051 14.6649
768 432 -2.7996  3.8320 14.0203
792 432 -0.3403  2.8600  9.4014
816 432 -0.1535  2.9923  9.2598
840 432 -0.9265  5.5050 13.5910
864 432 -0.6215  8.3295 11.6653
888 432  0.3687  9.2976 12.0883
912 432  0.5241  4.5642 10.1918
936 432 -2.9062  1.2602 13.1581
960 432 -1.8204 -1.2051 15.0220
984 432  1.6058 -0.0074 10.2416
 24 456  0.0272 -0.0189 12.0918
 48 456  1.0407 -2.8462 16.4346
 72 456 -0.7721 -1.3370 14.0723
 96 456 -0.7918 -1.1522 14.8985
120 456  0.1575 -4.4700 11.8519
144 456 -0.0844 -4.9443 13.8810
168 456 -2.7421 -2.7305 11.4910
192 456 -1.2570 -1.6311 10.9250
216 456  1.0000  1.0000  8.4483
240 456 -0.2517 -2.3267 20.3652
264 456 -0.0895 -2.4427 18.7970
288 456 -0.8521 -1.2656 22.0731
312 456  1.0000  1.0000  7.7243
336 456  4.0779 -1.7687 18.6266
360 456  4.9895 -2.1776 18.7147
384 456  5.1961 -1.9048 16.4240
408 456  6.1120 -1.1985 13.7155
432 456  4.2374 -5.6442 12.2678
456 456  1.9625 -5.0374 14.5262
480 456  1.5908 -4.8475 17.3466
504 456  3.7909 -5.7951 19.1837
528 456  1.9905 -5.6081 14.9644
552 456  1.3953 -4.5992 18.7115
576 456  0.3935 -3.7086 15.0562
600 456  0.9687 -3.0062 15.0406
624 456 -0.0402 -2.2559 21.6100
648 456 -0.4058 -2.4577 21.9390
672 456 -1.5279 -0.3086 21.5843
696 456 -1.7673 -0.0389 21.2574
720 456 -0.7071  0.0451 13.8042
744 456 -0.1627  0.2081 16.5478
768 456  0.0198  0.3465 19.3986
792 456  0.2128  0.2522 11.5274
816 456 -0.2830  3.2958 10.0222
840 456  3.8706 15.0333 13.2140
864 456  3.6541 14.1535 15.1021
888 456  2.4429 11.2712 12.1776
912 456  2.0098  4.0858 12.2972
936 456  0.2062  0.5965 14.9341
960 456 -0.0817  1.0554 13.9559
984 456  1.5995  0.0195 10.0037
 24 480  0.0318 -0.0463 11.7927
 48 480  0.8172 -2.0766 14.2615
 72 480 -1.0387 -2.0770 18.4492
 96 480 -0.8503 -3.2010 17.7434
120 480 -0.4495 -3.9875 21.9781
144 480 -3.0918 -1.8277 16.4084
168 480 -2.9972 -1.6233 18.2388
192 480 -2.9319 -1.9743 16.6858
216 480 -6.5863  0.1859  7.5148
240 480 -0.9710 -1.3239 20.6776
264 480 -1.1964 -1.2710 19.6656
288 480 -1.6166 -0.1717 15.2003
312 480 -3.8354  2.2916 10.0364
336 480  1.5891 -0.2353 11.2448
360 480  3.2455 -2.1222 13.0755
384 480  2.2987 -0.3295 16.6498
408 480  1.7716  0.6270 16.6781
432 480  0.2770 -1.1805 11.7714
456 480  2.0487 -4.5979 17.1727
480 480  2.0523 -5.1126 17.1301
504 480  3.7427 -5.8185 23.4733
528 480  3.6677 -5.7399 19.2032
552 480  2.0962 -5.5802 16.2095
576 480  2.5765 -3.6305 18.7671
600 480  2.8377 -3.1198 17.9912
624 480  0.2265 -2.0524 22.3793
648 480  0.0525 -3.4067 19.9095
672 480  0.0792 -2.0334 14.7723
696 480 -0.2401 -1.0896 16.7201
720 480 -0.4009 -2.2461 17.1314
744 480  0.0486 -1.9263 13.2250
768 480  0.2554 -0.3326 14.8739
792 480  0.1759 -0.3535 13.1079
816 480 -0.5168  0.3188 13.7264
840 480 -1.5801  8.9135 10.2423
864 480 -4.0345  7.3221  9.4009
888 480 -4.2042  4.9755 13.2161
912 480 -1.7218  3.3087 15.0097
936 480  0.5262  1.1741 15.0222
960 480 -0.0831  1.2010 14.8573
984 480  1.6322  0.0381  9.7353
 24 504  0.0019 -0.0903 12.1491
 48 504 -4.7717 -4.8325 12.2033
 72 504 -0.0295 -3.1411 18.8346
 96 504 -0.3980 -4.1306 19.3437
120 504 -0.6830 -3.7803 17.3008
144 504 -3.2109 -1.8162 17.2828
168 504 -3.0837 -1.7291 17.3903
192 504 -6.1690  0.2610 16.3368
216 504 -2.7764 -2.1543 12.4740
240 504 -0.1255 -1.5408 15.8923
264 504 -1.0691 -0.3665 15.5795
288 504  2.0541  5.9970  8.5473
312 504  1.3523  0.0576 11.9257
336 504  1.3254  0.3921 19.5071
360 504  0.7670  0.6674 16.1922
384 504  1.6870 -0.1259 21.0547
408 504  1.9314 -0.3132 17.6097
432 504  6.0038 -3.8009 15.0797
456 504  6.0686 -2.3346 16.6912
480 504  4.0490 -2.9115 15.2584
504 504  4.5030 -4.9865 14.9787
528 504  3.7694 -5.1730 16.4189
552 504  3.1135 -5.1900 14.1060
576 504  2.8320 -3.9878 16.7012
600 504  3.1589 -3.1176 17.5140
624 504  2.4355 -2.7498 14.4707
648 504  2.2934 -4.3336 18.5326
672 504  1.3148 -4.2528 18.7241
696 504  1.1494 -2.5566 17.1318
720 504  0.1698 -2.2669 16.2091
744 504  1.6812 -3.0204 15.1541
768 504  2.0344 -1.9303 16.9326
792 504  1.5540  0.8201 15.9623
816 504  2.6717  4.2272 10.6622
840 504 -2.6873  6.7390 16.0224
864 504 -3.7792  6.8037 20.2267
888 504 -4.1563  6.0082 15.7160
912 504 -4.7867 -0.9423 16.3479
936 504 -2.9238 -0.4994 12.7353
960 504 -0.1584  0.3094 11.6698
984 504  1.6248  0.0138 10.0923
 24 528 -0.0152 -0.0430 12.5582
 48 528 -3.0865 -2.0428 14.6171
 72 528 -4.6674 -8.1275 12.2163
 96 528 -0.2223 -2.3025 14.9042
120 528 -2.6826 -1.7638 15.3914
144 528 -2.9798 -1.3800 16.4388
168 528 -1.9471 -0.2192 13.6098
192 528 -1.8699 -2.0824 13.5935
216 528 -1.1680 -3.0108 16.0107
240 528  0.1378 -1.9380 14.2838
264 528  2.8924 -3.1458 14.8888
288 528  0.1682 -4.1219 10.6077
312 528  1.8211 -1.1223 15.5063
336 528  1.8041 -0.9512 16.5051
360 528  3.2974 -4.0711 11.1803
384 528  2.0940 -0.7781 15.6328
408 528  3.6525 -1.0874 19.7277
432 528  4.8687 -2.3905 19.7747
456 528  4.7445 -2.5848 17.5775
480 528  5.1386 -3.1193 20.6567
504 528  5.8862 -3.8351 20.4687
528 528  4.0969 -5.1625 17.4558
552 528  3.6687 -5.6688 16.0814
576 528  4.2262 -5.2842 15.5395
600 528  3.9045 -2.8311 15.3879
624 528  3.5092 -1.2271 11.5622
648 528  3.9859 -2.6426 15.1999
672 528  1.4140 -1.8938 16.2006
696 528  0.4618 -1.0843 16.8824
720 528  0.4167 -1.6089 14.7447
744 528  0.9245 -2.8300 21.6788
768 528  1.7297 -2.4055 17.3329
792 528  0.1580  0.1131 17.9742
816 528 -0.2078  3.2310 11.2404
840 528 -3.6500  7.3373 13.4407
864 528 -3.5904  7.5094 14.7473
888 528 -4.1994  0.3877 12.3726
912 528 -4.8403 -1.0415 16.3624
936 528 -3.8117 -0.1546 16.9154
960 528 -0.2312 -0.0183 13.8078
984 528  1.6164  0.0054 10.1536
 24 552 -0.0175 -0.0050 12.7069
 48 552 -2.0997 -3.8409 14.5747
 72 552 -3.1822 -6.0741 14.9183
 96 552 -2.4658 -5.3575 15.6643
120 552 -2.8613 -1.8174 16.8487
144 552 -2.0831 -0.7489 18.5986
168 552 -0.7582 -1.3219 14.0074
192 552 -0.0247 -2.2218 15.8961
216 552  0.0134 -2.2730 12.9197
240 552  2.7963 -3.1615 16.4541
264 552  0.6696 -2.6592 13.1658
288 552  0.0088 -0.3639 11.2658
312 552 -3.9953 -0.7724 14.5355
336 552 -4.1774 -1.1400 15.2939
360 552 -1.3566 -3.0598 14.3666
384 552  1.6802 -2.7969 14.2216
408 552  4.1309 -2.0910 16.2651
432 552  4.7653 -2.1893 16.8161
456 552  4.7678 -2.1411 18.2099
480 552  5.3140 -2.9391 21.7147
504 552  5.5761 -3.3706 18.2413
528 552  4.4412 -3.4105 16.1674
552 552  3.3022 -3.0382 15.0144
576 552  3.3994 -3.8654 17.1778
600 552  3.7920 -3.3803 17.1470
624 552  3.5231 -0.3496 16.2464
648 552  1.2879 -0.0441 18.7352
672 552  1.2324 -0.1407 18.8990
696 552  1.7477 -0.4043 18.7383
720 552  1.0360 -1.3257 20.9089
744 552  0.2550 -2.1590 20.8479
768 552 -0.2523 -0.9097 15.8880
792 552 -2.2165  0.9356 22.2440
816 552 -3.0440  1.5540 16.3138
840 552 -1.9237  7.1264 13.6868
864 552 -1.0892  0.8920 14.6878
888 552 -1.7326 -0.8156 21.4365
912 552 -2.2125 -1.0594 18.5945
936 552 -3.6466 -0.5619 19.5261
960 552 -3.7253 -0.6218 19.5435
984 552  1.6440 -0.0169 10.4968
 24 576  0.0012 -0.0717 12.3857
 48 576 -2.0348 -3.6089 12.0117
 72 576 -2.6047 -5.0636 17.5140
 96 576 -2.5897 -4.9815 18.9777
120 576 -4.0354 -3.8339 17.2874
144 576 -3.0771 -0.9911 18.7700
168 576 -0.4944 -1.4127 15.7476
192 576  0.1640 -2.0848 15.1671
216 576  0.4286 -1.7610 15.4142
240 576  2.4086 -1.3554 14.8669
264 576  4.3415 -0.9372 10.5127
288 576 -3.0858  0.0552 18.7954
312 576 -3.0658  0.7052 19.9034
336 576 -2.3691 -1.8071 16.5420
360 576 -0.7068 -2.8254 13.9891
384 576  1.8945 -2.9623 16.1334
408 576  2.4270 -3.1720 14.9647
432 576  5.7021 -2.6522 17.4721
456 576  5.7158 -2.5035 15.1358
480 576  5.8605 -2.9185 19.8957
504 576  5.4558 -2.7593 18.0459
528 576  3.9156 -2.7027 16.6010
552 576  4.4903 -2.7554 16.2174
576 576  4.7673 -3.6398 15.0486
600 576  1.2642 -1.2171 13.8878
624 576  1.7410 -0.3440 15.6696
648 576  0.8969 -0.2183 17.5830
672 576  1.0308 -0.4062 21.7611
696 576  1.6698 -0.2752 19.6041
720 576  1.8685 -0.6779 17.2150
744 576 -1.4627 -0.9930 13.1503
768 576 -2.2465  3.3513 15.6282
792 576 -2.1924  1.3208 21.8454
816 576 -3.3669  2.2176 17.2623
840 576 -1.3426  6.9621 12.8942
864 576 -0.7421  1.2609 14.6754
888 576 -0.9395 -0.3351 15.0803
912 576  0.1353 -1.7331 14.3915
936 576 -2.9240  0.0185 17.1414
960 576 -3.0849 -0.1243 20.7856
984 576  1.6048  0.0033 10.1174
 24 600 -0.0021 -0.0354 12.1702
 48 600 -3.8508 -2.7251 15.5951
 72 600 -3.9939 -3.4090 18.1849
 96 600 -2.8879 -3.3298 14.6065
120 600 -3.0820 -2.2803 17.0819
144 600 -3.0376 -1.0873 15.1188
168 600 -0.9389 -2.7021 14.7008
192 600 -0.1532 -2.0278 18.6620
216 600 -0.2547 -2.0864 14.8756
240 600  0.2244 -3.7699  7.8739
264 600  5.8674  8.1175 11.6822
288 600 -3.5499  0.5398 16.5127
312 600 -3.1617  0.6838 16.8701
336 600  0.0760 -3.5281 14.2774
360 600  1.7294 -2.4549 15.1081
384 600  2.0845 -2.9151 16.3808
408 600  4.0383 -1.7364 17.2245
432 600  4.1438 -1.2034 18.2259
456 600  3.8746 -1.0090 13.2388
480 600  3.8400 -1.5419 18.3216
504 600  5.8387 -0.1330 18.4296
528 600  4.8481 -1.9596 15.2441
552 600  6.2843 -4.5216 15.3056
576 600  5.7037 -4.1880 14.7246
600 600  1.0055 -0.9557 13.3611
624 600  0.7824 -1.2036 12.1184
648 600  0.2659 -0.4849 17.4206
672 600  0.2758 -0.0396 22.9338
696 600  0.0748 -0.0527 18.1260
720 600 -2.6822 -0.1679 16.7558
744 600 -2.9682  0.2760 15.7477
768 600 -2.1404  0.6239 11.7336
792 600 -2.0369  0.7497 16.5842
816 600 -0.0487  2.2067 16.2248
840 600 -0.2748  2.0202 14.7968
864 600 -0.0388 -1.3908 18.1611
888 600 -0.1128 -1.9092 18.7127
912 600  3.7294 -2.9335 15.6131
936 600  3.2303 -3.1351 10.6321
960 600 -2.9615  0.3354 10.3083
984 600  1.6563  0.0219  9.9450
 24 624 -0.0220 -0.0720 12.4455
 48 624 -2.7556 -4.2465 20.9509
 72 624 -3.4207 -3.4777 19.6856
 96 624 -2.0310 -4.1041 18.3893
120 624 -0.0867 -4.1037 21.2097
144 624  0.0090 -1.3292 19.7662
168 624 -0.0099 -2.7622 16.6921
192 624 -0.1117 -2.3036 17.8803
216 624  0.0324 -1.7281 14.8148
240 624  4.1499 -8.9851  8.1987
264 624 -5.9891 -5.7804  9.7412
288 624 -1.1497 -0.8922 14.1217
312 624  2.0970 -1.2472 15.2816
336 624  2.5112 -1.9631 17.1630
360 624  1.9849 -0.1788 16.5270
384 624  2.6515 -0.8050 14.7607
408 624  4.1087 -1.4174 16.5365
432 624  4.0362 -0.8208 20.1477
456 624  2.1387 -0.5329 16.3215
480 624  2.0245 -3.5134 15.0437
504 624  5.0772 -0.0571 16.4097
528 624  8.0232 -4.9479 15.8882
552 624  6.0854 -4.8444 17.1832
576 624  5.6775 -4.5093 14.0894
600 624  2.4410 -0.3851 12.3993
624 624  0.6155 -3.8739 12.8425
648 624  0.2325 -3.5945 16.2086
672 624  0.0246 -3.2883 17.0736
696 624 -0.1374 -0.6575 15.8076
720 624 -1.8525  0.8097 18.3724
744 624 -2.3845  4.8041 16.3874
768 624 -1.7183  3.2432 14.8705
792 624 -0.3983  4.8135 11.0714
816 624 -0.8710  2.8551 20.4768
840 624 -1.1815  1.8786 20.7497
864 624 -1.5671 -1.3543 18.3842
888 624 -1.8603 -2.0425 21.9382
912 624 -2.0287 -1.9156 15.6187
936 624 -2.1513 -1.4934 11.6583
960 624  3.7198  4.6624 12.9833
984 624  1.7024  0.0437 10.2781
 24 648 -0.0269 -0.1359 12.7268
 48 648 -2.4096 -3.3248 24.6415
 72 648 -0.5848 -3.4694 17.5944
 96 648 -0.4020 -3.3008 18.9309
120 648 -0.0259 -2.7774 19.0630
144 648 -0.8703 -2.0257 15.5204
168 648 -17.9788 -0.1712 19.2839
192 648 28.7719 -0.3308 12.5634
216 648 -17.7384  0.4162  9.4095
240 648  2.7547 -6.2863 14.6143
264 648  2.7221 -6.0401 15.7494
288 648  3.3114 -0.7098 19.2153
312 648  3.1149 -1.0526 21.2044
336 648  4.2105 -0.8827 17.7059
360 648  2.0173  0.1051 16.0003
384 648  2.7724 -0.2986 14.7222
408 648  3.1342  0.1617 15.7496
432 648  3.5975 -0.3630 19.7884
456 648  3.9023 -1.6454 20.4932
480 648  2.2737 -3.0705 15.9505
504 648  2.1459 -2.8260 16.7322
528 648  2.3495 -5.5497 15.0344
552 648  3.8050 -5.9006 13.4060
576 648  1.1188 -3.9685 13.7632
600 648  0.8395 -3.8947 19.5302
624 648  0.9082 -4.4317 17.1044
648 648  0.9264 -2.0753 16.0260
672 648  1.2406 -3.6403 15.8406
696 648  1.2235 -2.2139 15.1550
720 648  2.2744  2.8951  8.6810
744 648 -0.8708  5.9158 15.1446
768 648 -1.7309  3.0806 12.8650
792 648 -0.8423  2.1143 11.2118
816 648 -1.4630  1.8060 12.8137
840 648 -1.5101  1.9542 22.1221
864 648 -0.1963  0.0246 17.1698
888 648 -5.4566 -3.1968 18.0032
912 648 -4.1588 -2.6891 16.4087
936 648 -2.2164 -1.2767 17.8879
960 648  0.7476  5.1201 12.1872
984 648  1.6271  0.0071  9.9899
 24 672 -0.0064 -0.0403 12.4703
 48 672 -2.7634 -3.0861 18.1511
 72 672 -2.2007 -3.6333 16.8011
 96 672 -1.9780 -3.5774 12.5611
120 672 -0.1809 -4.7168 12.3844
144 672 -1.8700 -4.8662 13.8072
168 672 -17.3396 -1.7111 20.6782
192 672 28.0850 -1.2072 13.5805
216 672 21.9246 -14.1347 11.3335
240 672  2.7719 -5.4316 15.5378
264 672  1.8331 -2.4785 15.1249
288 672  2.0937 -1.8017 16.0613
312 672  4.6560 -1.0124 17.5130
336 672  4.9049 -0.9327 18.8454
360 672  5.6033 -0.4549 13.3602
384 672  7.1096 -3.2115 12.3627
408 672  4.1424 -3.9825 11.1431
432 672  4.1024 -0.1638 13.2327
456 672  3.7843 -1.7609 15.4869
480 672  4.9777 -2.9746 16.0591
504 672  3.9758 -4.6254 13.9273
528 672  4.0693 -6.6741 15.1620
552 672  2.3222 -5.9735 12.9525
576 672 -0.8762 -2.9752 19.8447
600 672  0.6763 -4.1192 21.8923
624 672  0.0391 -5.0894 20.1930
648 672 -0.0073 -4.8347 14.5790
672 672  1.1321 -1.8694 16.5648
696 672  0.1837 -4.2876 14.1314
720 672 -0.1875 -6.6181 11.4623
744 672 -1.8154  7.4498  9.9752
768 672  6.1676  4.5408 12.4229
792 672  2.8138  1.3782 16.2944
816 672  2.7466  0.8359 14.1076
840 672 -2.6366  3.2262 14.7822
864 672 -1.1664  4.1422 15.5224
888 672  4.3151 -5.0529  6.9689
912 672 -3.8331 -5.4263  9.1582
936 672 -1.8298 -0.4743 23.7549
960 672 -1.1556 -1.1717 27.5141
984 672  1.6123  0.0420 10.2848
 24 696  0.0131 -0.0631 11.9865
 48 696 -3.7527 -3.5878 20.4563
 72 696 -2.9394 -3.1580 14.1706
 96 696 -1.9405 -3.8747 10.4994
120 696 -7.6515 -5.4722 16.1114
144 696 -4.1428 -5.9492 13.4128
168 696 -3.7933 -5.7105 10.3669
192 696 27.0903 -0.2429 10.0269
216 696 -0.3393 -3.4600 10.2898
240 696  0.3962 -3.1431 19.1573
264 696  0.8242 -1.9508 21.0546
288 696  0.8738 -1.8723 23.5658
312 696  3.1062  0.2557 12.1340
336 696  4.0372  1.2691 15.1984
360 696  3.9753 -2.2555 12.6697
384 696  4.8806 -2.3693 17.3241
408 696  4.8865 -2.3271 12.7452
432 696  6.9408 -2.4506 11.4588
456 696  3.5585 -5.1112 15.3122
480 696  3.7740 -4.8858 20.2821
504 696  3.6675 -4.8863 16.4303
528 696  1.7039 -6.7402 10.6491
552 696 -0.1452 -3.8211 17.4824
576 696 -0.8129 -2.8601 18.9543
600 696 -3.9287 -2.9659 15.5105
624 696 -0.3909 -3.4699  8.7343
648 696 -0.2164 -3.2240 13.2686
672 696  1.7919 -2.8060 14.7608
696 696  1.3814 -1.1873 15.4274
720 696  1.8109 -4.2290 12.1246
744 696  3.0645  2.6758 11.6401
768 696  3.1019  3.1905 15.8828
792 696  3.8336  1.7159 15.3847
816 696  3.6580  1.5302 15.0285
840 696  1.9091  3.9152 12.7029
864 696 -2.3191  5.0552 11.3736
888 696  9.9708 -9.5942 15.8510
912 696  6.9170 -12.1395  9.8131
936 696 -0.8139 -2.3352 25.1952
960 696  0.0883 -2.6487 23.9099
984 696  1.5733  0.0230 10.4543
 24 720  0.0024 -0.0531 12.0814
 48 720 -3.1060 -1.1989 18.0197
 72 720 -3.8564 -0.4186 18.4873
 96 720 -5.3619 -2.3749 13.1077
120 720 -6.1304 -5.3107 13.7853
144 720 -5.3105 -6.7636 15.4541
168 720 -3.7450 -5.1835 15.9210
192 720 -2.1145 -4.0876 17.0733
216 720 -1.8531 -2.7477 15.5439
240 720 -0.6125 -1.7717 16.0238
264 720  0.5385 -1.3721 16.4741
288 720  0.9099 -1.8325 18.1103
312 720  1.8334 -0.9286 16.2535
336 720  4.3658 -0.3761 13.1274
360 720  4.0506 -2.7524 16.2339
384 720  4.7472 -2.2342 15.0783
408 720  6.0621 -4.3345  9.2030
432 720  5.0155 -0.2154 18.4395
456 720  5.6189 -1.2283 15.2125
480 720  3.2839 -4.0598 13.9367
504 720  2.8267 -4.1378 11.6917
528 720 -0.8254 -7.8949  9.9216
552 720  0.0948 -3.6978 17.8641
576 720  0.1377 -3.5925 17.4534
600 720  3.3074 -7.8355 11.8560
624 720  3.9011 -6.8525 11.3827
648 720 -2.0976 -5.3772 10.2588
672 720  1.9611 -3.1485 18.3402
696 720  2.0643 -2.8211 17.7261
720 720  3.8034 -4.9341 14.9081
744 720  3.1732 -1.0160 12.9604
768 720  2.8213  3.3633 15.6429
792 720  5.7337  1.5756 11.7612
816 720  3.9199  1.5710 10.6841
840 720  2.6957  3.8829 16.0163
864 720 -5.8522 26.1860 12.8645
888 720 -12.8788 19.7596 15.7746
912 720 -1.8388 -3.7437  8.5487
936 720 -1.1907 -2.7118 19.2355
960 720 -0.2145 -1.0748 17.0102
984 720  1.5261 -0.0087 10.1838
 24 744  0.0180 -0.0348 11.6105
 48 744 -0.2718 -1.5154 15.0954
 72 744 -2.7478 -1.6811 18.4432
 96 744 -2.7520 -3.1073 22.1373
120 744 -2.3260 -2.8209 17.4962
144 744 -4.0283 -4.9386 15.1613
168 744 -3.1680 -5.6709 14.4012
192 744 -6.3595 -5.1454 13.8735
216 744 -5.3315 -4.7541 12.5555
240 744 -3.6256 -1.2792 13.7740
264 744 -2.7932 -1.1541 14.9975
288 744  0.3094 -0.8565 15.3668
312 744  1.1380 -1.7914 17.8851
336 744  2.7072 -2.8409 12.6180
360 744  5.1900 -3.8314 14.5648
384 744  7.0217 -2.1929 13.7583
408 744  1.0000  1.0000  7.8889
432 744  4.8383 -0.2303 16.1043
456 744  4.6833  0.1926 17.4798
480 744  1.0000  1.0000  9.7489
504 744  1.0000  1.0000  8.8292
528 744  0.9073 -2.5579  9.3048
552 744  1.1540 -2.9577 22.5674
576 744  1.9201 -3.0751 19.7047
600 744  4.3808 -8.6589 16.5105
624 744  4.7545 -8.3789 18.0943
648 744  0.1100 -4.6301 15.6303
672 744  2.7708 -3.8657 17.3755
696 744  1.8241 -2.1339 14.7829
720 744  2.0321 -4.7634 12.9737
744 744  3.7358 -1.2655 11.1933
768 744  4.0480  2.1692 15.2577
792 744  5.8636  1.1633 11.8250
816 744  6.0006  6.3419 10.2995
840 744  3.0084  3.5153 13.8800
864 744  3.6427  1.2033 11.4446
888 744 -25.0314 -16.6988 13.4255
912 744 -1.7073  0.2767 11.1947
936 744 -3.9756 -4.7435 13.0527
960 744 -1.8943 -1.2356 11.8882
984 744  1.5856  0.0353  9.8283
 24 768  0.0133 -0.0335 12.0812
 48 768 -1.7621 -2.2987 19.0015
 72 768 -1.5172 -0.0791 13.1565
 96 768 -1.7850  1.9522 13.4604
120 768 -2.1943 -3.0307 14.4434
144 768 -5.1229 -4.4048 13.0370
168 768 -5.6424 -6.5791 13.1875
192 768 -5.2721 -6.9264 12.3241
216 768 -6.8064 -6.2233 17.0893
240 768 -0.6828 -1.7368  9.5769
264 768 -0.1013 -0.7459 17.2910
288 768  0.2797 -0.2863 14.5554
312 768 -0.1068  0.2542 10.3925
336 768  4.5130 -4.7606 12.2423
360 768  7.1307 -3.3725 13.5708
384 768  6.2559 -3.7627 13.5070
408 768  3.7664 -4.1141  9.1075
432 768  1.7948 -0.1582 10.4725
456 768  3.2803  1.2670 12.0201
480 768  4.7359  0.9252  8.7737
504 768  5.5953  2.2106 12.3077
528 768  3.4316 -0.3652 16.2319
552 768  1.8077 -2.2662 16.8856
576 768  1.7688 -3.8945 15.7865
600 768  4.9524 -7.2099 13.4335
624 768  4.8477 -6.8844 13.4376
648 768 -0.0093 -0.1343 13.3470
672 768  0.0123 -4.7828 13.2501
696 768  1.7431 -2.9628 16.4715
720 768  1.8675 -4.0551 15.6871
744 768  3.6906  1.1511 13.8092
768 768  4.0505  1.9362 18.1058
792 768  6.1819 10.0775  7.7230
816 768  6.1533 13.4645  9.1848
840 768  3.8934  4.9662  9.4284
864 768  1.9973  3.9482 14.0013
888 768  0.0793  0.5584 17.0604
912 768 -1.2379  0.1435 13.4421
936 768 -7.1136 -5.0388 16.3096
960 768 -5.8614 -3.5736 12.5807
984 768  1.5728  0.0749  9.7036
 24 792 -0.0306 -0.0454 13.2651
 48 792 -1.3440 -2.8469 20.9440
 72 792 -1.8693 -2.0196 12.2115
 96 792 -0.2408  1.5437 11.5768
120 792 -3.0106 -3.1547 13.2352
144 792 -2.9817 -3.4738 18.4862
168 792 -2.0441 -3.0054 17.7522
192 792 -4.9406 -7.1934 12.7332
216 792 -4.4564 -7.0791 16.6744
240 792 -4.2247 -7.5517 15.0549
264 792  0.0950 -1.7486 17.8063
288 792  2.1799 -3.4273 16.5986
312 792  5.0522 -4.3683 14.2855
336 792  5.0644 -4.0234 12.7243
360 792  6.6097 -3.6202 13.7983
384 792  5.8815 -3.0655 15.8348
408 792  5.5327 -2.7488 12.4577
432 792  2.6003 -2.2201  8.3417
456 792  3.7882 -0.4331 15.9790
480 792  3.9212  0.0244 17.3000
504 792  4.7961  1.4151 21.6006
528 792  3.6972  0.0574 18.7026
552 792  2.8633 -0.5699 19.3737
576 792  2.4010  0.2311 17.5678
600 792  4.0819 -0.1031 12.5491
624 792  3.8890 -0.0300 16.0993
648 792  0.8251  2.2096 13.8245
672 792 -0.7075 -5.3425 16.0871
696 792 -0.3462 -5.9359 18.7753
720 792  1.7325 -2.7250 17.3174
744 792  4.0085 -0.0772 13.0324
768 792  5.0547  3.3143 10.2220
792 792  0.0492 14.4247 15.0606
816 792  2.4940 15.4562 19.3389
840 792  4.6588 16.7489 12.3238
864 792  1.8851  5.1032 15.5619
888 792 -0.0259 -0.6772 18.1375
912 792 -0.9283  0.2024 19.9242
936 792 -2.0714 -1.1369 17.3072
960 792 -1.9977 -0.9466 10.9064
984 792  1.6059  0.0171  9.9116
 24 816 -0.0231 -0.0675 12.8113
 48 816 -1.4177 -2.3035 19.5810
 72 816 -2.2938 -4.0678 16.7690
 96 816 -2.3292 -4.1546 16.8214
120 816 -2.0178 -3.1694 21.5541
144 816 -1.9323 -3.1564 19.9183
168 816 -0.1632 -2.1852 16.7313
192 816 -0.1493 -2.0031 15.0242
216 816 -2.2672 -6.0067 20.0702
240 816 -2.1898 -6.1159 22.3761
264 816 -3.5318 -6.1532 12.0118
288 816  1.1402 -3.7274 13.4309
312 816  1.1799 -3.7096 17.7005
336 816  4.8103 -3.7304 14.9072
360 816  4.9427 -3.9080 13.6054
384 816  3.9414 -3.3480 16.4345
408 816  4.1740 -3.5795 13.8340
432 816  6.9037  1.6746 18.8252
456 816  3.7960  0.2726 20.0802
480 816  3.7983 -0.5987 21.1107
504 816  4.5939  1.0818 21.3051
528 816  2.6204  0.2758 19.0979
552 816  2.6526  0.1730 22.4745
576 816  2.5095  0.5222 15.1780
600 816  2.1010  0.1685 15.8054
624 816  2.5881  0.1387 14.8868
648 816  1.1403  1.3374 14.8193
672 816  1.5634  0.6081 13.1364
696 816 -1.1179 -2.1004 11.6456
720 816  0.0239 -4.2298 13.9440
744 816  0.2902 -4.0924 12.5358
768 816  3.5987 12.1117 13.7173
792 816  2.7644 14.8973 10.0010
816 816  5.0213 -22.9537 12.7823
840 816  4.8444 13.6793  9.0564
864 816  1.7417  5.1740  9.0113
888 816  1.7460  0.4436 15.3345
912 816 -0.7027  0.3068 17.9012
936 816 -1.9522 -1.6040 18.8048
960 816 -5.1732 -0.2596 14.5596
984 816  1.6858 -0.0021  9.6188
 24 840  0.0165 -0.0552 12.1631
 48 840 -1.1978 -2.3071 17.5697
 72 840 -3.1272 -3.3522 16.0286
 96 840 -3.1051 -3.3486 20.2688
120 840 -1.7402 -3.0625 19.5742
144 840  0.7099 -2.0601 15.9563
168 840  0.1400 -2.3585 17.0618
192 840 -0.0412 -2.2054 16.1623
216 840 -0.9304 -4.0478 14.5299
240 840 -1.8324 -4.9596 16.1482
264 840 -2.9803 -5.8510 16.7268
288 840 -1.2329 -4.8482 15.6280
312 840  0.8107 -4.0308 16.7668
336 840  1.7876 -3.8783 16.0155
360 840  2.3931 -4.1146 16.4118
384 840  3.7622 -3.3005 15.8501
408 840  5.3192  3.1702 13.6470
432 840  5.6264  2.5763 17.5149
456 840  4.6307  1.8242 18.0258
480 840  4.2349 -0.2212 16.8081
504 840  4.2927  0.0746 14.3423
528 840  0.0471  0.0761 20.1174
552 840  0.1186 -0.3325 20.9895
576 840  0.3412  1.1165 16.4889
600 840  0.9223 -0.5462 18.1987
624 840  1.1635  0.3677 15.3392
648 840  2.8711  0.8663 14.1077
672 840  0.7915  0.3361 16.2146
696 840  0.2356  0.2656 13.0864
720 840 -0.3509 -4.9936 12.6418
744 840  0.3817 -3.4001 13.5326
768 840  1.8977 14.5838  8.3785
792 840  4.0119 14.2046 11.4496
816 840  4.0199 17.6630 14.8708
840 840  3.8741 13.1077 11.1560
864 840  2.7407 10.5662 11.5519
888 840  1.9528  0.2526 16.8086
912 840  1.8876  1.6427 15.7893
936 840 -1.1617  0.0490 16.4158
960 840 -2.1105  1.5597 12.3637
984 840  1.6903  0.0455 10.2738
 24 864 -0.0037 -0.0383 12.8406
 48 864  0.5626 -0.2656 19.2774
 72 864 -0.8757 -0.4303 19.7270
 96 864 -0.8018 -2.1865 19.3450
120 864  0.6683 -2.2061 16.6425
144 864  1.0578 -1.8735 20.9600
168 864  1.0380 -1.2501 21.0264
192 864 -0.1386 -2.3529 16.9694
216 864 -0.7699 -3.3629 15.5522
240 864 -1.5066 -5.0422 18.8287
264 864 -2.7202 -3.7890 18.4906
288 864 -2.9711 -3.2520 18.1916
312 864 -3.7509 -3.7141 15.2667
336 864  0.0086 -3.3249 14.8906
360 864  2.2868 -4.0123 16.3980
384 864  3.8039 -3.2897 14.4830
408 864  4.8919  0.8806 14.5300
432 864  5.3072  1.5998 18.7207
456 864  5.0953  1.7165 17.1026
480 864  4.1215  3.9456 16.2027
504 864  4.0499  1.3869 12.3830
528 864  0.9550 -0.3827 18.5208
552 864  1.0859 -0.3527 20.4798
576 864  1.6850  0.1423 15.1234
600 864  1.6302  2.1362 18.7028
624 864  0.9835  1.6145 15.9010
648 864  1.1686 -0.1498 17.6375
672 864  0.4775  0.2330 17.6013
696 864 -0.0643  0.4626 18.1170
720 864 -0.2099  0.9969 11.6121
744 864 -0.0885 -5.1663 12.8250
768 864  6.7374 10.9574  7.9739
792 864  4.1782 14.0660 11.9824
816 864  4.1252 13.8623 11.4694
840 864  3.1861  8.8289 11.2397
864 864  2.9800  7.8003 12.3254
888 864  1.9136  0.1281 12.5140
912 864  1.6421  0.2661 17.3236
936 864  0.0974  2.0344 16.9818
960 864  0.0020  2.1227 15.7662
984 864  1.6981  0.0141 10.9811
 24 888 -0.0205  0.0243 13.1469
 48 888 -0.4661 -0.0989 19.6307
 72 888 -0.8007 -0.0094 23.2770
 96 888 -0.4175 -0.0417 18.7589
120 888 -0.4356 -2.2525 17.4882
144 888 -0.9657 -1.8373 15.4622
168 888 -2.1864 -0.3215 15.5423
192 888 -2.0331 -3.8055 16.0731
216 888 -1.8123 -3.7725 14.3413
240 888  0.0177 -2.8452 17.4051
264 888 -4.6290 -0.0949 16.3894
288 888 -4.4162 -0.1363 17.3684
312 888 -3.9298  0.0267 12.6341
336 888 -0.8721 -2.8972 16.8402
360 888 -0.0375 -4.0202 18.6532
384 888  1.9911 -3.5624 13.2186
408 888  2.1359 -0.9394 13.4589
432 888  5.6775  3.0330 17.4854
456 888  4.0030  4.7141 17.6749
480 888  4.0728  3.7560 15.8363
504 888  4.1954  2.1726 14.2262
528 888  3.1290 -0.9459 16.6088
552 888  2.8336 -1.2647 22.6512
576 888  1.7521  1.9186 18.3409
600 888  1.7529  3.1337 19.6274
624 888  2.0781  3.2942 14.6330
648 888  1.0837 -1.1969 15.8916
672 888  1.8185  2.1532 15.7217
696 888  2.5832  0.9764 17.8386
720 888  2.4847  0.7816 16.1489
744 888  2.2175 -4.9923 13.3743
768 888  2.1122 -4.7781 12.0043
792 888 -0.0552 -2.7972  8.3444
816 888  4.5400 14.6698 11.8800
840 888  3.0455 12.5846 13.9755
864 888  2.7989 12.2204  9.9948
888 888  0.2207  0.7438 12.3259
912 888  1.7312  3.0398 14.7007
936 888  0.1731  1.9256 16.4693
960 888 -0.0295  2.0268 19.4762
984 888  1.6170  0.0508 10.4020
 24 912 -0.0154  0.0281 12.5931
 48 912 -0.1460  0.3372 18.2330
 72 912 -0.1702  0.4559 18.6983
 96 912 -0.0493  0.0472 19.2221
120 912 -1.8179 -1.7303 17.8466
144 912 -4.2388 -0.7944 16.0604
168 912 -3.9809 -0.3713 16.4257
192 912 -4.7701 -2.2119 15.9038
216 912 -0.0994 -2.0904 13.6071
240 912 -0.1214 -2.2343 17.2230
264 912 -3.9294  2.8756 14.6406
288 912 -4.3733 -0.0462 14.1695
312 912 -1.1257 -2.0549 12.8008
336 912 -0.3076 -2.9549 13.3292
360 912 -0.6777 -3.7956 15.9079
384 912 -0.1645 -3.0186 13.3657
408 912  0.2515  0.1315 10.3331
432 912  2.7856  5.9513 17.0637
456 912  2.8950  6.6699 15.6268
480 912  3.5798  3.0079 13.0795
504 912  2.1672  4.1823 14.5572
528 912  2.2585  1.0190 17.0270
552 912  1.3578 -0.4277 14.2508
576 912  0.1084  2.8706 16.0051
600 912  0.7049  4.5394 15.4568
624 912  1.8529  4.1476 14.2364
648 912  1.7545  4.1273 12.5054
672 912  0.1127  4.0689 17.1760
696 912  1.2769  3.3844 17.9225
720 912  4.7186 -1.2701 12.8660
744 912  4.3308 -2.7555 15.5282
768 912  3.9396 -2.8935 14.2925
792 912 -0.4713 -2.9647 16.1190
816 912  3.8603 11.7608 10.6490
840 912  6.8253 12.8066 10.6728
864 912  3.2755  7.5144 12.6382
888 912  2.0716  6.2216 12.9203
912 912  2.1849  5.2332 16.2985
936 912  0.2146  1.8611 17.3717
960 912  0.1518  1.9076 19.2707
984 912  1.5237  0.0048  9.9083
 24 936 -0.0153 -0.0002 12.8162
 48 936 -0.7611  0.5314 15.0624
 72 936 -0.1562  0.6086 16.0007
 96 936  0.0940  0.2732 18.2190
120 936 -3.6241  2.9611 11.0985
144 936 -4.1195 -0.5551 17.3401
168 936 -3.8948 -0.2654 18.2632
192 936 -5.8525 -1.0101 20.3682
216 936 -3.8738 -1.0165 15.0368
240 936 -0.4533  1.1949 17.3153
264 936 -0.8607  1.0842 16.4698
288 936 -1.8098 -0.3208 12.6410
312 936  1.1801 -0.9616 13.2926
336 936  0.5206 -1.0838 15.6559
360 936 -0.3353 -1.6659 13.5118
384 936 -0.1329 -1.2605 13.7941
408 936  0.8346  1.2244 10.4370
432 936  2.2010  6.8285 16.4655
456 936  1.4871  5.4901 18.0432
480 936  1.7462  4.0619 18.5631
504 936  1.9718  4.2273 16.0492
528 936  2.1074  1.0569 15.6992
552 936  1.6759  7.9791 12.8906
576 936 -0.4214  4.3342 11.7237
600 936 -1.9375 -0.2068 13.9863
624 936  0.0439  6.6940 11.4001
648 936  0.9301  5.2401 13.4673
672 936  0.5740  5.2857 16.4805
696 936  1.1823  2.9148 19.1751
720 936  3.8689 -3.0435 12.9358
744 936  5.3804 -1.8839 15.3100
768 936  5.8415 -0.3586 15.9382
792 936  4.9720 -0.0987 22.7525
816 936  4.0262 -0.0423 11.6635
840 936  6.0257 11.0663 16.3478
864 936  5.7430 10.2269 11.2331
888 936  4.9314  7.3660 11.5620
912 936  5.6034  1.0815 11.3452
936 936  2.0314  2.8802 14.7923
960 936  1.0951  1.8769 16.7699
984 936  1.5574  0.0163 10.1991
 24 960 -0.0004 -0.0067 12.5503
 48 960 -2.8408 -0.8020 16.9634
 72 960 -2.7769 -0.2310 14.1690
 96 960 -6.8700  2.0251  8.9168
120 960 -3.6026  2.8711 10.9203
144 960 -3.7597  0.1550 14.9860
168 960 -3.8744 -0.1817 14.7868
192 960 -4.8903 -0.1080 15.6658
216 960 -4.0792  1.0827 16.1378
240 960 -3.6761  0.8938 15.4185
264 960 -2.6489 -0.3066 21.7163
288 960 -2.1698 -0.2467 18.5280
312 960  1.7739 -0.1146 15.9215
336 960  2.2556 -0.7728 16.7684
360 960  3.8034 -0.2286 16.4403
384 960  2.2356 -0.4227 18.0357
408 960  0.7785  1.3514 13.8766
432 960  2.9738  6.0597 17.5425
456 960  2.4019  5.1004 18.4933
480 960  3.1246  2.7719 16.3814
504 960  4.1261  1.8069 17.1524
528 960  4.8729  9.8162 13.4703
552 960  2.0606  7.7660 16.2086
576 960 -0.7030 -2.0019 14.0095
600 960 -0.3398 -4.0515 19.7248
624 960 -0.1932 -1.1313 12.1067
648 960 -0.3359  5.0321 13.0420
672 960 -0.0116  2.3277 13.8914
696 960  1.7852  2.4411 17.9979
720 960  2.6209 -0.2385 14.5854
744 960  3.0265 -2.7482 18.1737
768 960  4.6230 -1.3634 20.2332
792 960  5.1798 -0.2335 22.7972
816 960  4.2192  0.0755 15.8344
840 960 10.0151  9.1292  8.5368
864 960  7.9836 11.5235 12.1406
888 960  6.7239 11.6012 10.2988
912 960  5.8803  1.7869 10.3191
936 960  4.6338  4.3041 15.8974
960 960  1.3820  1.7361 15.4437
984 960  1.6180 -0.0170 10.3792
 24 984 -0.0010 -0.0397 15.1349
 48 984 -0.0119 -0.0347 12.4580
 72 984  0.0090 -0.0329 12.3523
 96 984  0.0016 -0.0355 12.2175
120 984  0.0122 -0.0253 12.4558
144 984 -0.0226 -0.0298 12.4949
168 984 -0.0302 -0.0172 12.5412
192 984  0.0117 -0.0216 12.3217
216 984 -0.0424 -0.0369 12.1335
240 984 -0.0206 -0.0202 12.5941
264 984 -0.0029 -0.0180 12.7576
288 984 -0.0013 -0.0312 12.6479
312 984  0.0201 -0.0326 12.6259
336 984  0.0599 -0.0364 12.6254
360 984  0.0159 -0.0352 12.5172
384 984 -0.0094 -0.0310 12.4250
408 984 -0.0043 -0.0406 12.2492
432 984 -0.0071 -0.0394 12.1852
456 984  0.0464 -0.0339 12.4888
480 984  0.0088 -0.0439 12.3415
504 984 -0.0163 -0.0435 12.3341
528 984  0.0063 -0.0218 12.4180
552 984 -0.0011 -0.0090 12.5101
576 984 -0.0005 -0.0230 12.5687
600 984 -0.0242 -0.0292 13.0152
624 984 -0.0214 -0.0250 12.9714
648 984  0.0065 -0.0446 12.3646
672 984 -0.0305 -0.0286 12.3877
696 984 -0.0009 -0.0120 12.5814
720 984  0.0267 -0.0326 12.2738
744 984  0.0378 -0.0418 12.2846
768 984  0.0412 -0.0375 12.4097
792 984  0.0178 -0.0334 12.3845
816 984  0.0581 -0.0413 12.4609
840 984  0.0380 -0.0360 12.5701
864 984 -0.0092 -0.0232 12.8389
888 984 -0.0024 -0.0356 12.6347
912 984  0.0200 -0.0419 12.3786
936 984 -0.0016 -0.0347 12.2778
960 984 -0.0490 -0.0279 12.2720
984 984  1.6085 -0.0424 13.6136
