 24  24  0.0172 -0.3592 12.8908
 48  24  0.0119 -0.4089  8.9655
 72  24  0.0118 -1.6961  8.9308
 96  24  0.0338 -2.0004  9.4638
120  24 -0.0253 -1.9478  9.3918
144  24 -0.0440 -2.0771  9.4119
168  24 -0.0386 -2.3515  9.8484
192  24 -0.0614 -2.0022  9.6847
216  24  0.0006 -1.5477  9.4432
240  24  0.0032 -1.6825  9.2720
264  24 -0.0353 -1.9522  9.5128
288  24 -0.0808 -1.7560  9.4038
312  24 -0.0269 -1.9064  9.3667
336  24  0.0015 -0.4659  9.4408
360  24 -0.0180 -0.4160  9.3283
384  24 -0.0072 -1.8298  9.5831
408  24  0.0067 -1.7503  9.5315
432  24 -0.0404 -1.6907  9.3019
456  24  0.0028 -1.8703  9.3140
480  24 -0.0407 -1.7985  9.8189
504  24 -0.0128 -1.7506  9.4825
528  24 -0.0819 -2.0289  9.6305
552  24 -0.0780 -1.7127  9.4387
576  24 -0.0431 -0.3693  8.7272
600  24 -0.0174 -1.9063  9.3401
624  24 -0.0290 -2.0569  9.8598
648  24 -0.0066 -1.8259  9.4938
672  24 -0.0153 -0.4339  9.4751
696  24 -0.0363 -0.4765  9.5153
720  24 -0.0324 -1.0663  9.3137
744  24 -0.0949 -1.8488  9.6598
768  24 -0.1554 -2.0894  9.8441
792  24 -0.0649 -1.9267  9.7327
816  24 -0.0046 -2.0204  9.4880
840  24 -0.0034 -1.9405  9.4113
864  24 -0.0381 -1.8036  9.5299
888  24 -0.0318 -1.7127  9.3561
912  24 -0.0118 -1.8866  9.5708
936  24  0.0085 -1.6920  9.4907
960  24 -0.0119 -0.4252  9.4163
984  24  1.6051 -0.4464 11.9308
 24  48 -0.0158 -0.0924 13.1325
 48  48  0.6050 -3.9266 16.0933
 72  48  0.0943 -4.5578 11.7744
 96  48  0.5331 -4.2050 12.3666
120  48 -0.8103 -3.8831 13.1805
144  48 -5.2222 -4.4673 11.9052
168  48 -6.6129 -4.8032 13.3828
192  48 -7.8746 -3.1008 15.0641
216  48 -7.0754 -1.5809 14.4964
240  48 -7.1327 -2.9289 12.4349
264  48 -5.2598 -6.1262 15.0951
288  48 -3.1423 -4.6894 17.5045
312  48 -2.8555 -4.5998 22.1090
336  48 -2.0792 -6.5699 18.0398
360  48  0.0005 -5.1232 15.4499
384  48 -0.1094 -3.7515 16.0943
408  48 -0.2400 -1.7758 13.6828
432  48 -0.1944 -1.9342 10.9715
456  48 -0.0950 -2.8425 16.2774
480  48 -0.6595 -1.2674 19.4533
504  48 -0.4017 -2.2765 16.4738
528  48 -0.2026 -2.9412 15.4861
552  48 -0.9254 -1.3869 17.9450
576  48 -1.2924 -0.5642 17.0348
600  48 -0.8390 -0.2698 16.0237
624  48  0.6686 -0.3217 14.4712
648  48  1.8148 -0.8253 17.3386
672  48  1.6286 -0.8262 15.0732
696  48  0.1805 -0.1959 19.0702
720  48 -1.7715 -0.9095 12.9778
744  48 -3.0559 -1.1747 12.6506
768  48 -3.0827 -0.9605 12.8399
792  48 -0.9538 -0.3060 15.1889
816  48  0.1501 -1.9575 15.6058
840  48 -0.3704  0.0353 13.4237
864  48 -0.3234  1.9471 17.9812
888  48  0.4364  2.6605 13.6039
912  48  3.3362  0.9225 17.9440
936  48  3.0663 -0.0320 16.7538
960  48  1.6038 -1.5719 13.8366
984  48  1.6111 -0.0381  9.9618
 24  72  0.0138 -0.0757 12.7283
 48  72  0.4583 -6.3907 14.4763
 72  72 -0.6327 -5.4761 13.0927
 96  72 -3.4716 -5.1524 10.3496
120  72 -5.6133 -3.9197 14.1422
144  72 -6.1566 -4.2762 15.6820
168  72 -6.5109 -5.0669 14.4591
192  72 -8.4154 -4.0888 16.4313
216  72 -7.2804 -1.6889 14.7139
240  72 -7.1408 -2.4799 11.8293
264  72 -6.2196 -7.0153  9.3229
288  72 -4.3124 -4.8281 11.6455
312  72 -2.7669 -4.6324 16.3958
336  72 -0.9160 -5.7248 13.4542
360  72 -0.7414 -4.0067 13.4047
384  72 -1.1877 -3.6019 12.5379
408  72 -2.1637 -0.8536 17.0988
432  72 -0.0492 -0.6404 14.1098
456  72  0.9483 -1.4181 15.1714
480  72 -0.6767 -1.8284 15.6936
504  72 -0.6341 -2.0016 14.5121
528  72 -0.4690 -2.8440 14.0350
552  72 -2.2659 -0.5607 16.6246
576  72 -1.6058 -0.5180 14.2856
600  72 -0.8975 -0.7802 12.5797
624  72  1.5649 -1.1704 11.7626
648  72  2.3065 -0.7796 14.2043
672  72  1.9552 -0.2840 14.1846
696  72  0.0922  1.6393 16.5184
720  72 -0.4287  1.3302 15.8322
744  72 -0.9028  0.3425 16.1407
768  72 -1.2095 -0.0003 16.1264
792  72 -0.8862 -0.1255 15.5190
816  72  0.4580 -2.7123 15.3801
840  72 -0.1399  1.8186 13.4069
864  72 -0.1638  2.4764 19.0043
888  72  0.0502  0.9075 15.9101
912  72  3.0125 -0.0559 14.8536
936  72  2.4799 -1.2559 15.6497
960  72  1.0293 -1.0345 16.8686
984  72  1.6957 -0.0292 10.3280
 24  96  0.0547 -0.0510 11.6603
 48  96  0.1967 -6.0035 12.3379
 72  96 -0.8718 -4.7427 12.2869
 96  96 -2.8549 -5.1873 13.9692
120  96 -5.0087 -4.6364 13.6995
144  96 -5.0302 -4.7350 15.0550
168  96 -3.8956 -2.8793 13.8283
192  96 -8.6197 -7.2271 11.8683
216  96 -7.0528 -4.9794 10.8383
240  96 -6.3156 -5.8706 11.0996
264  96 -7.2051 -10.1837 12.8652
288  96 -6.0106 -8.4100 10.0922
312  96 -4.6031 -7.3384 15.2804
336  96 -2.2406 -5.0117 14.5225
360  96 -2.2182 -0.9435 13.1663
384  96 -2.0557 -0.8627 11.3538
408  96 -1.1802 -2.1260 16.9597
432  96 -0.1174 -1.1037 17.8741
456  96 -0.2123 -0.7165 15.0414
480  96 -3.9494  1.0379 12.6905
504  96 -3.4708  0.1455 12.1934
528  96 -2.5235 -0.0536 13.2577
552  96 -1.9355  0.0470 13.2159
576  96 -1.3968  0.1475 15.8832
600  96 -0.2564 -1.2476 14.1963
624  96  0.3725 -2.1980 13.2730
648  96  1.8914 -0.7000 14.0804
672  96  1.5278  0.2205 15.0276
696  96  0.4308  1.4556 17.2795
720  96 -0.1021  1.1768 15.0689
744  96 -0.2086  0.5441 15.7462
768  96 -0.5254 -0.0769 14.9639
792  96 -0.5098 -0.0423 12.4934
816  96 -0.7196 -0.8269 15.6149
840  96 -1.3059 -0.1896 13.1372
864  96 -0.1065  2.0681 12.3563
888  96  1.1800  0.1384 14.6889
912  96  0.2979 -0.7214 15.1478
936  96 -1.2345 -3.4110 19.2722
960  96 -2.1769 -3.3924 16.5207
984  96  1.7047  0.0349 10.3469
 24 120  0.0298 -0.0878 11.6889
 48 120 -0.1627 -5.9350 15.3483
 72 120 -0.8529 -4.6131 15.6073
 96 120 -1.9528 -4.3354 18.0886
120 120 -3.9242 -5.8720 13.9522
144 120 -4.2407 -6.0001 10.4706
168 120 -3.8430 -5.2745 11.8892
192 120 -3.8351 -6.6925  9.1300
216 120 -9.5082 -8.9439 10.8524
240 120 -2.4226 -5.8280 12.6356
264 120 -3.3072 -7.0266 14.3945
288 120 -4.0056 -7.3279 12.5860
312 120 -4.0689 -7.0110 14.1715
336 120 -4.7531 -5.9977 13.3014
360 120 -2.0147 -1.9859 15.6674
384 120 -1.2571 -1.3250 16.4128
408 120 -1.0883 -2.9182 20.0638
432 120 -0.9235 -2.6659 20.0174
456 120 -1.2884 -0.6672 14.3727
480 120 -4.0736  1.3357 14.5808
504 120 -3.9893  1.7238 13.8283
528 120 -1.8819  0.6602 14.6552
552 120 -1.0738  0.9688 14.7931
576 120 -0.0205  0.4350 16.9406
600 120 -0.1522 -0.6287 16.6701
624 120 -0.2675 -2.6822 15.1209
648 120  0.1268 -1.9654 15.5411
672 120  0.8540  1.6400 14.4934
696 120  1.0461  1.7788 17.0603
720 120 -0.1762  0.1156 14.9293
744 120  1.1342 -2.3806 12.0356
768 120  0.1546 -4.3387 15.0144
792 120  0.5380 -4.7709 17.8712
816 120  0.1354 -2.4933 16.8220
840 120 -0.1130 -1.5525 18.1124
864 120  0.4313 -0.5077 16.5772
888 120  1.2246 -0.0516 15.2664
912 120 -0.2142 -0.8926 16.5472
936 120 -1.2919 -3.0821 15.8545
960 120 -3.6776 -2.4391 17.2491
984 120  1.6102  0.0847  9.8956
 24 144  0.0081 -0.0861 11.5875
 48 144 -0.8723 -5.4624 15.6821
 72 144 -1.6935 -3.6510 14.4785
 96 144 -2.7090 -3.5137 15.0255
120 144 -4.3412 -5.9963 14.1409
144 144 -4.9141 -6.8193 11.2545
168 144 -3.7330 -6.7310 11.9534
192 144 -2.0917 -6.7885 15.5955
216 144 -2.8546 -6.4100 13.4426
240 144 -2.5339 -5.9955 13.7949
264 144 -2.7811 -5.8723 18.3704
288 144 -3.5856 -6.2061 16.6676
312 144 -3.3616 -4.9274 13.6440
336 144 -1.6528 -1.7905 15.1597
360 144 -1.8074 -2.0509 17.8535
384 144 -2.5219 -2.1560 16.3870
408 144 -1.9796 -1.9518 15.7105
432 144 -1.2883 -0.8117 15.8816
456 144 -2.4339  2.9570 16.9440
480 144 -0.9449  3.8420 16.3168
504 144 -0.3599  2.6793 10.6334
528 144  0.3463  2.6889 12.0318
552 144  3.3001  2.1663 14.4328
576 144  4.1036  1.9231 13.0644
600 144 -0.0210  0.2714  9.9044
624 144 -1.5230 -2.8302 14.0641
648 144 -1.1697 -2.6606 14.5368
672 144  0.0535  0.3008 16.7533
696 144  2.0733  1.4100 17.1408
720 144  1.0275 -0.6379 13.8810
744 144  0.4496 -3.9911 17.9643
768 144  0.7644 -4.9010 13.0992
792 144 -0.2100 -4.1637 13.1643
816 144 -0.6839 -3.4383 19.5186
840 144 -1.2998 -1.9962 18.9004
864 144 -0.5328 -0.8862 14.3674
888 144 -0.2322 -1.0101 12.2626
912 144 -0.8252 -0.9754 14.5686
936 144 -1.8195 -2.1310 16.3525
960 144 -1.9131 -1.9938 13.8738
984 144  1.6168  0.0279  9.8621
 24 168 -0.0225 -0.0998 12.3605
 48 168 -2.0016 -1.7898 14.6408
 72 168 -2.1785 -1.1374 17.1804
 96 168 -2.8072 -1.4024 21.3065
120 168 -3.2386 -3.8381 13.1691
144 168 -2.6349 -4.9246 14.3591
168 168 -1.0120 -6.8616 17.0670
192 168 -0.9020 -4.9613 14.9718
216 168 -1.2108 -3.3194 15.3328
240 168 -2.5827 -3.5143 12.8361
264 168 -3.6838 -2.6806 14.9023
288 168 -4.6562 -2.2227 16.1300
312 168 -4.8603 -2.3138 15.3142
336 168 -2.7997 -1.6115 15.2809
360 168 -1.9567 -1.6440 13.9365
384 168 -1.2619 -0.0370 16.1662
408 168 -2.2611 -0.7945 14.2028
432 168 -1.9633  1.1808 17.0741
456 168 -1.7043  2.5559 19.5020
480 168  0.2805  4.3530 17.0895
504 168  0.8016  4.5303 15.0470
528 168  3.7113  3.0597 14.1514
552 168  5.6527  1.9817 14.0979
576 168  6.3240  2.2780 14.0475
600 168  6.3724  2.8446 14.0506
624 168  2.1311 -0.1397 13.7119
648 168  0.2126 -1.4373 12.6743
672 168  0.6544  0.1429 15.5508
696 168  0.9883  0.5113 18.8959
720 168  0.3036  0.2309 15.9765
744 168 -3.7036 -8.4621 12.2144
768 168 -0.6261 -6.4562 12.6528
792 168 -0.5916 -3.1404 14.0507
816 168 -1.1757 -2.7191 16.6483
840 168 -0.9758 -2.6199 15.5042
864 168  0.0022 -1.4221 15.6496
888 168  0.5764 -1.8681 14.2332
912 168  0.1566 -1.5473 16.2417
936 168  0.0669 -1.1146 16.3262
960 168 -0.0536 -1.1176 16.5192
984 168  1.6327 -0.0291  9.7817
 24 192 -0.0353 -0.0889 12.7035
 48 192 -1.4876 -1.3010 11.8695
 72 192 -1.2022 -0.5949 15.3899
 96 192 -0.5859 -0.4382 19.2316
120 192 -1.1471 -0.8751 11.2712
144 192 -1.8073 -2.1735 14.6150
168 192 -1.7591 -4.9652 16.2453
192 192 -0.0552 -2.2131 12.3902
216 192 -1.3336 -1.2809 18.7212
240 192 -2.6979 -0.6140 16.3412
264 192 -3.8165 -1.8658 19.1116
288 192 -4.2902 -1.7367 18.6748
312 192 -5.6852  0.6589 14.7058
336 192 -7.9858  0.2043 13.1840
360 192 -0.3407 -0.4438 11.1222
384 192 -1.0823 -0.7941 16.7136
408 192 -0.0158 -0.6420 17.0832
432 192  0.9297  0.9867 17.9393
456 192  0.2586  1.8824 19.1048
480 192  0.1003  2.4977 16.6356
504 192  1.4529  3.5628 14.1090
528 192  2.9171  1.5747 14.5389
552 192  4.0905  1.8684 15.3868
576 192  7.6604  1.3365 15.9868
600 192  6.8478  0.0402 12.1246
624 192  1.4476 -0.2173 16.0890
648 192  1.7909 -0.7828 16.7326
672 192  2.3044 -0.3776 15.2163
696 192  0.9090  0.6347 20.5098
720 192  0.0478  0.4902 16.6718
744 192 -3.6620 -8.7762 12.4646
768 192 -2.6227 -8.4274 14.8719
792 192 -1.8461 -3.7028 15.8850
816 192 -1.3562 -2.4138 16.2547
840 192 -0.3195 -3.1044 15.4930
864 192  1.0790 -2.8935 15.4495
888 192  0.8833 -1.9393 17.9682
912 192  1.1528 -1.5586 12.5324
936 192  2.1985 -1.4946  9.1108
960 192 19.6067 -6.0745  8.3904
984 192  1.6471 -0.0410  9.7490
 24 216  0.0043 -0.1139 11.8288
 48 216 -0.5078 -1.5618 12.7192
 72 216 -1.6716 -0.8020 17.0533
 96 216 -3.2556  1.6186 16.4028
120 216 -2.2207  0.8910 18.1220
144 216 -2.0364 -1.3703 15.6734
168 216 -3.8487 -4.7610 19.8199
192 216 -2.7325 -2.3070 14.2198
216 216 -2.0741 -0.3745 13.9355
240 216 -2.2337  0.1917 17.3403
264 216 -2.8886 -0.0548 20.0537
288 216 -3.8185  0.0424 17.2106
312 216 -5.2591  0.5677 14.8824
336 216 -8.2278  0.4467 13.0662
360 216 -0.1607 -3.6652 11.8542
384 216 -1.3254 -2.6548 13.1233
408 216 -0.1856 -1.6074 14.6894
432 216  0.9311 -0.2605 17.6253
456 216  0.6376  0.5816 18.7506
480 216  0.1568  1.7386 17.4470
504 216  0.3443  2.6301 12.3314
528 216  2.3006  1.3802 15.0913
552 216  2.9827  0.9936 11.2012
576 216  5.4279  0.1088 15.9265
600 216  3.3626 -0.3006 10.2524
624 216  0.3780 -0.8437 13.9075
648 216  0.1990 -2.1747 15.3275
672 216  1.5375 -0.5349 17.2437
696 216  0.9527  0.9422 17.2489
720 216  0.4253  0.9626 19.4686
744 216 -0.0178  0.0961  8.9286
768 216 -3.5650 -6.0398 10.3742
792 216 -3.0100 -2.1195 17.2841
816 216 -2.2624 -0.9972 14.2340
840 216 -0.6703 -2.2436 14.1877
864 216 -0.0253 -1.9973 14.9091
888 216  0.7375 -1.3772 13.8007
912 216  3.5073 -1.1016  9.2333
936 216  6.2325 -0.6186  8.5624
960 216  3.1841 -3.9041  7.0999
984 216  1.7084 -0.0792 10.0406
 24 240  0.0238 -0.0784 11.4778
 48 240 -0.5114 -2.2479 13.1070
 72 240 -3.8363 -0.2192 16.4548
 96 240 -3.4705  1.4053 15.3097
120 240 -3.6475  0.5884 13.8225
144 240 -1.7913 -1.4218 13.9800
168 240 -2.7860 -3.4591 15.2231
192 240 -2.7049 -2.7120 12.7599
216 240 -1.4590  1.5982 12.9145
240 240 -1.2670  2.0411 16.5830
264 240 -1.4821  2.1488 14.7607
288 240 -3.2890  0.8517 14.1138
312 240 -3.4637  0.6221 16.8881
336 240 -2.6954  0.2739 13.3973
360 240 -1.7850 -1.6401 17.2237
384 240 -1.6788 -2.0852 18.7743
408 240 -1.5578 -1.6662 16.3733
432 240 -1.7161 -0.9173 15.3902
456 240  0.1008  0.0062 15.9874
480 240 -0.6295  2.1846 12.4030
504 240 -1.0361  3.0357 12.7994
528 240  0.0013  2.3124 17.1072
552 240  1.4617  0.8421 13.4127
576 240  3.0680 -0.2879 16.0494
600 240  2.1493 -0.5604 12.7670
624 240  0.0983 -0.2870 13.7957
648 240 -0.2303 -0.9407 14.4259
672 240 -0.7247 -0.6191 13.3322
696 240 -0.2147  0.8096 17.3290
720 240 -0.1815  1.3797 19.6736
744 240 -2.1985 -0.1776 11.2752
768 240 -4.3523 -3.5618 14.5704
792 240 -1.9044 -0.1393 14.1393
816 240 -0.8715  0.8771 12.7696
840 240  0.3450  0.2164 12.9087
864 240  0.7995 -0.2184 13.8998
888 240  0.7679 -0.2835 13.6441
912 240  2.1839 -2.8662 12.9016
936 240  5.9350 -1.0845 13.2987
960 240  3.0196 -3.3680 14.9625
984 240  1.7670 -0.1121 10.4820
 24 264  0.0076 -0.0604 12.1265
 48 264 -2.0978 -2.4129 14.5205
 72 264 -2.3069 -0.1711 18.7873
 96 264 -2.6393  0.1741 15.4363
120 264 -3.8163 -2.1998 14.6565
144 264 -1.7134 -3.7497 17.7460
168 264 -0.3547 -5.1697 17.3493
192 264  0.1060 -5.6829 14.8789
216 264 -0.1897  1.8942 15.3496
240 264 -0.0462  3.2652 16.9268
264 264 -0.2579  3.2641 14.6671
288 264 -1.1306  0.9383 12.6808
312 264 -1.3814  0.1301 16.8958
336 264 -1.1156  0.1656 17.7655
360 264 -1.8255 -1.2298 19.7628
384 264 -1.7661 -1.3547 19.8369
408 264 -2.2730 -1.0821 15.3818
432 264 -2.8549 -0.5957 15.2361
456 264 -4.0879  2.7169 12.5346
480 264 -5.1004  3.5624 15.5131
504 264 -5.2562  3.8920 15.8388
528 264 -2.5933  2.0228 11.0582
552 264  1.0822  0.7480 14.7006
576 264  1.2464  0.6969 14.6906
600 264  0.2217  0.2458 17.7268
624 264 -0.1641  0.3485 17.7607
648 264 -1.1723  1.1041 15.4931
672 264 -0.9073  0.7925 16.0673
696 264 -0.7296  0.3785 21.4088
720 264 -1.2311  0.1151 19.0105
744 264 -1.4960  0.2040 17.1845
768 264 -3.4608 -0.3316 14.9983
792 264 -1.3714  0.1333 13.3696
816 264  0.1953  1.1817 18.1536
840 264  1.3007  0.7903 15.6009
864 264  1.9835  0.4433 15.6332
888 264  1.9734  0.1509 13.6563
912 264  1.5680 -3.1187 16.2755
936 264  1.4118 -2.5109 15.0028
960 264  1.4836 -2.4393 15.7243
984 264  1.7669 -0.1030 10.5932
 24 288 -0.0170 -0.0192 12.6372
 48 288 -2.6750 -2.9655 14.7601
 72 288 -1.9772 -1.0046 16.2048
 96 288 -1.8889 -0.5316 14.1215
120 288 -2.4312 -3.1514 16.5647
144 288 -2.8154 -3.6269 16.7765
168 288 -0.1912 -5.2771 18.0356
192 288  0.2337 -4.9728 13.4831
216 288 -0.0818  0.6629 13.7923
240 288  1.3672  3.0411 14.7648
264 288  2.3605  2.6113 14.3871
288 288  1.4366  1.7134 12.8783
312 288 -1.4961  0.0204 13.5590
336 288 -1.0989  0.1950 14.8400
360 288  0.0389  1.2291 18.7312
384 288 -1.2426  0.4314 17.8533
408 288 -1.3571  0.1057 17.0980
432 288 -2.7275  0.7626 12.3802
456 288 -4.3533  3.2434 12.6806
480 288 -5.6880  2.9372 14.5227
504 288 -5.6441  3.2317 17.7956
528 288 -3.7277  2.9305 16.0205
552 288 -0.0309 -0.2122 17.3068
576 288  0.0655 -0.0327 13.4159
600 288  0.8708  2.1046 16.6852
624 288 -2.8673  2.1920 15.7656
648 288 -3.6266  3.5167 15.3736
672 288 -2.2041  0.3043 11.2437
696 288 -1.7128  0.1029 14.2490
720 288 -1.5797  0.2482 16.4795
744 288 -1.3785  0.2456 14.3101
768 288 -1.3494  1.5566 13.6955
792 288 -0.7785  0.2797 14.4774
816 288  0.6404 -0.3565 17.6514
840 288  2.0883  0.1298 15.1040
864 288  3.0307  1.0828 13.5572
888 288  5.0520  2.4778 14.2044
912 288  2.1242 -2.5456 11.1787
936 288  1.2431 -1.6079 12.8776
960 288  1.0734 -1.3742 14.7600
984 288  1.7239 -0.0760 10.1018
 24 312 -0.0075 -0.0529 12.4220
 48 312  0.0999 -3.3876 17.5621
 72 312 -2.2385 -4.9876 16.8389
 96 312 -1.6051 -4.4585 16.8103
120 312 -1.0754 -2.9312 16.5342
144 312 -0.6125 -3.7243 19.3879
168 312 -0.1417 -5.5706 16.9602
192 312 -0.3344 -1.0964 12.4700
216 312 -0.0242 -0.0152 16.3650
240 312  2.6116  0.4250 13.4741
264 312  3.2388  1.0210 14.0975
288 312  2.8005  1.7498 14.7938
312 312  0.7311  0.5934 15.1000
336 312 -0.0948  0.5848 13.8012
360 312  0.1017  3.5709 16.2122
384 312  0.0850  4.8636 14.9748
408 312 -0.2343  4.6229 16.0617
432 312 -2.4613  1.2602 14.5278
456 312 -2.6737  2.9549 12.8961
480 312 -3.1218  5.3055 16.1424
504 312 -3.9693  5.9798 15.2694
528 312 -2.7689  4.0676 14.1277
552 312 -1.3963  2.3039 13.2849
576 312 -3.5877 -0.1071 15.3206
600 312 -5.4709 -0.1845 15.0187
624 312 -4.7226  1.2984 14.1542
648 312 -5.0017  2.9723 15.2946
672 312 -3.3429 -1.0477 14.2703
696 312 -2.8519 -1.4663 13.6113
720 312 -1.7656 -0.9093 16.9845
744 312 -2.1162  0.8922 19.4273
768 312 -1.1258  0.4484 14.1946
792 312 -0.2863 -0.2426 16.1484
816 312  1.0806 -2.9460 22.3269
840 312  2.2529 -1.1053 14.9625
864 312  4.0572  0.1019 12.0572
888 312  6.6189  2.9953 12.8866
912 312  6.0291  2.3721 13.0133
936 312  1.1119 -0.0184 16.0482
960 312  2.0300 -1.5691 16.2600
984 312  1.6682 -0.0369 10.0020
 24 336  0.0066 -0.0859 12.5016
 48 336  0.4834 -3.0527 13.5557
 72 336 -0.1349 -5.6608  9.4130
 96 336 -0.0166 -5.7432  9.5798
120 336 -0.4093 -3.4191 16.4883
144 336  0.1984 -4.5891 15.6791
168 336 -0.5841 -4.8926 12.8925
192 336  0.0831  1.0110 12.0990
216 336  0.0720  0.2667 13.1780
240 336  0.5205 -0.9415 14.6381
264 336  2.2909 -0.0337 14.0322
288 336  3.5717  1.0570 14.4408
312 336  3.1340  1.6921 15.7355
336 336  2.9602  2.4272 15.7691
360 336  0.1541  2.9955 14.4299
384 336 -0.1381  5.5557 12.9687
408 336  0.0343  3.2909 13.4136
432 336 -0.5247  1.3511 14.3278
456 336 -0.9477  1.6408 17.4199
480 336 -3.1095  5.7862 13.7961
504 336 -4.4064  6.8764 16.6724
528 336 -3.7733  7.0011 17.3006
552 336 -30.7950 -25.1774  7.5559
576 336 -8.3471 -2.4057 10.9398
600 336 -4.8979 -1.8423 13.3483
624 336 -3.5967  0.5717 11.4428
648 336 -0.9885  2.1546 13.3155
672 336 -1.9414 -3.1460 14.4512
696 336 -2.1006 -3.2808 17.5989
720 336 -2.0874 -2.8339 15.9630
744 336 -4.0277  1.0332 16.8588
768 336 -5.0611  1.6763 11.8645
792 336 -1.2671  1.1963 10.9396
816 336 -0.9087 -1.3211 15.6334
840 336  2.7591 -0.4879 12.2865
864 336  5.8520 -0.2021 13.6421
888 336  6.9306  4.0769 12.6533
912 336  5.4103  1.8699 15.4414
936 336  3.3214  1.1397 13.0984
960 336 -0.1559  0.2164 15.9016
984 336  1.6432  0.0005  9.6700
 24 360 -0.0058 -0.0563 12.1862
 48 360  3.5307  0.0577  6.9124
 72 360  9.1680 -23.1965  6.1216
 96 360  0.3293 -5.8312 10.1265
120 360  0.6910 -4.6889 16.0040
144 360  0.7195 -4.7271 11.8641
168 360 -1.9915 -2.1939 11.2489
192 360  0.0026  1.5397 15.7363
216 360 -0.2895  0.3691 13.7617
240 360 -0.8182 -1.0966 13.6749
264 360  0.6871 -0.5034 15.8158
288 360  2.9316  0.6542 14.5754
312 360  2.5997  1.9332 14.8337
336 360  3.2072  2.8380 17.6128
360 360  3.4759  3.9377 16.5074
384 360  3.1979  3.3803 13.2992
408 360  2.0184  3.5693 14.4104
432 360  1.7049  2.6324 14.5719
456 360 -0.6562  0.8272 18.5471
480 360 -2.0543  3.8249  9.7930
504 360 -3.6902  6.3525 17.2647
528 360 -2.7703  5.3864 13.5242
552 360 -5.8264 -0.8931  8.1574
576 360 -8.1158 -1.6897  8.3242
600 360 -0.3153 -2.1249 12.5383
624 360 -1.6572  2.7733 13.1455
648 360 -2.0501  1.2315 15.6004
672 360 -0.5649 -2.3405 13.7033
696 360 -1.6934 -3.9499 18.0539
720 360 -5.7958  0.5213 13.3530
744 360 -4.3067  1.8068 15.2222
768 360 -6.7497  1.9219 13.1975
792 360 -7.6104  0.2893 16.0747
816 360 -5.2235  0.4793 13.7924
840 360 -3.9006  1.7160 10.7710
864 360  4.9339 -0.8113 11.3272
888 360  5.5613  2.2342 11.3118
912 360  4.0573  1.9668 14.0248
936 360  1.2847  2.2824 13.8409
960 360  0.0665  1.6430 14.8553
984 360  1.6243  0.0144  9.3042
 24 384 -0.0005 -0.0406 11.2147
 48 384 -6.7363  9.7431  7.5392
 72 384 -0.3270 -6.0549  7.9502
 96 384  0.6002 -5.7632 14.6253
120 384  2.2166 -4.7858 10.1389
144 384 -0.7791  2.5616  6.5574
168 384 -2.2312  0.3260 10.6925
192 384 -2.1113  1.0346 15.1390
216 384 -1.6494  0.7745 16.2045
240 384 -0.3239 -0.5535 16.1887
264 384  1.6001 -0.0413 15.9615
288 384  1.4030  1.1608 15.4412
312 384  0.3080  0.8698 18.1207
336 384  0.4725  0.4745 14.1122
360 384  4.2165  3.8495 14.5562
384 384  4.4433  4.0041 16.0585
408 384  3.0575  2.9289 19.3608
432 384  3.0429  3.1678 21.5949
456 384  2.6855  3.4366 20.7582
480 384  2.1330  1.4239  8.9914
504 384 -2.0424  4.9973 19.4228
528 384 -2.0145  4.3674 16.8869
552 384 -1.7584 -0.0072 14.7285
576 384 -1.8027 -1.0141 16.1037
600 384 -0.3416 -1.8941 12.1419
624 384 -7.8233 -1.2853 12.9374
648 384 -2.0527 -0.9212 13.1563
672 384 -0.6222 -2.6297 14.0001
696 384 -1.0270 -0.4126 12.6594
720 384 -5.9474  0.9950 18.0300
744 384 -2.9255  0.7819 17.0720
768 384 -4.0030  3.0056 15.4962
792 384 -6.9945 -0.1667 14.3996
816 384 -6.0220 -0.0777 14.7970
840 384 -4.7905  0.8757 11.1504
864 384 -0.4200 -6.2215 15.0917
888 384  3.6829  1.2841 13.4945
912 384  2.8904  3.7620 15.1943
936 384  1.1660  3.4886 14.4697
960 384 -0.0255  0.2127 17.8568
984 384  0.4084 -0.0801  9.5670
 24 408  0.0098 -0.0407 11.7973
 48 408 -3.8901 -3.6407 18.5907
 72 408 -4.1503 -2.9116 15.4439
 96 408 -0.1355 -3.4703  9.1286
120 408  0.0801  1.0695  7.2657
144 408 -1.0237  1.7583 12.0256
168 408 -2.8196  3.0606 13.6011
192 408 -2.8649  2.9126 15.4725
216 408 -2.0241  1.8298 15.0694
240 408  0.4417  0.3845 16.4599
264 408  0.8981  2.1652 13.3382
288 408  1.4616  3.6587 17.3108
312 408  1.7667  1.9568 19.6362
336 408  0.4859 -0.4873 16.6006
360 408 -0.3549 -2.0984 16.9090
384 408 -0.0923 -2.0142 12.1341
408 408  3.9596  1.0791 14.1440
432 408 -5.2100 -1.0687 16.4258
456 408 -5.2512 -0.8174 15.5498
480 408 -5.1367  1.3341 13.1727
504 408 -5.1629  4.3073 16.0606
528 408 -5.8648  3.8109 14.0398
552 408 -5.5896 -0.0231 15.0052
576 408 -5.1039 -0.9451 13.9242
600 408 -3.0173 -4.5016 14.4108
624 408 -2.8457 -4.7609 12.9160
648 408 -2.5825 -2.9430 15.6914
672 408 -2.3591 -2.9403 15.3329
696 408 -1.3390 -0.2431 12.6556
720 408 -1.8415  0.4509 21.1151
744 408 -2.4805  0.2774 19.0944
768 408 -2.9484  2.1602 13.8894
792 408 -6.5794 -0.9643 12.2831
816 408 -5.6889 -0.3451 15.0092
840 408 -4.3605  0.6825 13.1337
864 408  0.0475 -1.1458 16.2887
888 408  1.5563 -0.0336 14.7225
912 408  3.0598 -0.0078 16.6838
936 408  1.0606  0.4903 13.8314
960 408  0.1747  0.1812 14.9414
984 408  1.6816 -0.1214  9.9818
 24 432  0.0174 -0.0462 12.0657
 48 432 -3.0680 -3.3227 15.4038
 72 432 -5.0038 -2.2129 22.0167
 96 432 -4.6672 -1.2153 19.0076
120 432 -0.0442  0.7075 15.2126
144 432  1.7844  0.2124 13.6952
168 432 -2.2281  3.1751 12.9996
192 432 -1.9991  3.2380 12.4267
216 432  3.9329  1.7933 15.5484
240 432  1.4268  2.2953 14.9268
264 432 -0.3984  3.5480 13.4672
288 432  0.2689  4.4750 17.0488
312 432  2.2337  1.3835 21.2963
336 432  1.3862 -0.0129 17.1638
360 432 -0.2715 -2.0890 13.7633
384 432 -1.2345  2.1185 13.6244
408 432 -2.0508  1.4601 20.0047
432 432 -4.1291 -0.7113 18.1275
456 432 -4.7856 -0.7347 15.5354
480 432 -4.5195  1.2721 14.8748
504 432 -4.8158  3.8818 15.4662
528 432 -4.4023  0.8408 15.7905
552 432 -5.2662  0.2464 15.7356
576 432 -5.1724 -1.2525 15.8201
600 432 -4.7604 -4.2886 19.0921
624 432 -5.8145 -4.9265 11.9903
648 432 -7.9895 -5.0626 12.5565
672 432 -3.3927 -3.8154 13.8392
696 432 -4.2844 -3.6332 13.5784
720 432 -1.0283  0.1514 17.1534
744 432 -1.3696  0.0858 18.4405
768 432  0.2062  0.1278 17.9140
792 432  0.5108  0.2297 18.8748
816 432 -0.2395  0.0881 16.6818
840 432 -0.5665 -0.2631 18.6597
864 432  0.0274 -0.4936 25.1388
888 432  0.5435 -0.3202 17.6089
912 432  2.7393 -0.1947 19.0157
936 432  1.1960  0.4069 15.4670
960 432  1.5079  0.9940 14.2727
984 432  1.6852 -0.0535  9.8417
 24 456  0.0539 -0.0989 10.7056
 48 456 -0.3336 -0.3630 12.3275
 72 456 -0.9470  0.0814 15.4588
 96 456  0.0672 -1.1031 12.7534
120 456  3.2304 -0.0370 20.3857
144 456  4.0024 -0.0153 18.3637
168 456  4.9352  1.7422 17.3390
192 456  6.8641  1.8372 16.3744
216 456  4.8502  2.2328 15.8916
240 456  3.0204  3.0110 17.9244
264 456  1.3502  4.0049 10.6833
288 456  5.7765  0.0243 14.1553
312 456  6.0277  0.4115 20.6205
336 456  5.3224  0.4210 24.2219
360 456  5.0615  3.4844 16.4797
384 456 -0.3355  3.6982 12.5255
408 456 -0.7139  3.2456 18.5999
432 456 -0.0671  1.0285 21.6449
456 456 -2.2209  0.4844 19.2919
480 456 -2.7450  0.7236 17.6019
504 456  1.2507 10.7016  8.8244
528 456 -3.8654  0.1639 10.3243
552 456 -4.2580  0.3141 15.3032
576 456 -5.1289 -0.7939 16.3638
600 456 -5.0399 -3.1914 14.9190
624 456 -9.3692 -4.5827 10.3138
648 456 -9.4488 -4.9435  9.1545
672 456 -13.2680 -7.7270 11.6890
696 456 -9.2671 -6.0454 11.0022
720 456 -5.0325 -4.5542 14.3410
744 456 -4.1778 -3.0420 16.4956
768 456 -0.3388 -0.6346 21.7582
792 456 -0.3988 -0.3734 18.8578
816 456 -0.1442  0.0742 16.9531
840 456 -0.0895  0.3016 22.4929
864 456  0.3013  0.0616 17.6924
888 456  0.3001  0.2176 14.7601
912 456  2.3675  4.0593 15.4984
936 456  2.4096  3.6250 14.7845
960 456  2.8252 -0.2592 11.9478
984 456  1.6178 -0.0562  9.4571
 24 480  0.0488 -0.0373 10.2858
 48 480 -1.2715  0.3250 14.4457
 72 480  0.3235  2.1868 17.6408
 96 480  1.7574  3.6778 17.5182
120 480  0.9396  2.9932 14.0041
144 480  2.2387  2.2041 16.5969
168 480  3.0735  1.5139 17.0928
192 480  6.1280  1.7262 13.0447
216 480  6.9930  4.2815 15.9272
240 480  4.5033  3.2485 17.4534
264 480  6.0643  0.2270 20.8856
288 480  5.7891  0.4718 20.6257
312 480  5.5705  1.1740 16.7334
336 480  5.7034  1.5523 18.1508
360 480  5.0415  3.6831 14.8360
384 480  4.3118  4.4656 11.9257
408 480  0.1573  3.7091 16.1122
432 480  0.0336  1.7138 16.3412
456 480 -1.9353  1.0559 20.5348
480 480 -2.2092  1.0927 18.7957
504 480 -13.7555 -20.5802 21.9645
528 480 -15.7945 -18.9158 13.7836
552 480 -4.2854  0.7412 11.2450
576 480 -4.1024 -0.6885 12.4165
600 480 -8.2168 -2.7113 11.2491
624 480 -10.5126 -4.7982 14.4469
648 480 -9.8222 -6.1017 10.3542
672 480 -13.0079 -7.5937 11.7685
696 480 -11.7692 -6.2026 11.7430
720 480 -4.7448 -4.5258 13.0785
744 480 -2.9482 -3.0696 16.6938
768 480 -1.4275 -0.4903 23.9975
792 480 -1.7425 -0.2279 19.2781
816 480 -3.8838  1.4217 17.3371
840 480 -3.7411  0.2405 16.6527
864 480 -0.1786  0.3701 14.3827
888 480  0.7143  1.1762 14.3781
912 480  3.1626  4.4009 14.9417
936 480  5.6599  4.1316 14.5564
960 480  5.7826  2.4774  9.5149
984 480  0.4338  0.0011  9.4100
 24 504 -0.0084  0.0264 12.2176
 48 504 -2.0310  0.9483 17.5361
 72 504 -0.3540  1.3369 15.2497
 96 504  0.1560  1.9849 14.4315
120 504  0.7883  3.2465 16.0604
144 504  0.8307  2.5426 18.3529
168 504  2.6549  1.7826 18.3944
192 504  3.2039  1.8276 17.9157
216 504  5.9387  2.7423 16.6085
240 504  7.0432  4.6819 12.6777
264 504  5.8792  0.4036 21.9067
288 504  4.8349  1.5090 18.7124
312 504  4.9525  0.9098 16.6539
336 504  4.8993  0.6453 15.4451
360 504  2.0383  0.8932 11.7666
384 504  4.3908  3.1765 13.3407
408 504  0.3019  3.5148 19.4437
432 504 -0.1035  2.3571 16.2483
456 504 -1.5607  1.7510 15.3989
480 504 -1.6836  1.1621 20.1489
504 504 -0.7807  0.9123  7.1701
528 504  8.5987 21.6345 23.6861
552 504  3.2312 26.2454 12.7125
576 504 -6.9781  1.8414 11.6657
600 504 -6.0236 -3.1574 11.5063
624 504 -6.9227 -4.1202 13.1042
648 504 -9.3632 -5.9502 11.1401
672 504 -4.8754 -7.3014  9.2245
696 504 -1.8971 -4.1390  9.6391
720 504 -3.0399 -7.0077 14.0245
744 504 -2.3498 -5.1938 14.5392
768 504 -2.0690 -0.8229 16.2039
792 504 -4.3115  0.3285 15.0810
816 504 -4.1237  2.5945 13.8874
840 504 -3.4952  0.0262 17.7629
864 504 -0.3305 -0.5116 19.0221
888 504  0.4164  1.0073 18.4851
912 504  2.8400  3.9034 16.1861
936 504  2.8497  4.2519 13.5771
960 504  2.0409  4.5456 14.2183
984 504  1.6046  0.0529  9.6747
 24 528 -0.0150  0.0300 12.6089
 48 528 -4.0826  1.7116 16.6068
 72 528 -2.0026  1.1899 15.5196
 96 528 -1.8606  1.5528 15.6163
120 528  1.3206  5.4570 15.0621
144 528  3.1127  3.3779 14.5651
168 528  3.3978  1.6810 16.8294
192 528  2.8903  2.2508 17.2142
216 528  3.8228  3.6909 16.9283
240 528  1.9733  1.2275 13.5175
264 528  2.2646  0.4176 11.6124
288 528  4.3308  1.9209 16.5851
312 528  4.2954  1.0287 16.8001
336 528  2.0477  0.1067 14.6289
360 528  0.0936  0.2231 16.4957
384 528 -0.9024  3.7973 16.3567
408 528 -1.5932  4.0405 15.4522
432 528 -3.7549  0.2238 20.2142
456 528 -4.2452  0.0564 17.7427
480 528 -6.9572 -0.3710 11.0495
504 528 -6.9684  0.4610  9.8908
528 528 11.4546 -16.8354  9.7541
552 528 -6.1273  1.7727 10.8276
576 528 -5.5191  2.6460 13.9417
600 528 -5.6080 -2.9098 11.8012
624 528 -5.1533 -3.2356 13.5143
648 528 -2.6116 -5.0615 17.3522
672 528 -2.0986 -5.2499 20.1999
696 528 -0.1176 -5.7429 17.3359
720 528  1.7875 -3.9140 15.5214
744 528 -0.9261 -2.9857 10.9359
768 528 -1.4727  0.8390 13.1804
792 528 -1.7943  1.1754 12.3225
816 528 -1.1587  1.5715 11.3931
840 528 -0.1453 -0.7988 16.6936
864 528  0.0992 -0.8430 17.2810
888 528  0.8252  0.8773 18.3926
912 528  1.3388  0.9574 17.5046
936 528  2.5130  3.0918 16.5128
960 528  1.1206  5.1319 15.8675
984 528  1.6145  0.0342 10.0938
 24 552 -0.0102 -0.0080 12.6258
 48 552 -3.2142  1.9259 18.3978
 72 552 -2.6727  0.8827 16.9652
 96 552 -2.1847  0.9574 13.3679
120 552  0.2426  5.6163  9.6326
144 552  4.1889  1.9016 14.5455
168 552  4.2278  4.1554 15.8902
192 552  7.5136  2.9701 10.2910
216 552 -0.1609  4.5624  9.3468
240 552  0.0151  4.4100 12.3245
264 552 -0.0647  4.1648 11.3104
288 552  0.0596  2.1410 13.2977
312 552  0.7898  0.4607 14.9670
336 552  1.5354  0.0248 15.8700
360 552  1.9015  0.2038 17.3847
384 552  1.5933  1.4418 14.8713
408 552 -0.8336  2.8937 10.9082
432 552 -3.5926 -0.3265 11.0796
456 552 -5.7478 -1.7931 14.9694
480 552 -5.9598 -2.4311 13.8798
504 552 -4.9701 -1.1381 16.3557
528 552 -4.7738 -0.1895 13.8625
552 552 -4.7166  2.7175 19.3619
576 552 -3.8953  2.3324 15.2799
600 552 -3.4176  1.0853 13.3917
624 552 -4.3746 -2.6959 10.7971
648 552 -1.9161 -4.0894 16.7041
672 552 -0.5031 -4.8350 18.2466
696 552  0.1399 -5.7742 17.6969
720 552  0.6937 -3.7484 14.0679
744 552  0.2752  0.0846 13.4798
768 552  0.8224  1.9301 16.3495
792 552  0.4683  0.7030 14.9079
816 552 -0.1368  0.4766 14.6684
840 552  0.1918 -0.6362 15.7197
864 552  1.6097 -0.0322 14.9990
888 552  1.3657  1.0715 13.4326
912 552  2.5226  1.0035 16.3370
936 552  1.4021  0.4783 15.1279
960 552  0.9199  5.4655 13.2638
984 552  1.6817  0.0304 10.3320
 24 576 -0.0149  0.0015 12.2727
 48 576 -3.1736 -0.0561 16.7565
 72 576 -2.1838  2.9595 13.3252
 96 576 -1.9740  5.8616 10.7084
120 576  1.7137  5.0374 12.0253
144 576  1.8268  5.1872  9.4124
168 576  8.8848  3.7246 10.5086
192 576  8.0465  3.1677 13.4469
216 576  3.2648  8.5092 15.1565
240 576  0.3778  6.9122 14.3848
264 576 -0.1611  3.1090 12.1446
288 576  0.8513  3.0932 18.7806
312 576  1.5489  2.1775 12.5461
336 576  1.6968  0.0702 17.5713
360 576  1.7917 -0.0269 17.7874
384 576  0.8819  0.0276 16.2999
408 576 -0.7212 -0.4077 15.3709
432 576 -2.2851 -1.7042 10.3052
456 576 -4.9873 -3.5915 13.6098
480 576 -5.5986 -3.5396 13.8404
504 576 -4.9493 -2.3372 13.9260
528 576 -2.2658 -0.2683 17.3579
552 576 -0.4460  0.9091 14.9124
576 576 -0.2052  1.5663 15.0021
600 576 -3.7409  2.8716 12.9556
624 576 -2.1140 -2.9730 13.3003
648 576 -0.2227 -3.9168 15.4597
672 576  0.3752 -4.5829 15.0379
696 576  1.1663 -5.6067 16.7323
720 576  1.6352  0.0176 14.7953
744 576  1.0682  0.2261 14.5573
768 576  2.0174  2.0012 14.0208
792 576  0.6653  3.0016 13.1806
816 576  0.8676  2.9853 14.8491
840 576  2.7595  1.2321 12.3962
864 576  2.1428  0.8517 13.4284
888 576  2.8778  1.9300 17.1916
912 576  2.6878  4.0461 16.6899
936 576  2.2433  5.4193 17.7936
960 576  2.0043  4.2665 14.0899
984 576  1.7793  0.0725 10.5665
 24 600 -0.0150  0.0258 12.5538
 48 600 -3.1665 -0.6387 20.9467
 72 600 -2.1716  4.6495 17.5317
 96 600  1.7476  4.1462 14.4202
120 600  2.0931  4.8156 18.1525
144 600  2.3784  4.9260 11.8542
168 600  6.3033  4.9817 10.4871
192 600  6.5920  5.3369 17.8098
216 600  2.3172  6.6848 10.8864
240 600  2.2411  6.9216 10.7645
264 600  0.0368  1.7688 11.9769
288 600  0.6438  2.0699 14.5879
312 600  1.2054  1.9152 14.1963
336 600  1.5345  0.2454 17.7179
360 600  0.8840  0.0100 23.0747
384 600 -0.0030 -0.5830 23.1994
408 600 -0.8345 -1.0683 20.2963
432 600 -1.6888 -1.8434 17.2652
456 600 -2.4466 -2.8709 14.5557
480 600 -4.1309 -3.1183 13.1454
504 600 -3.4284 -0.1000 12.1100
528 600 -2.3673  2.3096 16.4868
552 600 -0.7016  3.5854 13.6211
576 600  0.0193  3.1594 13.1414
600 600 -0.2467 -0.3792 12.4743
624 600 -1.5160 -2.6373 14.8075
648 600 -0.3780 -3.4795 15.1130
672 600  1.3588 -2.8037 13.1242
696 600  1.9905 -2.7536 14.9436
720 600  1.8892  0.3727 15.9743
744 600  3.1106  2.0185 13.6712
768 600  5.7218  3.6412 14.9462
792 600  0.7788  2.9857 13.8581
816 600  2.1758  4.8127 15.2033
840 600  3.3422  3.9029 14.3357
864 600  3.8918  3.2154 13.5528
888 600  2.1574  3.2688 15.4562
912 600  2.6893  3.6221 17.4636
936 600  2.7893  4.4919 17.8266
960 600  1.6969  3.0610 17.9533
984 600  1.7293  0.0870 10.1947
 24 624 -0.0010 -0.0230 12.4919
 48 624 -2.0942 -0.4094 22.8919
 72 624 -1.1845  0.1364 16.6621
 96 624  1.7318  3.3146 15.6509
120 624  2.2322  5.1205 14.1943
144 624  3.5494  5.4260 10.3292
168 624  4.1501  5.2423 11.0557
192 624  6.3344  5.6160 15.4868
216 624  6.2043  5.6891 13.7696
240 624  5.4018  1.0592  9.7684
264 624  3.0459  0.2515  7.9331
288 624  1.5457  0.3572 10.7440
312 624  1.3130  1.4941 16.4705
336 624  1.5579  0.3297 17.1844
360 624  1.3412 -0.1515 22.8043
384 624  1.2512 -1.4890 17.0965
408 624  1.3195 -2.3553 16.7615
432 624  0.5211 -2.8858 12.6409
456 624  0.9474 -2.5887 14.2557
480 624 -0.9753 -0.9878 13.8168
504 624 -1.5706  0.6699 17.5634
528 624 -1.5853  3.1367 17.7457
552 624 -1.0400  4.3237 20.5445
576 624  0.0938  5.4880 20.3116
600 624 -2.8347  2.3114 10.8595
624 624 -3.1755  0.9033  9.8045
648 624 -3.4462 -1.4006 13.7429
672 624  0.0742 -1.6086 13.4548
696 624  1.2153  0.0966 14.0506
720 624  1.9656 -0.1165 14.3200
744 624  4.5398  4.2634 11.9857
768 624  5.5273  3.6486 14.7887
792 624  4.0591  3.7340 12.7293
816 624  3.3562  4.8892 15.3258
840 624  2.9184  4.6453 14.7228
864 624  1.8537  4.1841 14.6483
888 624  2.0602  2.9953 17.4367
912 624  3.5187  2.5388 19.3283
936 624  3.7457  3.1085 17.0073
960 624  1.5833  3.0146 17.7822
984 624  0.4352  0.0605  9.6111
 24 648  0.0072 -0.0118 12.4327
 48 648 -3.3896 -1.5975 12.2561
 72 648 -2.0424 -1.1035 13.3140
 96 648  0.9943  1.1541 10.2327
120 648  2.5535  6.4925  9.7131
144 648 -0.0487  7.5154 10.6478
168 648 -0.7789  5.7151 16.7218
192 648 -0.1493  5.0151 16.4850
216 648  0.0715  4.1045 18.0430
240 648  0.7851  4.2067 13.0147
264 648  0.2895  4.7901  9.3144
288 648  3.8471  1.0156  8.1105
312 648  1.3477  0.6591 11.7046
336 648  2.2154 -0.3043 13.4200
360 648  2.8393 -1.0271 16.4718
384 648  2.9974 -1.9263 16.5708
408 648  3.1965 -2.2617 15.2281
432 648  3.3474 -3.2351 19.0361
456 648  2.0418 -1.8484 19.6720
480 648 -0.0361  0.3110 17.7096
504 648 -0.6429  4.5358 14.9740
528 648 -0.2851  5.3374 18.1677
552 648 -0.0685  5.3524 17.6706
576 648 -0.1870  6.4746 15.7906
600 648 -4.0356  6.2322 15.5821
624 648 -4.4273  4.9674 12.7795
648 648 -3.8844 -0.0902 13.6757
672 648 -0.2266 -0.1460  8.8442
696 648  5.4517  2.8233 14.0229
720 648  0.2842 -0.3059 15.3239
744 648  3.2523  3.7649 11.7827
768 648  3.9668  4.5190  9.7817
792 648  6.1768  5.8260 14.4907
816 648  2.6950  4.3570 13.7867
840 648  2.8788  4.1007 15.4896
864 648 -0.2799  8.3482 12.5020
888 648 -0.8111  8.4325 11.9986
912 648  3.1591  2.3899 13.8129
936 648 -1.3877  5.0927 14.7143
960 648  1.0248  3.1590 15.0899
984 648  1.5936  0.1380  9.6669
 24 672  0.0027  0.0074 12.5522
 48 672 -7.9416 -4.9278 16.5715
 72 672 -5.9193 -2.8096 14.8894
 96 672 -6.1975 -1.0535 11.0578
120 672 -6.2345  8.6378 17.9175
144 672 -6.8512  7.2484 11.0222
168 672 -2.7767  3.2523 10.7955
192 672 -2.4004  1.2954 14.7848
216 672  0.2092  3.5755 17.7270
240 672  3.8500  6.0195 12.2932
264 672  2.2142  5.6673 10.3982
288 672 -16.9298 -14.9395  8.5198
312 672  0.1735 -0.0937  8.2587
336 672  4.0100 -0.2289 12.6732
360 672  2.7901 -1.1933 17.0387
384 672  2.7967 -1.3151 18.0499
408 672  3.2769 -1.7125 16.2693
432 672  4.8635 -2.9851 13.0990
456 672  7.8044  3.2616 11.3719
480 672  4.1849  0.7606 13.4447
504 672  5.0061 12.9850 12.8197
528 672  0.0585  6.7546  9.8614
552 672 -0.0817  7.1490 15.3851
576 672  0.1012  8.5737 19.6455
600 672 -1.2769  9.9521 15.5020
624 672 -1.7690  8.0540  9.5043
648 672 -0.2366  2.0500 16.8418
672 672  6.5610  4.0511 13.2925
696 672  6.6228  4.2515 20.7607
720 672  4.2464  4.6285 14.0170
744 672  2.0490  5.0980 14.4938
768 672  2.9877  4.4784 12.8541
792 672  5.5703  6.0417 16.0763
816 672  4.9313  5.1573 11.8197
840 672  2.3676  6.0787 13.8433
864 672  0.8055  9.8578 18.4781
888 672 -0.1442  9.8035 24.5902
912 672 -0.0217  4.9951 13.1864
936 672 -2.9095  4.0363 15.7577
960 672 -0.6886  2.0619 11.4634
984 672  1.7113  0.0777 10.0835
 24 696  0.0225 -0.0245 12.2465
 48 696 -4.1325 -5.1340 16.1073
 72 696 -5.2360 -2.0518 13.8758
 96 696 -7.0858  0.1243 12.1139
120 696 -9.2686  2.0618 12.8720
144 696 -7.2092  2.1768 13.0688
168 696 -5.7827  0.6054 15.8055
192 696 -3.6237  0.7329 19.1327
216 696 -1.5890  2.3310 14.5113
240 696  0.1589  5.3502 13.0099
264 696  2.3837  3.6691 13.9061
288 696  4.2543  2.7225 12.4740
312 696  1.9218  1.1662 15.3652
336 696  1.8168  0.4353 18.2726
360 696  0.9950 -0.2856 20.9869
384 696  1.0946 -0.4699 19.9937
408 696  2.7390  0.9517 10.4586
432 696  7.6292  3.6368 11.6971
456 696  9.4242  4.9511 15.0488
480 696  9.8088 10.4739 10.4283
504 696  5.4270 11.7741  9.8878
528 696  6.0370 13.1763  7.9093
552 696  7.3668 22.6934  7.6281
576 696 -0.0612  8.3607 14.7491
600 696 -0.6390  8.2721 17.5489
624 696 -0.3610  3.2414 20.2673
648 696 -0.6347  2.9002 20.9365
672 696 -0.0902  1.8482 14.7141
696 696  6.2700  4.5611 10.4318
720 696  3.0395  6.3685 10.7475
744 696 -3.0070 -22.2352  9.6949
768 696  5.0731  6.8594  8.3301
792 696  5.7518  7.7277 14.8544
816 696  5.5123  8.0658 12.7838
840 696  1.8279  9.2383 15.4930
864 696  1.4380  9.7967 20.3332
888 696  0.8790  9.6369 15.0180
912 696  1.5987  5.1754  8.7219
936 696 -0.4277 -0.1375 11.5271
960 696 -0.6156 -0.4810 15.0827
984 696  1.8380  0.0090 10.6277
 24 720  0.0044 -0.0943 12.7469
 48 720  0.2337 -2.0357 15.9825
 72 720 -0.3069  0.0354 13.7520
 96 720 -0.1062  0.5438 14.6292
120 720  0.0632 -0.1760 10.8121
144 720 -5.7836 -0.1687 12.0640
168 720 -6.4407  0.0313 15.6730
192 720 -4.1608  0.3339 15.2001
216 720 -1.6470  3.6282 13.4710
240 720  1.1886  6.6286 14.4545
264 720  4.1749  5.0502 11.5852
288 720  4.3062  2.3950 16.2886
312 720  4.0214  2.4186 15.1042
336 720  3.0829  1.6420 14.0273
360 720  2.7859  1.2702 17.2877
384 720 -1.5158  0.7888 14.4315
408 720 -4.7901  0.2054 11.1353
432 720  2.2739  0.3817 10.3383
456 720  6.1000  5.6006 10.8774
480 720  6.1588  5.7532 10.8114
504 720  9.1775 11.1503 15.8700
528 720  6.4071 22.0224 14.7677
552 720  7.0735 20.8763  9.7809
576 720  7.7167  8.3070 16.9844
600 720  6.2029  7.9792 15.1317
624 720 -0.3928  3.8435 17.1849
648 720 -1.3306  3.6796 15.9715
672 720 -1.9576  3.1988 14.8235
696 720 -3.3601  2.1523 13.0813
720 720 -2.6170 13.8557 14.5841
744 720 -1.9611 19.6438 13.7506
768 720 -2.5528 20.0917  8.3317
792 720  2.2483  9.7101 15.0735
816 720  3.8925  8.4467 11.4210
840 720  2.7963  4.1403 11.7620
864 720 -0.5314  6.1351 15.1873
888 720  0.3683  5.0732 10.9047
912 720  5.9823  1.0847 14.2049
936 720  2.0244 -0.3963  9.7607
960 720 -1.6792 -7.3209 11.6960
984 720  1.7669 -0.0019 10.1457
 24 744 -0.0128 -0.0602 12.8100
 48 744 -0.7972 -1.5940 13.1217
 72 744 -0.0816 -1.3276 14.9023
 96 744  0.9322 -0.3245 17.4274
120 744  0.6612 -0.8377 17.3864
144 744  2.1160 -0.1643 14.5052
168 744  4.5424  0.2579 12.4195
192 744  5.0606  0.6203 14.4315
216 744 -3.6631  1.8688 14.2949
240 744 -2.9542  2.1055 15.2814
264 744  6.7679  2.9315 16.4800
288 744  7.2481  3.5723 15.4914
312 744  7.5708  4.5748 10.7202
336 744  4.7403  3.8842 13.0074
360 744  2.9278  2.7232 17.1630
384 744 -1.7150  2.0701 14.9887
408 744 -3.9870  1.1760 18.3364
432 744  0.8404  5.1492 13.6264
456 744  3.0283  6.2885 14.5072
480 744  3.6475  6.1195 15.6883
504 744 -5.1391 -32.9996  7.3250
528 744  5.9666 -31.9147  9.3869
552 744 -28.7053 -2.5471  7.5963
576 744  7.4425  8.8632 11.9289
600 744  4.0727 14.2382  9.4013
624 744 -21.9588  1.6946  9.1090
648 744 -5.0484  9.8663 11.9477
672 744 -3.9609  7.2050  9.6243
696 744 -5.2628  2.9650 11.0942
720 744 -2.8851 12.1007  9.0368
744 744 -7.9744 -23.9602  7.0689
768 744 -5.7549 -12.8732  6.6545
792 744 -7.8179  6.2166 10.1796
816 744 -7.2989  6.6520  8.4458
840 744  2.1574  5.0031 10.3497
864 744  0.0227  2.5570 16.7373
888 744  0.7255  1.1330 13.5113
912 744  4.4123 -0.7616 15.0528
936 744  3.1488 -6.6663 11.1534
960 744  1.2249 -3.1184 10.2670
984 744  1.6560 -0.0608  9.4631
 24 768 -0.0114 -0.0537 12.2756
 48 768 -1.8062 -3.0804 12.0597
 72 768 -0.2084 -2.7632 16.6818
 96 768 -0.0849 -1.2552 14.3787
120 768  0.5120 -1.1705 14.9614
144 768  2.4998  0.1148 14.3165
168 768  5.0703  0.8071 16.8069
192 768  6.1873  1.1690 14.8247
216 768  7.5614  3.2196 13.1047
240 768 -4.6644  0.7373 13.1113
264 768 -5.9760  0.3690 15.6401
288 768  8.0960  4.1222  7.7836
312 768  5.0616  9.9268  7.7020
336 768  4.6812  6.1016 10.1680
360 768  3.1392  2.8880 18.9880
384 768  2.2531  2.2836 18.2840
408 768  0.1039  1.5009 11.6232
432 768 -1.9302  1.6325 11.6706
456 768  1.1852  6.5367 17.1443
480 768  2.1189  7.8851 15.0367
504 768  0.1339  9.1675 13.7809
528 768  6.6489 19.8156 11.5949
552 768  7.1243 19.7158 17.4783
576 768  2.3356 14.9457 14.3235
600 768  2.1241 14.4900 16.0773
624 768 -0.8397 11.9833 15.0014
648 768 -5.2375 10.4158 15.4022
672 768 -5.2633 10.6877 13.9885
696 768 -7.4629 15.5978  9.2349
720 768 -10.8486 11.2659 10.4227
744 768 -6.1916 22.0735 12.5819
768 768 -6.1317 22.2502 10.4073
792 768 -8.6591  7.2938 18.0050
816 768 -8.4289  7.1763 13.1852
840 768  0.0290  6.9862 18.6848
864 768 -1.1969  2.2428 30.5605
888 768 -0.8864  1.4432 21.7979
912 768  4.6498 -4.1679 15.4445
936 768  6.0308 -4.6297 13.6966
960 768  3.2501 -2.9960 12.5252
984 768  1.7147 -0.0677  9.6542
 24 792 -0.0106 -0.0733 11.6182
 48 792 -3.9859 -2.6371  9.0392
 72 792 -0.2036 -2.5794 20.3501
 96 792 -1.1431 -1.6825 18.4915
120 792  0.9677 -6.6330 13.9114
144 792  1.7427  2.4397 13.5116
168 792  2.8080  3.1170 14.7852
192 792  6.6878  2.6413 14.0179
216 792  6.9227  4.2736 14.0359
240 792 18.3794 -21.7503  7.4988
264 792 -6.2825  0.6877 16.0950
288 792 30.3748 16.5214  8.4041
312 792 16.3211 15.3363  9.9408
336 792  5.4617  7.7233 12.5227
360 792  4.3324  5.8539 14.9376
384 792  2.6164  3.1591 20.7943
408 792  0.1839  2.1727 14.1791
432 792 -3.0078  0.9493 14.1691
456 792 -3.1356  6.8610 13.0684
480 792 -2.3641 10.6494 11.3163
504 792 -2.1820 10.5452 14.6191
528 792  0.3044 12.1799  9.8238
552 792  7.1913 19.7104  9.5740
576 792 12.1705 -25.1258  7.7382
600 792  0.0464 16.0815 12.8827
624 792 -0.0139 17.9296 11.6326
648 792 -6.1090 10.9958 14.1775
672 792 -7.4674 11.7721 11.9065
696 792 -7.9114 14.8467 13.2687
720 792 -9.2887 11.3834 11.1386
744 792 -3.3877 -27.6120  8.2912
768 792  1.9041 -34.7911  8.0219
792 792 -9.1934  7.1722 10.1135
816 792 -9.8070  6.8955 10.6207
840 792 -0.1003  7.5446 12.0007
864 792 -1.3130  1.8060 28.3828
888 792 -0.8832  0.6291 18.5930
912 792  6.9460 -4.6868 16.0937
936 792  6.2013 -3.2467 12.9201
960 792  4.1316 -0.5002 13.1851
984 792  1.7171  0.0036  9.3945
 24 816 -0.0072 -0.0533 12.4395
 48 816  2.2149 -0.6738 10.2776
 72 816 -0.3314 -1.5129 15.8133
 96 816  3.9172 -2.9893 10.2585
120 816  0.7318  0.1331 14.3879
144 816  0.3579  0.7387 14.9864
168 816  1.9363  3.3255 12.5217
192 816  4.9770  7.9580 11.2433
216 816  7.7894  9.5493 11.9634
240 816 10.5568 10.9998  9.9827
264 816  5.7725 -18.9176  8.9100
288 816  8.8025 19.0215  8.1643
312 816  8.0254 16.6100  9.8220
336 816  4.8721  6.2722  6.3697
360 816  1.6826  1.4068  7.8514
384 816  1.9877  2.0070 14.5372
408 816 -0.2430  2.1486 14.6825
432 816 -3.2055  0.7815 10.7888
456 816 -3.4561  9.2107 15.1185
480 816 -2.8955 13.7467 18.1345
504 816 -2.1998 14.6231 14.4829
528 816 -2.3341 -30.8661  8.4454
552 816  2.1738 19.6816 12.1669
576 816 -0.0080 19.3261 13.6422
600 816 -0.8333 18.8116 13.3040
624 816 -5.6302 11.0925 13.0093
648 816 -5.9384 10.7893 10.2651
672 816 -2.1894 -32.1263  7.9610
696 816  0.9509 -27.1513  6.3110
720 816 -6.9817 -23.9285  7.1091
744 816 -14.1138 17.0466  9.1420
768 816 -9.2215 -0.9654 11.2162
792 816 -9.8661 -0.6132 12.3642
816 816 -9.7287  5.7536 14.2402
840 816 -7.7107  1.3332 12.0027
864 816 -5.2561  2.6830  9.3035
888 816 -1.1104 -3.0180 13.1733
912 816 -0.0407 -1.9382 11.3636
936 816  5.8479  0.0165 14.8633
960 816  5.0477 -0.9550 11.6412
984 816  1.7680 -0.0228  9.8993
 24 840 -0.0008 -0.0800 12.8045
 48 840  1.8093 -0.3078 19.2881
 72 840  4.6722 -3.7041 11.4109
 96 840 15.2895 25.0844  8.4641
120 840 -12.9530 13.9801  9.8152
144 840  1.0858  0.7830 10.7389
168 840  4.6759 14.4931  9.4308
192 840  4.1346  8.1340 10.7079
216 840  6.1299 11.6539 11.7919
240 840  6.2952 17.2177  8.5036
264 840  6.7150 19.1445 13.1506
288 840  5.4647 19.9232 10.6389
312 840  3.0825 15.8303  9.5795
336 840  0.2710  0.0410  6.8539
360 840  0.7090 -0.1209 10.3763
384 840  3.8791  1.2657 11.5442
408 840  4.3657  1.2094 13.4648
432 840 -14.3928 -5.1674  7.9304
456 840 -2.4376  8.2273  9.6277
480 840 -2.1694 14.5376 14.7508
504 840 -2.3519 14.2236 14.1609
528 840 -3.3705 14.1246 11.8674
552 840  0.1994 19.7110  9.3068
576 840 -0.1443 19.9876 12.8267
600 840 -1.4236 15.1385  9.2443
624 840 -7.4053 12.4848  8.5198
648 840 -16.3296 21.1222 12.0172
672 840 -16.2835 18.6500  7.7927
696 840 -15.5482 17.3475  9.6822
720 840 36.1473 -6.7960  6.8832
744 840 -12.0410 11.8994 12.6728
768 840 -8.2660 -1.2505 15.9403
792 840 -9.0272 -0.9761 12.3379
816 840 -11.6037  5.3780 12.4369
840 840 -13.8093 -0.1637 10.3747
864 840 -13.8813 -2.0506  9.9403
888 840 -3.0111 -2.1004 14.0891
912 840 -0.9133 -1.1791 11.8356
936 840  0.9217 -2.0460 11.0981
960 840  0.2586 -2.2965 18.0531
984 840  1.6036 -0.0574 10.0396
 24 864  0.0181 -0.0440 12.2933
 48 864  2.8744 -1.1204 13.6269
 72 864 -2.2617 15.9552  8.8040
 96 864 14.6663 -17.7758 16.4298
120 864 10.9881 -20.8109 11.8706
144 864 -1.6659  7.9831  9.3521
168 864 -0.6952 12.8177 11.4578
192 864  1.0802 11.5662 10.0908
216 864  5.9630 12.9349 11.8516
240 864  2.9631 16.1508  9.5396
264 864  5.8805 18.0634  7.6487
288 864  5.3948 17.0864  9.5720
312 864  5.9420 13.1203  6.2135
336 864  5.6970  6.0317 14.1225
360 864  4.5768  4.1931 14.6116
384 864  4.1969  2.1918 15.5528
408 864  4.2463  3.1929  9.3954
432 864  3.2213 14.7568 13.4661
456 864  0.7437  4.9179  8.4249
480 864 -6.4789 13.9975 13.3754
504 864 -5.8033 15.7485  9.8360
528 864 -4.3244 14.3222 13.7246
552 864 -3.4471 15.1219  9.5990
576 864 -2.3908 21.1052 11.1300
600 864 -3.7967 15.6815 17.0644
624 864 -3.4669 15.1450 13.5296
648 864 -19.1049 19.4559  9.6832
672 864 16.4534  7.9771  9.6485
696 864 -12.1093 11.9262  7.1881
720 864 -7.7401  1.5162  6.7841
744 864  1.0000  1.0000  7.3535
768 864 -6.2402 -24.7147  6.7732
792 864 -10.4780  6.6988 15.2808
816 864 -12.4233  4.1119 13.4154
840 864 -14.1966 -0.0178 11.6279
864 864 -14.1184 -0.2115 11.9663
888 864 -13.9125 -0.3351 13.1264
912 864 -11.6461 -3.7685 12.2643
936 864 -0.5432 -2.4169 12.9817
960 864 -0.0798 -2.7998 21.8660
984 864  0.3734 -0.1201  9.7923
 24 888  0.0188 -0.0020 12.0798
 48 888  4.3579 -4.1647 11.2543
 72 888 -1.7257 16.8895 20.5888
 96 888 -6.9226 13.9782 17.9088
120 888 -1.4294  5.0498  9.6432
144 888 -0.6500  6.8653 15.0851
168 888  0.3595 11.2385 15.3348
192 888  0.8985 11.5719 13.6440
216 888  1.2053 14.0644  9.0795
240 888  2.8203 15.9865 10.2618
264 888  6.1027 17.5107 10.0856
288 888  2.9869 14.9543  7.0664
312 888 -33.2273  2.0489  6.7668
336 888  3.5871  2.9221 13.7835
360 888  2.9527  3.4623 15.1973
384 888  3.2727  3.2767 13.6443
408 888  1.1651  8.4819 11.6314
432 888  2.6435  7.2339 13.6502
456 888  1.1578  5.7784  9.9631
480 888 -6.9847 14.5530 12.5734
504 888 -7.5557 14.9358 13.3782
528 888 -8.5167 11.7034  8.9607
552 888 -8.8756 10.9753 10.0666
576 888 -7.1299  7.8971  8.4384
600 888 -4.2951 13.9070 10.3307
624 888 -6.0087 15.0839  8.9473
648 888 -12.2356 18.3612  7.7597
672 888  1.0000  1.0000  8.3101
696 888 -19.5485  1.7984  7.5264
720 888 -15.8774  4.8779 12.2316
744 888 -12.7915  2.2959 15.9499
768 888 -9.1317  9.8452  9.1905
792 888 -10.3521  6.8594 13.4244
816 888 -12.9335  4.6108  8.6285
840 888 -6.8902 -0.4691 12.2032
864 888 -4.9038 -0.1987 13.9564
888 888 -3.3832 -0.2928 14.6696
912 888 -2.1661  0.1565 12.3794
936 888 -0.6782 -2.4271 12.9407
960 888 -0.0608 -2.8615 18.3175
984 888  1.5902 -0.1503  9.9125
 24 912  0.0103  0.0138 11.9916
 48 912 -0.0144 -2.7560 10.9861
 72 912  0.7100  4.4992 11.1969
 96 912  0.3294  4.8275 12.1598
120 912  1.0863  5.5204 12.7714
144 912  4.8202  9.1133 13.5537
168 912  5.5879 10.1352 10.6253
192 912  6.9174 13.0202 12.1646
216 912  7.5278 13.8081 16.8673
240 912 -15.1394  1.7028  6.4033
264 912  2.0613 14.1277  9.1496
288 912  2.2602 15.4962 12.7190
312 912  3.5427 17.0576  6.5195
336 912  1.9167  3.2859 18.3870
360 912  0.7323  3.8523 17.5825
384 912  0.4722  9.6570 13.7628
408 912  0.9954 10.3978 16.3461
432 912 -0.0094  9.6331 11.7525
456 912 -1.8871 12.8952 12.6551
480 912 -4.6629 16.1320 15.0344
504 912 -7.5525 15.1246 13.1995
528 912 -7.6074 11.6618 10.7618
552 912 -3.4402  5.1521 12.0398
576 912 -4.7319  6.8965 12.9770
600 912 -6.5760 12.7503 15.9078
624 912 -5.9480 14.4994  9.6706
648 912 -11.6613 18.9844 14.0386
672 912 -12.7491 -3.6080  6.7668
696 912 -17.5888  0.1937 10.7002
720 912 -15.3110  1.3051  8.6680
744 912 -12.3944  1.9455 12.8415
768 912 37.8839  6.2319  7.9229
792 912 -12.0209 11.6579 14.1107
816 912 -4.0071 -0.1023 12.3894
840 912 -4.7821 -1.0482 18.2968
864 912 -3.0821 -0.8132 14.9296
888 912 -2.1257 -0.4490 12.8199
912 912 -2.0007 -0.4863 16.7112
936 912 -1.7063 -2.0587 12.7349
960 912 -1.1627 -2.9463 14.2405
984 912  1.6945 -0.1099 10.4037
 24 936 -0.0013  0.0063 12.2739
 48 936  0.3649 -0.6360 15.9038
 72 936  0.3016  4.4368 16.5454
 96 936  0.3935  4.4017 17.2412
120 936  1.8925  3.4767  9.0960
144 936  5.4259  9.2105 13.3093
168 936  6.9979 10.7885 13.9998
192 936  7.7114 12.5735 16.9741
216 936  7.0082 13.3861 11.0177
240 936  4.0743 11.5725  9.5914
264 936  2.4608 15.5664 10.5247
288 936  2.3600 15.7241 12.8103
312 936  1.6001 14.8157  9.5792
336 936  1.2702  3.6984  9.2287
360 936  0.1962  2.4895 11.4941
384 936 -1.8560  5.0760 12.4590
408 936 -0.7409 10.2816 13.1020
432 936 -1.8649 13.0471 17.4841
456 936 -1.7543 13.0083 13.0313
480 936 -1.2668 13.1038  9.5735
504 936 -3.1537  7.0153  8.7349
528 936 -3.2673  7.1137 12.1640
552 936 -4.1695  4.3909 13.8108
576 936 -4.2753  5.2850 13.2849
600 936 -6.2772 11.4032 13.4213
624 936 -6.8892 12.9947  8.1515
648 936 -7.3326 -20.8369  7.6495
672 936 12.4798 -16.1590  6.7696
696 936 -16.5338 -7.9141  8.0472
720 936 -8.2193  2.0153 13.0528
744 936 28.6009 -15.7749  7.2143
768 936 -13.0423 -11.4076 14.0123
792 936 -12.2223 -5.9862 11.0979
816 936 -3.4350  0.2427 12.2721
840 936 -3.9927 -1.8445 12.9920
864 936 -2.3265 -2.1126 14.4161
888 936 -1.7574 -0.9303 13.7970
912 936 -2.0477 -0.3062 10.5406
936 936 -1.5058 -2.4915 11.8433
960 936 -2.8274 -5.0600 13.2259
984 936  1.7469 -0.0596 10.6576
 24 960 -0.0039 -0.0019 12.4490
 48 960  1.0366 -0.6781 13.1750
 72 960  0.3741  3.7243 16.7247
 96 960  0.2419  3.7835 10.4100
120 960  9.1313 13.0034  8.2345
144 960 11.7724 12.7954 10.4085
168 960  7.1637 11.2462  9.9722
192 960  7.4281 11.3392 12.2662
216 960  7.1462 13.3152 11.9614
240 960  7.0505 14.5757 14.3667
264 960  2.9011  9.7886  9.7427
288 960  4.1263 15.7851  7.3345
312 960  3.4040  7.8100  9.7826
336 960  4.4403  3.4807 12.2946
360 960  3.1391  3.2934  8.6969
384 960 -2.9072 10.0428 11.1120
408 960 -3.6675  5.9395 12.5726
432 960 -1.3925 12.8781 12.3445
456 960 -2.4271 12.4230 11.4480
480 960 -4.1965 12.0941 11.9381
504 960 -5.2032  4.0896 11.8093
528 960 -5.5114  1.9723 11.4320
552 960 -8.5948  0.9251 17.3613
576 960 -9.6843  2.1633  8.0447
600 960 -12.1381 10.4446  9.3401
624 960 -11.1210 10.2361  9.7253
648 960 -13.4174  1.9002  6.1532
672 960 -14.2701 -1.8715  9.4095
696 960 -8.6217  1.9923  9.6326
720 960 -8.0172  2.9934 14.7537
744 960 -6.6695  3.2473  9.0675
768 960 -12.1226 -11.8362 14.1780
792 960 -13.9438 -9.2501 11.1299
816 960 -12.3168 -1.3071 18.7220
840 960 -6.0521 -3.8896 14.4830
864 960 -5.6149 -3.8342 16.9713
888 960 -5.4391 -2.8399 17.5839
912 960 -2.9020 -0.4584 11.6246
936 960 -0.2424 -1.7379 12.3288
960 960 -0.6164 -3.2700 16.4783
984 960  1.5839 -0.0680  9.9645
 24 984 -0.0072 -0.0054 14.9891
 48 984 -0.0260  0.0013 12.4456
 72 984 -0.0129  0.0083 12.6054
 96 984 -0.0073  0.0060 12.3330
120 984 -0.0487 -0.0249 11.8476
144 984  0.0226 -0.0183 12.1670
168 984 -0.0094  0.0076 12.2944
192 984 -0.0331 -0.0019 11.9687
216 984  0.0059 -0.0084 12.0196
240 984  0.0120 -0.0008 12.4006
264 984  0.0091  0.0018 12.3257
288 984  0.0358 -0.0145 12.2365
312 984  0.0674 -0.0095 12.4553
336 984  0.1039 -0.0046 12.5199
360 984  0.0438 -0.0187 11.6252
384 984  0.0260 -0.0081 11.8800
408 984 -0.0317 -0.0007 12.0164
432 984 -0.0864 -0.0157 11.9451
456 984 -0.0060 -0.0100 12.0071
480 984 -0.0017  0.0064 12.5608
504 984 -0.0547  0.0096 12.5616
528 984 -0.0404  0.0079 12.5925
552 984 -0.0148 -0.0019 12.5593
576 984 -0.0242 -0.0116 11.9890
600 984 -0.0118 -0.0225 11.9167
624 984  0.0273 -0.0084 12.2725
648 984 -0.0204  0.0014 12.4175
672 984 -0.0114  0.0048 12.3705
696 984  0.0370  0.0127 12.4174
720 984 -0.0150 -0.0044 12.1098
744 984 -0.0585 -0.0115 11.8567
768 984 -0.0221  0.0141 12.3691
792 984  0.0182  0.0203 12.5598
816 984 -0.0352  0.0067 12.3613
840 984 -0.0313  0.0051 12.1345
864 984 -0.0182 -0.0052 11.3598
888 984 -0.0990 -0.0148 11.8579
912 984 -0.0474 -0.0205 12.1304
936 984 -0.0249 -0.0168 12.3967
960 984 -0.0444 -0.0097 12.8836
984 984  0.4108 -0.0140 13.6118
