 24  24 -0.0298 -1.7759 12.2585
 48  24 -0.0216 -1.7762  9.0357
 72  24 -0.0063 -1.6125  9.2391
 96  24  0.0083 -1.6411  9.6127
120  24  0.0225 -1.7527  9.9073
144  24 -0.0492 -1.7910  9.9113
168  24 -0.0510 -1.7118  9.7063
192  24 -0.0132 -1.7444  9.8124
216  24 -0.0059 -1.7303  9.2927
240  24  0.0048 -1.7395  9.5780
264  24  0.0191 -1.9236 10.3154
288  24  0.0437 -1.8512 10.2110
312  24  0.0441 -1.7529  9.8551
336  24 -0.0074 -1.7432  9.7677
360  24 -0.0702 -1.6464  9.8479
384  24 -0.0530 -0.4503  9.6116
408  24 -0.0315 -0.4076  9.3636
432  24 -0.0210 -1.6472  9.2664
456  24 -0.0254 -1.6822  9.6620
480  24 -0.0220 -1.6943  9.4762
504  24 -0.0355 -1.6972  9.4453
528  24  0.0660 -0.4193  9.2283
552  24  0.0427 -0.4241  9.1216
576  24 -0.0440 -1.9027  9.6589
600  24 -0.0018 -1.8865  9.6881
624  24 -0.0061 -1.7501  9.9566
648  24 -0.0452 -1.7745  9.9324
672  24 -0.0417 -1.7113  9.6447
696  24  0.0038 -1.6996  9.5002
720  24 -0.0516 -1.7256  9.5490
744  24 -0.1054 -1.7191  9.6004
768  24 -0.0479 -1.7150  9.8739
792  24 -0.0429 -1.8069 10.2457
816  24 -0.0678 -1.8309 10.1146
840  24 -0.0139 -1.8179  9.3505
864  24  0.0326 -1.7715  9.3587
888  24 -0.0234 -1.7022  9.5586
912  24 -0.0141 -1.6940  9.5172
936  24  0.0305 -1.7375  9.6110
960  24 -0.0180 -1.8030  9.9114
984  24  0.4308 -1.7192 10.7001
 24  48 -0.0319  0.0433 12.7999
 48  48 -6.8620  0.2639 10.3360
 72  48 -5.7416 -0.9312 14.2593
 96  48 -5.4776  1.9582 16.2797
120  48 -1.7952  4.0992 15.9219
144  48 -1.5561  4.7754 17.2752
168  48 -1.1485  4.0913 15.2509
192  48 -0.7979  3.8120 16.1459
216  48 -0.6103  4.1834 14.1631
240  48  0.9632  6.0651 13.2945
264  48  1.7973  7.0592 14.6468
288  48  0.8406  6.9092 15.1747
312  48  0.7176  6.6078 16.8571
336  48 -0.1794  1.1971 13.3150
360  48 -0.4631  0.4783 16.1657
384  48 -0.5145  0.9004 18.0229
408  48 -0.6369  0.9462 16.6281
432  48 -1.8434 -0.2241 14.2078
456  48 -2.2899  0.1746 16.5506
480  48 -2.8145  0.7103 16.9751
504  48 -2.8443  1.2933 13.9696
528  48  1.2805  4.3234 16.9148
552  48  1.6437  3.9665 14.9532
576  48  1.8944  1.8593 12.8920
600  48 -0.0377 -0.9565 15.2874
624  48 -2.0426 -1.4547 16.5518
648  48 -2.8765 -1.9164 15.9994
672  48 -8.3522 -3.3467  8.6673
696  48 -9.5673 -0.4202  9.3316
720  48 -5.2900 -0.4715 12.8004
744  48 -5.8584 -0.2102 14.3536
768  48 -5.2730  1.8620 13.6679
792  48 -3.8136  1.8240 14.0145
816  48 -2.3498  1.4673 15.1654
840  48 -0.3360 -0.0171 14.1996
864  48 -0.7303 -0.8004 17.7298
888  48 -1.1242 -0.8582 15.0608
912  48  0.2774 -10.6308  9.5326
936  48  0.0959 -11.6427 11.2603
960  48 -4.2121 -9.0292 14.7198
984  48  4.0373 -0.1009  7.5363
 24  72 -0.0122  0.1404 12.7836
 48  72 -3.3276  3.1074 12.5235
 72  72 -5.5716 -1.1092 16.0692
 96  72 -5.9258  2.5407 16.6468
120  72 -0.8622  4.7147 15.4775
144  72 -0.2652  4.9069 18.5792
168  72 -0.0660  3.3499 17.4671
192  72  0.0321  2.6812 16.5872
216  72  0.1783  1.8392 19.6174
240  72  0.1990  1.5786 16.5927
264  72  0.8971  7.5661 13.0554
288  72 -1.0064  4.7814 12.8522
312  72 -1.8486  4.1439 14.8725
336  72 -2.0617  3.5889 11.4253
360  72 -2.3561  0.0768 16.8711
384  72 -2.0981  0.3580 18.4421
408  72 -0.3230  0.6330 16.9532
432  72 -0.9953 -0.0738 16.8908
456  72 -1.3079  0.6110 14.8359
480  72 -0.2877  0.2368 17.2155
504  72 -0.1737 -0.1175 17.7459
528  72  2.0091  1.1462 12.9647
552  72  2.7902  1.6721 15.2711
576  72  2.9524  0.6955 18.2971
600  72  0.3007 -1.0132 15.5398
624  72 -1.8022 -1.2611 15.0368
648  72 -4.0667  0.0345 12.1089
672  72 -8.4496  1.9665 12.6085
696  72 -10.2340 -0.9012 12.3552
720  72 -8.1154 -2.2850 14.6530
744  72 -8.1120 -2.1052 14.0529
768  72 -6.5877  2.9204 14.1872
792  72 -3.7236  2.8641 14.0205
816  72 -0.2047 -0.1197 16.7124
840  72 -0.1602 -0.3275 16.7931
864  72 -0.6755 -0.6667 15.8191
888  72 -1.8318 -1.2288 13.9035
912  72 -1.6294 -5.8202 10.8630
936  72 -1.9546 -9.5973 10.3320
960  72 -3.4178 -8.2367 10.4506
984  72  4.8706 -0.0959  7.5229
 24  96 -0.0172  0.0868 12.5779
 48  96 -4.3695  2.6253 13.1752
 72  96 -5.7346  0.3886 17.0794
 96  96 -6.0420  1.6207 13.9717
120  96 -4.6327  3.8469 14.6644
144  96 -1.9256  5.3339 14.3187
168  96 -0.0287  2.4836 14.2973
192  96 -0.8643  1.7307 15.8877
216  96 -1.6067  0.2353 16.9739
240  96 -0.3044  1.0805 13.0212
264  96 -2.0342  5.6447 14.8416
288  96 -1.4166  4.4504 15.4399
312  96 -2.2670  3.7891 18.0604
336  96 -3.0548  0.9241 17.4616
360  96 -2.6908  0.7415 20.0602
384  96 -2.1126  0.8805 15.4745
408  96 -2.0281  0.0796 14.6617
432  96 -1.5528 -0.3824 17.3808
456  96 -1.7385  0.2178 18.2072
480  96 -0.4021 -0.1334 18.7453
504  96  0.0610 -1.1454 15.3450
528  96  0.9111 -0.5422 13.1597
552  96  2.6415  0.1848 14.0542
576  96  3.3204  0.6826 14.0624
600  96  0.6521  0.0673 16.6214
624  96 -0.2669 -0.2409 18.1334
648  96 -0.3895  2.1093 14.2830
672  96 -3.7931  2.8637 13.3945
696  96 -3.5047 -0.0421  9.5727
720  96 -7.7037 -2.7374 12.0542
744  96 -5.3036 -2.9577 12.9782
768  96 -3.6129  2.0145 15.1989
792  96 -0.3861  0.0702 18.3676
816  96 -0.1407 -0.2254 16.0574
840  96 -0.4721 -0.2656 15.5978
864  96 -1.5795  0.0751 16.4734
888  96 -1.6335 -3.3617 15.6046
912  96 -1.3448 -5.0661 16.3538
936  96 -2.3852 -6.4563 12.5035
960  96 -1.9675 -10.0281 13.7411
984  96  3.0293  0.0606  7.1860
 24 120 -0.0135  0.0452 12.7005
 48 120 -5.9796  2.9783 13.0082
 72 120 -6.5373  2.3451 17.8299
 96 120 -4.8562  2.2848 15.9060
120 120 -3.9585  3.4813 17.8027
144 120 -4.6546  4.9794 15.8612
168 120 -2.7185  0.3430 13.0057
192 120 -3.5307 -0.0837 19.0294
216 120 -3.9437  1.6476 19.0124
240 120 -4.8008  2.0470 14.4357
264 120 -3.6160  3.5825 15.5710
288 120 -3.0731  4.1515 19.6628
312 120 -2.1453  3.6087 17.9130
336 120 -2.8236  1.0186 19.0332
360 120 -3.1601  0.8045 20.6342
384 120 -2.8875  0.2891 17.9649
408 120 -2.1098 -0.3659 17.9415
432 120 -2.3548 -0.9263 17.8524
456 120 -2.5660 -0.2948 16.3044
480 120 -1.8281 -0.5029 13.3200
504 120 -0.1273 -1.3521 14.5350
528 120  0.0443 -2.9184 12.2054
552 120  0.9836 -0.8084 10.7199
576 120  0.2276  1.5152 10.4008
600 120  0.2445 -0.2197 15.8243
624 120  0.0426 -0.7505 21.7422
648 120  0.2005  0.4509 15.0315
672 120 -0.8729  1.6894 14.5958
696 120 -2.2247 -0.1065 11.8648
720 120 -3.4426 -1.4563 13.0820
744 120 -3.9959 -1.0001 14.3739
768 120 -2.9696 -0.0478 14.4363
792 120 -1.4719  0.0974 17.7093
816 120 -1.8484  0.9827 12.9389
840 120 -0.2612  1.6990 12.8115
864 120 -1.0136  0.0018 13.3195
888 120 -0.7916 -2.3708 14.2380
912 120 -0.7147 -4.3216 12.3069
936 120 -1.1684 -8.2934 10.0525
960 120 -1.8039 -9.4476 12.2715
984 120  5.5243 -0.1116  7.2680
 24 144 -0.0114  0.0605 12.6006
 48 144 -6.5420  4.1728 14.4552
 72 144 -4.3472  3.4511 14.1365
 96 144 -2.5555  3.5344 17.1573
120 144 -3.1227  4.0649 18.4744
144 144 -4.6957  5.0941 18.6869
168 144 -2.4844 -0.3705 16.1506
192 144 -3.6450 -0.2770 16.1941
216 144 -4.1128  1.3675 17.3592
240 144 -4.9214  2.0750 15.1840
264 144 -4.3322  2.3025 13.7727
288 144 -5.8417  0.5541 14.2083
312 144 -4.1313 -0.1280 14.6684
336 144 -3.7315  0.0043 15.5840
360 144 -3.7830  0.1174 17.6516
384 144 -3.9575 -0.7950 15.5443
408 144 -3.8005 -1.1080 18.2117
432 144 -3.0095 -0.7475 17.0444
456 144 -2.7806 -0.8276 15.5326
480 144 -1.8292 -1.0862 14.3210
504 144 -1.0156 -2.3923 13.6161
528 144  0.7590 -4.7639 11.6116
552 144  0.4136  0.1732 11.3791
576 144  0.2353  0.0407 16.4498
600 144  0.0563 -0.4269 16.9030
624 144 -0.3388 -1.9205 17.3537
648 144 -1.6875 -0.9425 11.3682
672 144 -0.6166  0.5163 12.8522
696 144 -1.6998 -0.0345 14.0426
720 144 -2.5737 -0.5836 16.1934
744 144 -3.8613 -0.3830 14.7507
768 144 -4.3426 -1.0338 16.2471
792 144 -3.5925  0.3034 16.2307
816 144 -1.8456  1.4442 15.5170
840 144  0.4152  1.8948 12.1934
864 144  5.9349  0.6341 11.7029
888 144  0.8426 -1.8335 11.6718
912 144 -0.0770 -3.9047 13.0763
936 144 -1.0051 -4.7873 11.3778
960 144 -4.8616 -7.0988 11.3462
984 144  5.5570 -0.0199  7.0595
 24 168 -0.0154  0.0506 12.3856
 48 168 -6.7865  4.2931 18.6082
 72 168 -5.8175  2.4737 13.7786
 96 168 -2.0594  2.9396 15.7509
120 168 -4.5606  1.9509 13.6027
144 168 -3.2663  3.2299 14.3518
168 168 -4.5494 -1.0092 16.5998
192 168 -4.4732 -0.9264 16.9304
216 168 -5.8959  1.7869 14.9673
240 168 -6.0212  2.1315 16.9113
264 168 -5.8658  0.1152 16.6639
288 168 -5.1325 -0.0143 13.3006
312 168 -6.9884 -0.7934 14.1793
336 168 -8.3803  0.0963 15.9297
360 168 -5.8324 -0.4832 15.9871
384 168 -5.0099 -2.3774 15.6225
408 168 -5.1235 -2.5138 16.4189
432 168 -4.9664 -2.3723 14.0193
456 168 -5.6236 -2.9265 14.0307
480 168 -4.1341 -2.8942 17.1284
504 168  0.3044 -4.8407 12.4913
528 168  1.0615 -5.5110 16.3238
552 168  1.1700 -2.2033 11.7223
576 168  0.3167 -0.3370 16.4250
600 168 -0.0460 -0.4773 15.6475
624 168 -1.4629 -1.6456 17.1618
648 168 -2.2148 -1.4280 14.3770
672 168 -0.5878 -0.6261 12.8630
696 168 -0.8693  0.3871 13.1197
720 168 -0.7994  0.3643 14.6661
744 168 -0.1650  0.6506 16.2246
768 168  1.0869  0.0338 15.1402
792 168  1.8037  1.1622 12.4693
816 168  0.3024  0.9714 12.6372
840 168  1.1896  1.0081 13.2473
864 168  4.3010 -0.1150 11.9903
888 168  2.8226 -0.8267 10.6097
912 168  0.9763 -2.6086 12.1846
936 168 -2.7526 -3.9885 14.2907
960 168 -4.0811 -5.9540 11.9131
984 168  0.4013 -0.0078  7.2177
 24 192 -0.0195  0.0107 12.3740
 48 192 -5.8590  2.1424 18.2285
 72 192 -4.3614  0.8307 16.5585
 96 192 -3.1576  0.0820 21.4407
120 192 -3.6364 -0.1621 22.8847
144 192 -3.6952 -0.2525 17.7385
168 192 -2.2569 -1.7289 16.7295
192 192 -4.0743 -1.5201 15.7237
216 192 -5.1144 -0.2219  9.8355
240 192 -1.9855 -0.4109 12.3303
264 192 -4.9722 -0.3318 14.6787
288 192 -4.5974  0.0519 15.1314
312 192 -8.0783 -1.3411 14.0747
336 192 -9.8973 -1.5901 12.4191
360 192 -6.9456 -1.1012 11.0734
384 192 -6.5808 -2.6357 15.0288
408 192 -4.8296 -2.0780 17.6585
432 192 -6.8023 -2.1276 15.6027
456 192 -5.0030 -2.3520 17.2090
480 192 -4.9359 -3.5119 13.3526
504 192 -4.9783 -4.7569 13.0522
528 192 -0.6979 -4.3932 11.1732
552 192  2.0423 -1.8823 14.6643
576 192  1.0087 -0.3323 16.1129
600 192  1.5071 -0.1456 18.1335
624 192 -0.0360 -1.6730 16.6958
648 192 -0.9721 -2.2394 18.9516
672 192 -1.2959 -1.9295 15.6012
696 192 -1.1577 -0.2046 14.8179
720 192 -0.2152 -0.5789 17.0433
744 192  1.2237  0.0398 14.1873
768 192  2.3320  0.6382 18.7056
792 192  3.5530  2.9860 16.1993
816 192  2.9105  1.9561 12.6937
840 192  2.7559 -0.0650 11.9692
864 192  2.3171 -0.3280 14.1393
888 192  1.8310 -1.1746 16.2136
912 192  0.3907 -1.2598 13.3259
936 192 -0.4411 -3.8680 12.7990
960 192 -1.6793 -6.0952 13.0896
984 192  0.4743 -0.0174  7.3332
 24 216 -0.0100 -0.0041 12.2796
 48 216 -3.6412  0.9101 17.1341
 72 216 -2.4965 -0.8714 19.9752
 96 216 -2.8615 -0.7004 19.3059
120 216 -3.0659 -0.7485 22.4263
144 216 -2.7707 -1.8580 18.1193
168 216 -2.1067 -2.2879 17.6872
192 216 -1.6703 -2.3532 19.1549
216 216 -1.1890 -1.7602 16.1605
240 216 -0.9328 -0.3391 20.0482
264 216 -2.2305 -0.1665 14.2453
288 216 -5.7056 -0.1215 14.3074
312 216 -9.4185 -3.2389 14.6272
336 216 -13.9039 -2.5704 12.3220
360 216 -12.1119 -1.5584  9.0277
384 216 -12.8688 -2.8792 13.4455
408 216 -8.9506 -2.9781 10.1849
432 216 -6.1843 -3.2223 19.5263
456 216 -6.1475 -3.0593 15.2017
480 216 -5.0861 -3.1591 14.2762
504 216 -4.5943 -3.9700 15.2123
528 216 -2.5205 -4.3450 16.1848
552 216  0.7600 -0.9818 14.1856
576 216  1.5964  0.0471 12.7892
600 216  1.5146 -0.0385 14.2437
624 216  0.4497 -1.0586 19.1364
648 216 -0.2324 -1.3950 16.2265
672 216 -1.9621 -1.9680 13.8527
696 216 -2.0284 -2.3474 15.6751
720 216 -0.3155 -1.9261 15.1144
744 216  0.4732 -1.4910 12.5498
768 216  2.1001 -0.1502 15.2493
792 216  3.5139  1.4511 15.3115
816 216  6.0388  2.0566 14.9789
840 216  5.8949  0.0177 13.0598
864 216  2.1455 -0.0972 12.8499
888 216  0.8534 -1.6828 14.9781
912 216  0.2680 -2.8241 14.8217
936 216 -2.0618 -5.0812 14.4884
960 216 -1.1940 -5.0922 14.0013
984 216  3.7626  0.0066  7.2605
 24 240 -0.0078 -0.0028 12.4511
 48 240 -2.2524 -0.3340 14.8170
 72 240 -1.7447 -0.8428 18.4619
 96 240 -1.9642 -1.6814 19.0617
120 240 -2.0606 -2.1223 15.6667
144 240 -2.0426 -2.7819 14.1351
168 240 -2.6739 -4.7662 12.5327
192 240  0.1262 -4.0651 13.9995
216 240  0.3104 -3.5992 16.6366
240 240 -3.8980 -1.0081 17.3115
264 240 -3.9719 -2.0850 19.6383
288 240 -4.3120 -1.5505 12.5284
312 240 -9.3035 -2.8021 15.2190
336 240 -14.2321 -2.3793 13.8839
360 240 -7.1095 -4.5022  6.9613
384 240 -8.9458 -5.1679 14.6338
408 240 -9.0631 -4.9975 14.2572
432 240 -7.0473 -3.5288 17.0860
456 240 -6.3651 -2.9187 16.4246
480 240 -5.6921 -2.6546 14.8192
504 240 -2.0141 -3.6389 18.5696
528 240 -2.0101 -3.6218 18.1749
552 240 -1.9436 -2.2202 14.6343
576 240 -0.4921  0.1717 13.4425
600 240  0.0292  0.2954 13.4284
624 240  0.1077  0.0698 17.7384
648 240 -0.0606  0.2094 19.4398
672 240 -0.5622 -0.6072 18.4389
696 240 -0.1672 -1.9782 14.4666
720 240  0.1052 -1.9702 16.3727
744 240  0.8717 -0.5748 14.6723
768 240  1.4224 -0.0056 18.1359
792 240  1.6285 -0.0283 15.7294
816 240  1.4412  0.0607 12.4521
840 240  2.8673 -1.2777 13.7339
864 240  1.8577 -2.6951 14.6493
888 240 -0.2362 -0.4240 16.8738
912 240 -0.0402 -2.5630 15.0273
936 240 -2.1544 -4.9424 15.1470
960 240 -2.1912 -4.2957 18.1688
984 240  0.7422  0.0175  7.1934
 24 264 -0.0255  0.0191 13.0041
 48 264 -2.1319  0.2069 17.0708
 72 264 -2.2483  0.4449 15.2556
 96 264 -0.2136 -3.6180 15.8681
120 264 -1.2486 -3.1959 15.0308
144 264 -1.9003 -2.1905 15.3285
168 264 -1.5702 -4.4385 12.8857
192 264 -3.7753 -5.0317 12.5285
216 264 -1.0847 -3.0467 13.4744
240 264 -3.1736 -2.1480 14.4570
264 264 -5.1231 -3.0364 16.0159
288 264 -7.7656 -3.0304 13.3503
312 264 -9.3765 -1.6685 14.3510
336 264 -9.9728 -3.1881 10.5733
360 264 -11.9150 -8.0790 17.1606
384 264 -10.4564 -6.5783 12.9663
408 264 -10.2041 -6.1643 12.3085
432 264 -8.8863 -4.3534 12.9577
456 264 -5.5426 -2.0532 14.4483
480 264 -4.7142 -2.6607 18.4090
504 264 -3.0894 -2.0509 14.9417
528 264 -2.4276 -2.2988 15.6670
552 264 -2.2902 -1.9942 14.3131
576 264 -1.6656 -0.4865 12.0481
600 264 -0.3725  1.1034 16.0643
624 264 -0.0904  0.6159 17.4436
648 264  1.1932  0.3318 17.2564
672 264  1.6656  0.1795 20.7629
696 264  0.7201 -1.8273 16.8661
720 264  0.9790 -1.7453 17.8577
744 264  1.3035 -0.3314 18.1942
768 264  1.7899  0.1728 18.0832
792 264  1.7469  0.0640 15.7014
816 264  2.0310 -0.4691 13.0422
840 264  2.5693 -1.5720 14.9563
864 264  0.6444 -2.4180 16.8919
888 264  0.0474 -2.3415 15.7657
912 264  0.3163 -2.8459 17.7809
936 264 -0.1953 -2.5063 11.8802
960 264 -4.2524 -2.1487 11.6789
984 264  1.1313 -0.0134  7.1736
 24 288 -0.0139  0.0102 12.8696
 48 288 -0.7094  0.2387 16.5094
 72 288 -0.3694 -0.3137 16.4247
 96 288 -2.1222 -1.7961 18.0500
120 288 -2.7437 -2.0588 17.1285
144 288 -2.5044 -1.2674 20.1253
168 288 -0.3976 -3.1026 16.9739
192 288 -2.8915 -3.6410 14.0323
216 288 -3.2982 -3.7728 12.6117
240 288 -5.6843 -0.1982 14.4432
264 288 -7.6543 -1.2292 16.2604
288 288 -8.0107 -0.1807 15.0231
312 288 -8.2380 -0.1150 16.4992
336 288 -10.1611 -2.3708  8.8481
360 288 -13.8825 -9.0620 11.2703
384 288 -10.8885 -5.7487  8.5695
408 288 -10.0437 -5.6052 14.5501
432 288 -8.6296 -4.9969 15.5021
456 288 -6.1550 -4.6125 12.6887
480 288 -5.6188 -4.8605 17.8043
504 288 -3.6935 -2.9914 14.5803
528 288 -3.4313 -1.7318 16.5839
552 288 -2.9823 -1.7104 16.8814
576 288 -1.9922 -0.6615 13.6007
600 288 -0.8087  2.4123 16.5375
624 288 -0.2438  1.5117 17.8762
648 288  1.7751  0.3982 18.6751
672 288  1.8774  0.2364 16.9505
696 288  2.0947 -0.8073 16.3814
720 288  2.0169 -0.6810 17.2564
744 288  2.2709  0.2551 13.9605
768 288  1.1390  2.2980 16.6229
792 288  1.9929  0.2661 16.0138
816 288  2.3212 -0.2084 15.6074
840 288  2.1055 -0.7918 16.5770
864 288  1.4755 -1.2890 14.1795
888 288  0.5408 -2.7494 16.9753
912 288  0.4805 -2.9205 13.8406
936 288 -6.9186 -1.5918 13.7949
960 288 -6.3313 -0.7718 12.7823
984 288  5.1796 -0.0530  7.3381
 24 312  0.0129 -0.0175 12.4032
 48 312  1.1113  0.0709 15.0770
 72 312  0.9722  0.1418 16.8009
 96 312  0.1306 -0.5336 17.5969
120 312 -1.3520 -1.1221 20.9673
144 312 -1.4211 -1.0999 16.5611
168 312 -2.0882 -1.7806 16.4750
192 312 -2.7261 -1.2901 15.7609
216 312 -5.3425  0.2366 14.5377
240 312 -5.8428  0.4564 18.0285
264 312 -6.3000  0.1311 12.8901
288 312 -6.9185 -0.1235 17.3524
312 312 -6.9251 -0.3854 15.3945
336 312 -7.5528 -1.5573  7.8051
360 312 -12.7460 -6.9433 12.9606
384 312  0.7577 28.3784  6.7205
408 312 -12.2841 -5.6231 14.2608
432 312 -8.7334 -5.2120 13.9472
456 312 -6.1863 -6.2220 12.1981
480 312 -5.7257 -5.4712 13.2500
504 312 -3.6325 -3.2130 15.6356
528 312 -2.7027 -1.0861 17.3855
552 312 -3.0667 -1.0113 17.9560
576 312 -2.8316  3.7368 13.0189
600 312 -0.6680  5.2807 16.8816
624 312  0.2402  0.8716 20.6127
648 312  1.2627  0.3153 16.3675
672 312  1.7099  0.1384 16.7291
696 312  2.0509 -0.2032 15.1202
720 312  2.3769 -0.2725 18.5463
744 312  2.0043  2.7357 12.1475
768 312  0.9311  4.3333 14.8301
792 312  2.4460  0.3120 16.0432
816 312  2.8096 -0.0029 18.3470
840 312  2.3312 -0.0505 15.1299
864 312  2.1546 -0.7101 17.7373
888 312  2.5971 -1.1776 11.5240
912 312 -6.3696 -2.2154 13.1987
936 312 -7.7391 -2.6540 15.7178
960 312 -6.3214 -2.0718 13.7021
984 312  5.5631 -0.0732  7.5526
 24 336  0.0017 -0.0333 12.5436
 48 336  0.4779 -0.3843 15.0477
 72 336  0.0194 -0.3210 14.6281
 96 336  0.0133 -0.9601 15.3233
120 336  0.0742 -1.0985 18.2736
144 336 -0.4445 -1.4204 18.5737
168 336 -3.5121 -1.7454 16.1319
192 336 -4.7655  0.3419 10.4182
216 336 -5.6111  1.4220 16.6847
240 336 -5.0346  1.2426 18.1396
264 336 -3.9609  1.5518 14.6565
288 336 -5.1520 -0.5894 11.5143
312 336 -4.8566 -3.1270  9.5503
336 336 -6.8125 -6.8085  8.4521
360 336 -9.9585 -6.5321 11.1063
384 336 -11.0305 -6.6399 11.7082
408 336 -8.2378 -5.6041 12.6213
432 336 -7.7383 -5.9272 13.2404
456 336 -6.8360 -6.7135 10.1384
480 336 -6.1848 -5.0207 11.2987
504 336 -3.3980 -1.2224 14.1165
528 336 -2.8092  0.0522 15.8859
552 336 -4.2959  1.9153 16.7434
576 336 -3.6808  2.8680 16.7746
600 336  0.0811  1.2310 14.2325
624 336  1.9433  0.8801 18.5550
648 336  1.6318  0.4987 14.4793
672 336  1.6671  0.3484 16.0232
696 336  1.6406  0.1706 20.7870
720 336  1.4193  0.0723 17.4778
744 336  2.9487  2.4807 16.7791
768 336  4.3433  3.6560 17.2471
792 336  4.6275  2.1394 15.7512
816 336  3.9403  0.0121 14.8167
840 336  3.9606 -0.2125 16.6010
864 336  2.8715 -0.6671 16.2622
888 336 -2.0468  1.7209 10.2965
912 336 -5.6723 -1.3698 13.6262
936 336 -4.9376 -2.0591 13.0666
960 336 -5.3020 -3.7806 15.2582
984 336  5.6158  0.0343  7.7355
 24 360 -0.0070 -0.0167 12.6316
 48 360  2.2444 -4.3286 16.2460
 72 360  0.1798 -0.4159 14.6929
 96 360 -0.0549 -0.9057 14.7125
120 360 -0.1216 -1.3736 18.1040
144 360 -1.0860 -0.2211 16.0846
168 360 -2.8908 -0.0756 13.6183
192 360 -0.1976 -0.1142 10.0873
216 360 -3.5927  1.1309 13.9595
240 360 -2.6493  0.8738 16.1109
264 360 -3.5062  0.8493 11.1694
288 360  6.0582 -4.0224 14.2449
312 360 -1.4520 -2.1051  8.8029
336 360 -7.9698 -6.4250 12.4778
360 360 -8.2189 -5.5953  9.8137
384 360 -11.7413 -6.0296  8.8265
408 360 -7.3242 -5.0860 13.7852
432 360 -7.0812 -5.4926 16.2865
456 360 -6.4078 -6.4865 14.4903
480 360 -8.0993 -5.8158 16.4763
504 360 -6.5257 -1.8139 12.7072
528 360 -4.6209  3.2041 17.9459
552 360 -4.2167  3.3665 17.7674
576 360 -2.4755  1.3766 13.8943
600 360  1.7081  2.0148 15.6869
624 360  2.7959  1.2244 15.7022
648 360  2.8447  0.9422 14.5506
672 360  2.5195  1.2991 17.9927
696 360  1.9867  0.9768 16.8019
720 360  0.9053  0.2985 16.1657
744 360  1.3313  1.0883 15.5253
768 360  3.2239  2.5154 15.8907
792 360  4.3701  2.0694 14.9910
816 360  5.0141  0.1021 16.9214
840 360  4.9270 -0.2157 17.1860
864 360  3.6504 -1.1673 12.8257
888 360  2.2035  1.2982 10.4883
912 360 -3.5943 -0.1590 11.7572
936 360 -4.0033 -1.2122 22.1685
960 360 -3.7604 -1.1706 22.7193
984 360  5.5856 -0.0917  7.3314
 24 384 -0.0116 -0.0330 12.4675
 48 384  3.6960 -5.1103 12.5612
 72 384  1.6149  0.0644 13.3769
 96 384  0.2396 -0.9506 13.7424
120 384 -0.0678 -2.1710 13.8162
144 384 -0.4717 -0.2557 14.7575
168 384 -0.2689 -0.1162 13.7299
192 384  0.3626 -1.1069 14.3775
216 384 -4.1780 -0.6144 13.1388
240 384 -21.7382  1.4969  9.2359
264 384 12.7635 -3.8642 10.4777
288 384  6.3958 -3.6857 11.0972
312 384 -2.5086 -1.4481 14.8360
336 384 -6.9145 -3.7921 10.7942
360 384 -8.2235 -5.3738 13.1051
384 384 -8.9739 -5.2558 14.0538
408 384 -10.2859 -5.5100 11.3747
432 384 -7.6693 -4.1520 10.3992
456 384 -6.4299 -4.1191 12.0276
480 384 -7.4326 -1.2146 13.0038
504 384 -4.6056  0.4174 13.1135
528 384 -4.7317  3.1404 17.8552
552 384 -3.2152  3.0453 16.7284
576 384 -0.0862  0.3963 14.6759
600 384  2.2162  2.4820 17.6991
624 384  2.7362  2.9220 15.1850
648 384  3.4039  2.5203 14.8111
672 384  3.6826  1.6833 16.4224
696 384  4.0612  1.8072 15.7014
720 384  3.3535  3.8118 15.6616
744 384  2.0706  2.3739 13.2485
768 384  3.5259  1.0493 14.3431
792 384  7.0265  0.2573 12.0675
816 384  8.1862 -0.0199 11.7842
840 384  6.1762  0.1060 11.9209
864 384 10.2163 -2.5558 12.2533
888 384 10.0590 -1.9591  9.7669
912 384  3.6878  1.0697 11.1086
936 384 -3.0425 -0.3802 16.4911
960 384 -3.2102 -0.4318 18.6060
984 384  0.4564  0.0513  7.1928
 24 408 -0.0096 -0.0401 11.9071
 48 408  7.4699 -5.7983 12.4984
 72 408  7.2702 -2.0763 13.8921
 96 408  5.0403 -1.8665 13.8698
120 408  3.5951 -1.0838 15.6651
144 408  2.9745 -0.1566 15.2532
168 408  0.2568 -0.9295 16.6253
192 408  1.7534 -1.7190 13.7760
216 408 -5.2785 -1.1605 13.0050
240 408 -21.9239  0.8590  9.5068
264 408 13.0876 -4.7444 13.7669
288 408 -0.3312 -2.5428 15.3201
312 408 -1.3609 -2.2849 19.3361
336 408 -3.1378 -1.8384 14.6090
360 408 -8.8516 -6.3046 16.0486
384 408 -9.2809 -5.7002 20.2685
408 408 -8.4943 -3.7424 11.8879
432 408 -8.8231 -2.6600 12.2834
456 408 -5.9804 -0.3244 15.2345
480 408 -6.0827  0.4107 16.6556
504 408 -2.8566  3.9429 15.3632
528 408 -3.2930  2.0145 16.7023
552 408 -3.4243  2.2230 18.1779
576 408 -1.1631  2.6824 16.8738
600 408 -0.1784  3.4315 17.7056
624 408  1.3917  3.7424 16.0762
648 408  2.1922  2.9044 14.7002
672 408  3.8405  2.0163 16.3325
696 408  3.9346  2.0532 17.3199
720 408  4.0219  3.1927 11.8179
744 408  3.1064  3.2695 13.1797
768 408  3.2368 -0.6958 12.6301
792 408  7.7660  0.7946 15.5488
816 408  8.8288  0.1405 13.1258
840 408  9.0315  0.3082 10.7957
864 408  9.9153 -2.1444 12.9487
888 408  3.3023  0.6563  9.9295
912 408  3.2567  0.6652 17.7996
936 408 -1.7406  0.9354 14.0585
960 408 -3.8436  0.5407 19.9221
984 408  5.5351  0.0849  7.3891
 24 432 -0.0119 -0.0141 12.2277
 48 432  4.9329 -5.8424 12.9430
 72 432  5.2616 -3.6958 14.9820
 96 432  4.9901 -2.2619 14.9833
120 432  4.7348 -1.7892 20.1224
144 432  2.5307 -0.9485 19.1553
168 432  0.4956 -0.8164 17.6062
192 432  0.7762 -1.0475 15.4115
216 432  0.6470 -3.1327 14.8972
240 432  0.3100 -2.5668 12.6485
264 432  3.8193 -0.9077 10.6985
288 432 -3.7982 -3.7099 14.0261
312 432 -3.9622 -2.7937 18.7035
336 432 -5.2677 -0.8759 15.3996
360 432 -6.8356 -0.1552 12.6955
384 432 -12.0771 -0.8005  8.9606
408 432 -12.8941 -1.7027 19.3871
432 432 -12.9869 -1.2178 17.8958
456 432 -7.1781  0.7942 13.0147
480 432 -6.9249  0.3491 20.0772
504 432 -5.2390  0.6474 14.3562
528 432 -4.2823  3.2430 15.8784
552 432 -5.0440  2.9535 22.0678
576 432 -4.0368  2.6624 18.7059
600 432 -0.3622  3.5553 18.4574
624 432  0.5401  3.7594 18.0132
648 432  1.8736  3.0495 17.4766
672 432  3.9693  2.4470 15.5144
696 432  3.9518  2.3978 15.9617
720 432  4.3285  2.7557 17.4494
744 432  4.1404  0.5649 13.8366
768 432  2.5984 -1.4899 12.5465
792 432  2.9552 -0.0682 13.9224
816 432  3.1389  1.0515 12.6604
840 432  1.9125  0.9256 12.9556
864 432  1.2847  0.0087 13.6290
888 432  2.9084  0.4663 19.7957
912 432  1.9994  0.9363 23.2843
936 432 -1.7087  2.1817 20.7205
960 432 -1.8287  1.3232 17.7191
984 432  1.8132  0.0634  7.3548
 24 456 -0.0077  0.0033 12.4862
 48 456  5.5490 -4.2554 11.7807
 72 456  4.8470 -4.5095 15.2780
 96 456  5.1817 -4.6155 16.8311
120 456  3.5121 -3.0975 11.7988
144 456  1.4102 -1.4069 16.8485
168 456  0.4688 -1.0507 17.3979
192 456  0.1435 -1.9148 14.4972
216 456  0.0093 -2.9588 17.3721
240 456 -1.7939 -1.2945 17.1791
264 456 -4.6875 -3.7570 16.0324
288 456 -4.7424 -4.1011 17.7410
312 456 -5.0785 -3.3407 11.7073
336 456 -8.0128  1.4719 17.1364
360 456 -9.9658  1.2752 12.0939
384 456 -11.7245  0.3567 17.5038
408 456 -12.2601  0.0041 18.5414
432 456 -12.6020 -0.4438 19.4325
456 456 -11.0162 -0.0779  7.2796
480 456 -7.1133  0.4049 17.3787
504 456 -9.0274  0.4098 16.6627
528 456 -7.9932  1.9234 13.1560
552 456 -5.8024  3.6036 23.7122
576 456 -5.2804  3.7393 17.4889
600 456 -0.2070  2.0686 16.4911
624 456  2.2536  2.6014 15.6893
648 456  3.0366  2.6925 14.6515
672 456  5.5523  3.7509 13.9557
696 456  5.3460  3.7775 12.8687
720 456  2.7692  2.8851 13.8148
744 456  2.2664  3.8229 13.7088
768 456  2.4460 -0.3729 14.3998
792 456  0.3978 -1.0702 17.3279
816 456  1.8670  0.2771 16.6245
840 456  2.0839  0.7214 16.7017
864 456  2.1498  0.6840 17.3451
888 456  1.0144  0.3737 16.2231
912 456 -1.4710  2.2776 18.0016
936 456 -1.6367  2.1395 14.9676
960 456 -1.9745  1.2600 14.8942
984 456  5.5131  0.0138  7.4212
 24 480  0.0014 -0.0121 12.5023
 48 480  5.8084 -1.3130 12.7329
 72 480  5.9360 -4.7031 13.2630
 96 480  5.3062 -5.8628 14.4937
120 480  2.0894 -4.0238 14.0884
144 480  0.6567 -3.2744 16.6102
168 480  0.8661 -3.1608 19.1248
192 480  0.9560 -3.1893 20.7510
216 480  0.7238 -3.0242 16.0460
240 480 -5.8624 -1.3333 10.6467
264 480 -5.9738 -3.7869 13.7062
288 480 -5.6642 -4.3901 13.6477
312 480 -1.9022 -3.8145  8.3714
336 480 -6.3107  0.2160 15.4642
360 480 -8.0812 -0.1783 12.2291
384 480 -11.0842  0.5845 13.2823
408 480 -10.2371  0.1935 12.0357
432 480 -10.3358  0.0370 12.7612
456 480 -7.0371 -0.0127 13.6936
480 480 -5.1597  1.9341 13.4720
504 480 -4.7118  2.8272 13.1353
528 480 -5.1209  3.1391 13.3868
552 480 -8.0686  0.8317 13.0574
576 480 -2.8933  5.0183 21.3241
600 480 -1.4275  4.2366 16.3187
624 480  1.1125  3.6550 15.5989
648 480  0.6691  4.0185 13.8650
672 480  1.2860  3.4394 15.5643
696 480  3.4505  4.6132 14.3323
720 480  2.0173  4.3602 15.0652
744 480  3.6074  1.1200 15.8669
768 480  2.1048  0.0566 15.8203
792 480  0.0540 -0.8605 16.2542
816 480  0.3670 -0.4555 17.5992
840 480  1.8565  0.3134 17.1360
864 480  1.6313  0.8052 14.2775
888 480 -0.2460  1.9508 16.5272
912 480 -1.5494  1.8454 20.6244
936 480 -1.0188  3.5894 17.0664
960 480 -2.1681  3.4210 14.7996
984 480  5.5644 -0.0566  7.6473
 24 504  0.0038  0.0134 12.5231
 48 504  5.0829  0.0774 11.7488
 72 504  5.2205 -6.3699 14.8900
 96 504  4.7420 -6.2813 12.2753
120 504  2.6452 -3.4015 14.9919
144 504  1.7564 -3.4831 15.4903
168 504  1.1390 -4.6272 13.8316
192 504  1.5986 -3.2819 11.9210
216 504  6.2203 -4.8226 15.2994
240 504  9.3269 -3.0690 14.8533
264 504 -0.6361 -4.5739 12.8552
288 504  1.0128 -4.5337 16.5278
312 504  0.3361 -2.8709 13.7441
336 504 -2.3428  0.7819 16.2113
360 504 -3.8916 -0.5560 11.5015
384 504 -4.0708 -1.0259 15.3447
408 504 -3.2282 -0.5830 15.7264
432 504 -2.3149  0.0485 18.0939
456 504 -2.9527  0.2400 23.9922
480 504 -3.0617  3.7027 18.3233
504 504 -3.3173  4.5469 15.9668
528 504 -3.1453  4.5625 15.5292
552 504 -0.3577  3.4356 16.0167
576 504 -0.0373  5.0530 15.8251
600 504  2.0612  5.3568 13.7073
624 504  3.8389  7.9942 14.2014
648 504  0.3231  4.8085 13.7298
672 504  0.0149  4.0306 15.0357
696 504  1.0661  4.5812 12.2589
720 504  2.1801  4.1162 12.7206
744 504  3.0956  2.3223 16.3021
768 504  2.4920  0.7803 16.8933
792 504  0.5070 -0.6888 16.7935
816 504  0.6950 -1.1852 17.5282
840 504  0.1100 -0.0315 14.4710
864 504 -1.1131  0.4743 13.4565
888 504 -1.5519  1.8833 17.1690
912 504 -0.1175  3.0203 17.8571
936 504  0.1425  3.2800 18.5306
960 504  0.3601  3.1296 17.0704
984 504  5.5609  0.0455  7.7383
 24 528 -0.0016  0.0177 12.5184
 48 528  5.7304 -3.3492 17.4092
 72 528  4.8904 -5.3709 13.7166
 96 528  5.1562 -6.2017 16.7698
120 528  3.4309 -4.0393 13.4511
144 528  2.7613 -3.7349 15.3852
168 528  0.9192 -7.1078 10.4541
192 528  3.5226 -8.0947 12.0613
216 528  3.8909 -5.4673 19.7418
240 528  2.1152 -6.3990 17.7277
264 528 -0.3362 -5.1908 14.8387
288 528  0.5093 -4.9690 18.3779
312 528  0.1238 -4.2584 16.1988
336 528 -0.1995 -2.9120 13.3347
360 528 -0.6962 -0.3760 15.4426
384 528 -1.3061 -1.4075 16.7115
408 528 -2.0089 -1.7762 15.2695
432 528 -2.1060 -0.2343 17.5548
456 528 -3.2192  0.0894 20.1013
480 528 -2.6091  2.5678 16.6158
504 528 -2.5366  4.6922 18.5589
528 528 -1.4568  4.1494 17.1133
552 528 -0.1256  3.3755 17.2653
576 528 -0.3826  5.0534 12.5125
600 528  0.0807  5.1526 12.4785
624 528  1.2801  6.1188 13.2008
648 528  0.3048  5.8825 12.8919
672 528 -2.6991  2.9534 18.9220
696 528 -2.6146  2.6762 14.6649
720 528 -1.1663  0.5065 14.9473
744 528  3.0903  2.6672 17.6534
768 528  3.0684  1.7032 18.0519
792 528  2.7547  0.7197 17.7795
816 528  1.8420 -1.2335 17.0200
840 528  0.3805 -0.0876 13.9202
864 528 -0.0380  2.2430 14.6627
888 528  0.6794  2.6666 15.7766
912 528  0.6036  3.2467 18.1210
936 528  0.2952  2.9870 15.3841
960 528  2.6916  1.8271 13.0949
984 528  5.5102  0.0076  7.4742
 24 552  0.0150  0.0566 12.3070
 48 552  6.3554 -3.7328 16.2643
 72 552  6.2944 -5.5002 14.5454
 96 552  5.4975 -5.9563 17.5159
120 552  4.7477 -2.6286 11.3733
144 552  4.9058 -4.0451 11.1950
168 552  7.6691 -8.9126 11.4713
192 552  4.7047 -8.7598 11.5320
216 552  3.9810 -7.2906 13.8725
240 552  2.1194 -6.5937 16.4993
264 552  0.2319 -6.0320 17.7657
288 552 -0.4402 -5.4132 18.4682
312 552 -0.5722 -4.6268 18.0332
336 552 -0.9163 -3.7490 14.3760
360 552 -1.0393 -2.9673 15.2868
384 552 -0.6661 -2.2546 14.9629
408 552 -1.5713 -2.5783 17.5497
432 552 -2.7675 -1.7841 16.3507
456 552 -3.9022 -0.6403 18.2952
480 552 -3.9781  4.5523 13.0748
504 552 -3.5547  5.1063 14.6714
528 552 -1.2074  3.1203 16.1114
552 552  0.0454  2.8810 15.7770
576 552 -0.6323  6.3831 12.5894
600 552 -0.1916  5.1638 17.8496
624 552  0.5369  6.4221 14.0850
648 552  0.2723  6.7127 13.7220
672 552 -2.6519  3.0695 16.8178
696 552 -2.2670  1.8650 21.6038
720 552 -2.7744  0.7185 16.1034
744 552 -1.9834  0.0363 14.6868
768 552  1.9058  1.1809 13.2703
792 552  3.7442  0.2452 14.5245
816 552  2.9799 -2.5548 15.6565
840 552  1.8169 -1.2739 12.5575
864 552  8.1547 -0.9464  9.2739
888 552  0.9242  1.3846  8.7412
912 552  1.2528  0.3375 11.7672
936 552  4.7019  3.4943 13.1221
960 552  4.6243  2.5356 15.3860
984 552  5.5117  0.0189  6.9690
 24 576 -0.0093  0.0737 12.4160
 48 576  7.9190 -4.2746 14.9114
 72 576  6.0517 -5.6779 16.1709
 96 576  5.1061 -5.1295 12.5597
120 576  7.6046  2.2198 15.5446
144 576 -4.4656 14.0022  7.1488
168 576  5.0034 -8.8775  9.5881
192 576  4.9028 -9.6831 12.8817
216 576  3.1842 -9.7682 15.4153
240 576  1.2409 -6.6657 18.2238
264 576  0.1892 -6.3050 19.2461
288 576 -0.5555 -5.8960 15.9640
312 576 -1.8901 -5.6789 16.7247
336 576 -2.7186 -5.2084 17.6439
360 576 -1.7961 -4.0552 16.6771
384 576 -0.7764 -2.5123 19.0980
408 576 -0.9910 -2.3608 16.9708
432 576 -2.7534 -3.5429 12.4759
456 576 -3.8599 -0.6943 15.8612
480 576 -5.0983  3.8166 13.3227
504 576 -4.3771  5.3078 12.4668
528 576  0.3567  1.0404 12.3455
552 576  0.7913  9.9473 12.9782
576 576  1.3288  9.4090 15.9501
600 576  1.0415  8.1811 15.0435
624 576  0.6100  6.4294 14.3203
648 576  0.6254  4.2763 15.8720
672 576 -1.1102  2.5151 16.7625
696 576 -1.9143  1.5383 19.0943
720 576 -2.9086  1.0613 19.6553
744 576 -2.0873 -5.4938 12.2781
768 576 -1.0444  1.3217 10.6831
792 576  4.2262 -0.0567 14.3662
816 576  3.8792 -2.3052 15.2899
840 576  1.1442 -9.6269 13.4248
864 576  4.0373 -5.7404  8.1379
888 576  5.7900  0.0140 14.4060
912 576  5.5492  0.5141 13.0818
936 576  9.6608  9.1357 10.2442
960 576  1.9434  3.7956 13.7254
984 576  5.5694  0.1571  7.0535
 24 600 -0.0297  0.0079 12.8564
 48 600  5.0809 -2.9311 11.2604
 72 600  4.0642 -7.0667 16.1830
 96 600  3.8823 -7.2338 15.5637
120 600  1.9706 -7.8294 15.6706
144 600  2.1006 -9.1478 12.4572
168 600  3.4010 -9.4186 11.4896
192 600  3.1920 -10.4350 13.6272
216 600  3.0519 -10.1815 13.3289
240 600  0.1431 -6.5528 16.9321
264 600  0.0075 -6.1750 18.4589
288 600 -0.4028 -6.3551 18.6313
312 600 -1.7585 -5.6215 15.2558
336 600 -5.8478 -5.7416 14.2274
360 600 -2.9069 -4.5649 17.2786
384 600 -1.1329 -2.8853 16.4479
408 600 -1.1481 -1.6694 14.7066
432 600 -1.9348 -0.7109 14.6792
456 600 -4.0823 -0.5549 18.2996
480 600 -4.0837  0.0667 17.4553
504 600 -2.0966 -0.9660 16.5719
528 600  1.0858  0.2779 13.6211
552 600  1.6205  6.6662 13.5108
576 600  2.0233  8.8141 15.1715
600 600  1.7409  8.8358 13.5939
624 600  1.7988  6.2078 10.8869
648 600  0.3956  3.6928 19.8310
672 600 -0.8790  2.6617 23.4537
696 600 -1.7613  1.7310 20.3898
720 600 -2.9953  1.0885 18.6592
744 600 -3.8116 -1.2848 13.1999
768 600 -3.0875 -4.5065 10.5607
792 600  4.5098 -0.3180 18.7307
816 600  4.5393 -0.0790 14.5174
840 600  1.3330 -10.1032 16.1327
864 600  2.1720 -1.3252 11.0682
888 600  3.1208  0.2198 17.4603
912 600  4.1544  0.3389 13.6498
936 600  9.9646  9.3531  9.9876
960 600  0.4411  4.2435  7.7941
984 600  5.5955  0.1096  7.5843
 24 624 -0.0047  0.0248 12.5018
 48 624  9.0575 -6.4642 13.9630
 72 624  3.1487 -5.6509 15.1810
 96 624  2.7981 -5.9021 13.3159
120 624  2.4475 -5.8460 15.6428
144 624  3.4163 -7.2420 12.9412
168 624  3.3914 -8.4372 13.5551
192 624  2.8022 -11.0711 14.7662
216 624  3.9099 -11.8210 12.7882
240 624  0.0214 -6.3428 12.2923
264 624 -2.6488 -7.2821 14.3893
288 624 -1.2651 -6.1825 14.4316
312 624 -0.2384 -4.2002 15.1588
336 624  0.3117 -3.4132 13.3958
360 624 -1.8938 -5.0467 17.2723
384 624 -1.1650 -5.1158 18.6828
408 624 -1.5729 -0.0244 14.8127
432 624 -1.7981  0.0669 16.5709
456 624 -3.7915 -0.8100 19.7159
480 624 -3.2169 -0.1702 20.0548
504 624 -1.0978  0.1660 17.7503
528 624 -2.0045  1.4270 15.2855
552 624  1.7812  5.1209 16.0132
576 624  1.9945  7.1188 15.8235
600 624  1.9096  7.2936 14.3212
624 624  5.9334 14.1589 16.4058
648 624 -0.4720  2.9464 14.7028
672 624 -0.9210  2.7123 20.4845
696 624 -1.1036  2.7503 19.1096
720 624 -4.0620  0.2695 16.7207
744 624  0.2683 -9.2764 11.1509
768 624  7.9686 -1.6264  9.4669
792 624  5.1788 -1.0081 15.6250
816 624  4.6437 -0.3984 16.0031
840 624  4.0404  2.8987 12.2165
864 624  2.0436  0.7975 13.6611
888 624  1.9993 -0.0512 25.1180
912 624  2.0990 -0.2458 19.9830
936 624  3.8513  4.6724 12.2948
960 624  4.2890  4.2106 12.8522
984 624  5.5590 -0.0176  7.9728
 24 648 -0.0174 -0.0062 12.4729
 48 648  6.1587 -6.8380 13.8028
 72 648  2.0968 -5.8544 14.6291
 96 648  4.0832 -6.2947 15.6775
120 648  4.4807 -5.3462 15.5749
144 648  6.0208 -3.9298 14.6238
168 648 10.3071 -6.0415  7.5066
192 648  7.7651 -10.9584 17.0601
216 648  9.0814 -7.1186 10.3342
240 648  6.0820 -6.0672 12.2731
264 648  1.8784 -6.0142 16.7235
288 648  1.5869 -6.0637 19.3764
312 648  0.1205 -5.1826 17.7264
336 648  1.2437 -3.3336 16.0523
360 648  0.1554 -1.3984 13.0951
384 648 -1.4934 -3.1261 13.9032
408 648  0.0889  0.8044 20.9453
432 648  0.1979  0.6571 20.5125
456 648 -2.2430  0.4277 18.3400
480 648 -2.4352  0.7667 20.6438
504 648 -2.2832  0.5467 18.3867
528 648 -2.2498  1.0216 15.0621
552 648 -2.0451  1.1781 16.7607
576 648  0.3527  6.7003 18.2557
600 648  0.7148  6.9079 14.3081
624 648  5.7182 13.0987  8.7645
648 648 -0.7351  2.6657 12.3682
672 648 -1.4426  2.4146 20.6688
696 648 -1.0233  2.5956 14.7196
720 648 -0.2672 -1.0973 11.7675
744 648  0.0386 -3.0871 12.6539
768 648  0.2056 -5.9208 10.1698
792 648  4.0002 -1.6117 11.2176
816 648  2.8615 -1.2143 16.7747
840 648  4.0176 -0.6181 14.4902
864 648  4.9128  2.7811 15.2922
888 648  2.2878  0.2417 15.1142
912 648  1.9040  0.2274 10.6790
936 648  2.9844  5.0280 18.2659
960 648  3.8269  3.9619 20.5679
984 648  5.5064 -0.0273  7.4471
 24 672 -0.0142 -0.0200 12.3860
 48 672  2.2249 -6.2271 17.4877
 72 672  1.4193 -6.0362 18.7959
 96 672  1.1442 -6.3515 17.5290
120 672  3.8741 -6.0261 10.7729
144 672 10.9533 -7.8176 11.0910
168 672 12.4937 -6.1250 12.9555
192 672 12.2452 -4.9034 12.8281
216 672 10.1274 -6.3223  9.5537
240 672  9.7635 -7.0488 11.9824
264 672  0.4365 -5.8779 12.6547
288 672  1.5617 -6.4501 18.6153
312 672  1.7975 -5.8515 17.3475
336 672  2.3761 -4.4954 15.5098
360 672  4.0283 -1.0825 15.9285
384 672 -0.0833  2.6523 11.2344
408 672  0.6131  2.0261 26.1746
432 672  0.9669  1.9144 23.2759
456 672 -0.3655  0.8822 16.7962
480 672 -2.0881  1.5333 21.8440
504 672 -2.6456  0.4910 17.9127
528 672 -2.1669  0.7680 16.3909
552 672 -1.9693  1.1863  9.5544
576 672 -0.9075  4.5269 11.1317
600 672 -3.9413  3.2492 18.9972
624 672 -4.7342  4.0201 11.4595
648 672 -0.2441  3.5905  6.8373
672 672 -1.2279  2.1236 11.8561
696 672 -4.9868  4.1361 12.3084
720 672 -3.9125  2.7494 13.7867
744 672 -1.9945  1.7153 14.3836
768 672 -2.8741 -5.1011 10.6002
792 672 -0.0777 -3.7222 12.7023
816 672  1.8664 -1.6269 18.7523
840 672  2.8554 -0.6553 15.1724
864 672  5.0035  3.6856 13.8643
888 672  4.9492  3.6725 11.8336
912 672  2.3331  7.6377 15.1074
936 672  1.3503  6.7258 16.1662
960 672  2.0103  4.9964 16.7372
984 672  5.5577  0.0679  7.4184
 24 696  0.0086  0.0243 12.3906
 48 696  4.0171 -5.0043 10.9603
 72 696 -1.8478 -3.3465 13.9418
 96 696  0.3086 -4.8114 13.0875
120 696  6.0124 -7.4396 14.0414
144 696  5.4932 -7.1500 18.0147
168 696  6.1582 -7.3722 13.9300
192 696 12.6102 -4.3537 12.1356
216 696 16.1822 -8.4736 14.8262
240 696 15.7912 -8.9936 12.4009
264 696 10.7974 -1.3711 13.2812
288 696  9.7321 -0.2938 16.9223
312 696  3.1713 -3.9312 13.2170
336 696  3.1817 -2.4900 12.2911
360 696  5.0505  0.6957 14.5171
384 696  6.6594  0.2412  9.7954
408 696  0.1393  2.4323 16.6979
432 696  1.8135  3.6869 17.9029
456 696  2.2475  4.1100 16.1581
480 696  3.1749  4.1055 12.7084
504 696  3.2808  4.0862 11.8659
528 696 -2.1711  1.2851 10.0811
552 696  4.9327  9.3502 10.9126
576 696  5.4942  9.3070 11.3368
600 696 -2.8733  1.5762 11.8397
624 696 11.7313 12.2812  8.4243
648 696  8.8678 13.6868 13.9225
672 696  1.1969 12.9504 15.0601
696 696  0.0988 11.1056 13.1782
720 696 -2.7689  4.4147 13.6791
744 696 -1.8374  4.2384 13.4149
768 696 -1.6641 -2.3201 10.3542
792 696  0.1347 -3.1722 13.7268
816 696  1.7749 -2.0571 19.3171
840 696  3.1411  0.2852 14.3027
864 696  3.8347  3.6127 22.6310
888 696  3.1153  4.3330 19.2373
912 696  2.7567  6.1600 12.4751
936 696  0.8476 10.0472 12.5037
960 696 -0.2457  9.0213 12.3340
984 696  5.5746 -0.0186  7.6743
 24 720 -0.0017  0.0148 12.5519
 48 720 -2.3280  1.1799 14.6910
 72 720 -1.7559 -1.2277 20.3495
 96 720 -1.9458  0.0140 10.0005
120 720  5.9733 -6.1731 13.8248
144 720  5.7129 -6.6427 15.6995
168 720  5.9538 -7.3259 14.1812
192 720  5.9333 -8.3258  9.9031
216 720 -0.1103 -6.2047  7.9999
240 720  0.0259 -6.3281  9.4723
264 720  9.1412 -0.6102 17.1637
288 720  9.3755 -0.1486 21.1535
312 720  8.5285 -0.7059 16.3274
336 720  8.8123 -1.2418 18.8111
360 720  4.2676  5.9388 14.2397
384 720  5.5903  7.4818 12.9849
408 720  5.8693  9.3702 15.0884
432 720  5.9160  9.1283 13.5429
456 720  3.7435  4.7774 14.8114
480 720  4.0344  4.7004 15.7104
504 720  4.3760  4.7323 16.9678
528 720  4.9589  9.8731 14.7969
552 720  6.5357  9.3492 17.4716
576 720  7.1854  9.6559 17.2966
600 720  5.3035  6.0163 13.4317
624 720  2.2955 -5.8661  5.8858
648 720  2.1097 12.7750 11.8311
672 720  1.7568 12.2476 14.8080
696 720  0.6800 11.0794 13.3031
720 720 -2.2049  5.1702 11.9123
744 720 -0.5801  4.2271 12.2111
768 720  2.6588  1.2066 15.0704
792 720  2.3151 -0.2259 16.5941
816 720  2.9165 -0.3095 19.7805
840 720  3.5845  1.3159 15.3501
864 720  3.6830  4.0734 25.8033
888 720  2.9352  4.6503 20.7058
912 720  2.3587  9.4186 12.9984
936 720  3.1381 12.3436 17.6368
960 720  3.1179 12.3002 13.8049
984 720  5.5503 -0.0302  7.5661
 24 744 -0.0063 -0.0009 12.3598
 48 744 -1.2274 -0.3971 16.0391
 72 744 -1.6723  0.2318 14.5286
 96 744  6.2713 -4.2849 11.2845
120 744  6.9650 -7.0317 16.8336
144 744  5.8985 -6.7617 15.9334
168 744  5.9804 -7.0437 18.3278
192 744  0.7327 -4.2056 12.2542
216 744 -0.1758 -5.3251 19.7465
240 744 -1.8065 -6.0107 15.5233
264 744 -0.1859 -5.5535 14.5564
288 744  9.0461  0.0890 19.5523
312 744  6.9560  0.0420 15.3698
336 744  6.2708  0.2058 16.7430
360 744  4.4792  6.6510 13.9866
384 744  4.9955  7.5283 16.6669
408 744  4.8853  9.1693 12.1743
432 744  5.3782  9.3776 17.1301
456 744  5.1624  9.2937 11.4825
480 744 -8.0358 -4.9470 19.9842
504 744 -8.2348 -5.1009 22.0634
528 744  5.3003 10.0486 16.0007
552 744  6.1729  9.7914 19.5100
576 744  7.7667 10.5023 19.5298
600 744  6.2208  6.8644 13.6539
624 744  3.2222  8.7710 10.4449
648 744  1.9944  8.4283 11.9666
672 744  2.0306  9.0768  9.9895
696 744  2.8916 10.3078  9.5533
720 744  1.5798  7.9299 11.3128
744 744  2.1737  2.0194 15.5907
768 744  2.2796  1.7238 16.6742
792 744  2.0627  0.1499 14.1239
816 744  2.9167 -0.3758 18.1077
840 744  2.8087  0.2524 14.6427
864 744  2.3295  2.6033 12.9012
888 744  3.2760  5.2609 12.0815
912 744  2.9044  7.3132 12.5876
936 744  4.7186 11.4399 14.6471
960 744  4.3416 11.2904 18.7313
984 744  2.0342  0.0344  7.3571
 24 768  0.0454 -0.0158 11.8035
 48 768  7.4709  5.8251 17.5536
 72 768  4.9960 -5.6410 11.3132
 96 768  7.5206 -3.9621 17.3792
120 768  3.7358 -8.6115 10.8317
144 768  2.9116 -7.6691 13.9751
168 768  2.8788 -6.3928 11.7934
192 768 -0.5925 -4.5935 16.3161
216 768 -0.8003 -4.8372 16.5557
240 768 -1.7984 -4.2350 13.0286
264 768 -1.9988 -3.8093 12.9211
288 768  1.0000  1.0000  8.0797
312 768  4.1578  0.7445 15.7797
336 768  5.0362  0.6268 20.6480
360 768  3.2845 -0.5948  9.7082
384 768 -1.1304  4.9313 16.0997
408 768 -1.6922  4.1723 12.6985
432 768  5.0772 10.0347 12.8072
456 768  5.2177  9.3795 10.0907
480 768 -5.2066 -7.7807 17.5357
504 768 -7.8723 -5.9822 13.2002
528 768 -7.1439 -2.2695 17.8191
552 768 -4.9447 -2.2853 16.0549
576 768  5.0321  9.0852 14.3384
600 768  2.0191  4.0031 12.0312
624 768  4.0783  5.4855 12.4064
648 768  4.9623  6.3391 11.2529
672 768  4.6586  6.8382 15.6241
696 768  4.2412  8.0019 14.0857
720 768  2.3899  1.6126 12.3917
744 768  2.2277  2.4568 15.1132
768 768  1.7843  3.0489 17.0875
792 768  0.6153  1.7275 16.3710
816 768 -0.2935 -0.0363 15.5403
840 768  1.2561  1.1812 15.0709
864 768  1.3304  2.7483 14.7666
888 768  5.5910  5.1239 11.4799
912 768  5.1403  6.5213 15.4780
936 768  4.8432  8.0595 12.2203
960 768  6.6937 10.9894 15.3246
984 768  4.5613  0.0152  7.2395
 24 792  0.0430 -0.0051 11.9482
 48 792  6.4263  4.1328 14.6216
 72 792  3.9063  3.2022  9.3150
 96 792  5.0570 -5.1655 13.3886
120 792  1.9268 -7.7640 14.3911
144 792  2.3502 -7.6617 15.0931
168 792 -0.7375 -0.2310 10.2690
192 792 -4.3858  1.9578 15.9599
216 792 -0.2526 -2.2764 10.6329
240 792  0.8500 -13.5658 11.8145
264 792  0.2347 -13.5794 11.3286
288 792 -0.7058 -11.6499 14.9339
312 792  0.2314 -0.0824 11.2481
336 792  4.1443  0.0366 12.9103
360 792  2.0187  2.8982 11.0317
384 792 -0.1206  6.0520 11.3160
408 792 -0.2342  6.1651 16.7090
432 792  1.0000  1.0000 12.5225
456 792  1.1190 -4.1760  8.7857
480 792 14.3233 12.1433 20.2442
504 792 16.8941 10.6803 11.4306
528 792 10.1391 15.1366  8.9124
552 792  9.1189 16.1334 12.8690
576 792  4.3274 11.5958 19.6112
600 792  2.0327  4.0985 19.6340
624 792  1.9472  4.0630 19.4281
648 792  3.4707  8.0602 11.1925
672 792  3.8787  7.5687 16.0056
696 792  3.0135  7.0621 14.4477
720 792  2.9898  0.3110 13.0275
744 792  3.9265  2.8447 14.8441
768 792  3.9543  2.9542 16.7336
792 792  1.8381  4.1489 16.5184
816 792 -2.2080 -1.6148 14.3638
840 792  0.6181  2.0474 16.0516
864 792  0.7213  2.8994 16.7649
888 792  0.8208  3.3230 12.0014
912 792  6.9565  6.3051 12.9398
936 792  7.1625  6.1815 16.9670
960 792  6.8970 10.9025 14.8084
984 792  5.5856  0.0211  7.6906
 24 816 -0.0095  0.0060 12.7503
 48 816  3.1240  3.0237 19.6089
 72 816  3.9487  1.8837 17.5363
 96 816  2.8614 -0.7611 15.3559
120 816  2.1564 -3.0996 14.1600
144 816  4.1680 -7.6829 13.0393
168 816 -2.9030  2.2721 10.5351
192 816 -5.6768  0.2121  9.8454
216 816  1.9170 -13.8479  7.3534
240 816  1.1290 -14.8742 14.6600
264 816  0.1504 -14.7349 11.6250
288 816 -5.7153 -11.7270 12.8544
312 816 -3.7900 -5.2112 12.2557
336 816 -4.0517 -4.8036  8.7983
360 816 -4.2408 -0.5052 12.3736
384 816 -13.7592 -7.0440  8.7373
408 816 -14.7374 -9.8637 12.5455
432 816 -6.9963 -1.9421  9.5011
456 816 -7.8263 -1.0733 13.2126
480 816 -7.8897 -1.4370 15.6838
504 816  0.5801  1.9361 11.3270
528 816 10.9693 12.6605 11.1992
552 816 10.7390 13.0920 14.6667
576 816  3.0411  4.8652 12.5410
600 816  1.9814  4.5734 16.2653
624 816  2.0758  4.5691 18.7540
648 816  2.3526  4.1156 12.3716
672 816  3.3638  7.2874 13.0060
696 816  2.7928  6.8499 12.2572
720 816  3.9467  4.1680 15.3109
744 816  3.0947  0.2960 17.5667
768 816  4.9909  1.9408 18.1951
792 816  4.0148  3.8501 13.3232
816 816  3.0882  4.3615 13.9917
840 816  1.9822  3.7181 14.9231
864 816  1.7985  2.2997 16.6397
888 816  3.0459  1.2391 11.3298
912 816  8.4055  5.3126 12.2592
936 816  8.5564  6.6307 12.8374
960 816  8.0205 10.5147 10.5736
984 816  5.5854 -0.0090  7.5281
 24 840 -0.0222  0.0221 12.8500
 48 840  8.8786 -0.2439 18.5887
 72 840  3.2050  1.5941 11.2141
 96 840  2.1929 -3.0045 15.8345
120 840  4.8959 -2.6553 11.2098
144 840  4.0713 -2.2176 12.8052
168 840  4.0008 -5.9024  9.5199
192 840  3.6411 -7.9998 12.2474
216 840 -2.3120 -3.4859  9.6445
240 840 -5.7395 -16.3343  9.2888
264 840 -6.0255 -14.8579  9.9514
288 840 -6.6392 -13.6359  9.3603
312 840 -5.9974 -17.5696  8.5256
336 840 -9.2598 -6.9938  6.8974
360 840 -8.0150 -2.0651 11.9751
384 840 -14.0850 -8.7325 13.0387
408 840 -13.8954 -9.5504 17.2776
432 840 -13.8639 -8.0187  9.2577
456 840 -8.4199 -0.9635  8.9551
480 840 -8.0137 -0.2693 13.8874
504 840 -6.7613 -9.0059 11.3974
528 840 -3.7663 -8.9717 15.0524
552 840  3.2757  4.8515  8.8720
576 840  3.1988  5.0025 18.5092
600 840  2.2812  4.9362 13.1968
624 840  2.5322  5.3686 13.0335
648 840  1.9839  7.3810 13.9161
672 840  1.3272  8.1630 16.5932
696 840  0.6521  4.1611 15.0293
720 840  2.0699  4.6066 13.3763
744 840  2.7205  0.9477 16.6168
768 840  2.1233  0.6474 22.9212
792 840  1.6653  0.6924 15.7880
816 840  7.0351  1.1610 13.6248
840 840  1.9456  5.8361 14.3483
864 840  3.5198  4.0147 14.9646
888 840  4.5653  0.4350 13.8685
912 840  5.0737  0.3843 11.6533
936 840  8.2298  7.6729 10.9840
960 840  9.1741  9.7175 15.2322
984 840  5.5787  0.1433  7.5007
 24 864 -0.0047  0.0178 12.6515
 48 864  8.3018 -1.2524 18.8090
 72 864  4.7275 -1.4337 12.2349
 96 864  4.0645 -4.1714 15.3788
120 864  3.8285 -4.0130 13.9708
144 864 10.1127 -3.2446 11.3849
168 864 10.0312 -3.1156 15.4318
192 864  4.8877 -3.0938  7.0655
216 864 -2.9388 -3.8141 15.1637
240 864 -2.3673 -6.8175  9.3589
264 864 -7.2972 -11.2700  9.4113
288 864 -9.5439 -18.5119 11.8438
312 864 -7.5391 -19.0454 11.1950
336 864  8.6836 -16.2879  7.9201
360 864 -10.3569 -4.9684  7.8527
384 864  1.0000  1.0000  9.3341
408 864 -4.2966 -11.9512 11.5148
432 864 -10.8841 -7.6935 18.1432
456 864 -9.2352 -7.2578 16.8535
480 864 -3.7449 -2.7485 15.7089
504 864 -0.2898 -4.9591  9.4195
528 864 -2.3985 -9.3434 10.4105
552 864 -3.3686 -1.2562 12.6355
576 864 -3.6452 -1.0649 15.0046
600 864 -1.2059  7.7191 14.8521
624 864  0.1402  7.2118 12.6995
648 864  0.4852  6.6955 14.1721
672 864  0.5850  6.3236 13.3966
696 864  1.6298  5.7348 13.5139
720 864  1.9577  3.3762 12.7890
744 864  1.9138  0.4924 18.6897
768 864  1.7904  1.2393 21.7342
792 864  0.0915  1.5557 22.8133
816 864 -0.0331  0.4227 19.4868
840 864  0.2695  0.3434 13.4117
864 864  3.4317  3.7395 15.7670
888 864  4.4130  0.2550 16.7072
912 864  6.0137  1.5098 17.5762
936 864  6.1914  1.5752 20.2982
960 864  7.8691  9.3018 12.9559
984 864  5.5898 -0.0286  7.8291
 24 888  0.0295  0.0546 12.3294
 48 888  2.1409  1.6366 16.3656
 72 888  3.8962 -0.7239 13.8968
 96 888  4.0871 -4.5749 16.8648
120 888  5.3707 -5.8603 12.7851
144 888  6.8220 -7.0820 11.2673
168 888 10.0766 -3.2714 14.0538
192 888  3.4964 -2.0737 11.2786
216 888 -5.6693  0.4070 10.2632
240 888 -8.6684  1.9978  9.4031
264 888 -8.3792 -11.9542 10.6786
288 888 -7.7810 -12.0327  9.8161
312 888 -2.0113 -11.7894  8.2966
336 888 -9.3016 -6.8986  9.1561
360 888  1.0000  1.0000  7.1557
384 888 -15.7433 -0.0737 11.5411
408 888 -7.9981 -8.7043 10.3337
432 888 -10.2324 -9.1471 18.1370
456 888 -9.4957 -9.2291 17.5094
480 888 -6.6895 -7.1477  9.4476
504 888 -0.6819 -8.2524 11.7588
528 888 -0.9705 -8.9817 11.5252
552 888 -0.2813 -0.2731 14.7083
576 888 -1.6594 -0.3619 18.7490
600 888 -0.3061  7.3569 15.9807
624 888 -0.1564  7.3818 12.4417
648 888  1.8667  5.4645 11.0717
672 888  1.8683  6.6385 11.8695
696 888  2.3041  6.0736 13.6531
720 888  4.6246  0.6411 13.9633
744 888  3.6355  0.7866 15.3324
768 888  1.3647  1.3242 18.7077
792 888  0.0964  0.3327 18.1855
816 888 -0.0277  0.3091 21.3426
840 888  0.6435  2.8102 13.1054
864 888  3.8950  0.3714 13.1702
888 888  4.3592  0.3937 17.5943
912 888  4.9587  0.1512 16.3249
936 888  6.1658  1.5123 15.3727
960 888  6.4983  2.5932 15.2782
984 888  2.2802 -0.0145  7.2001
 24 912  0.0346  0.0215 12.0691
 48 912  1.1812 -1.5832 15.2359
 72 912  1.1303 -2.1117 12.6864
 96 912  5.0098 -4.7733 10.7791
120 912  6.8733 -10.9602 14.9666
144 912  9.0047 -14.0348 10.3286
168 912 -38.9824  8.3374  7.0227
192 912 13.9713  9.1152 10.5836
216 912 -6.4805  3.2622 15.3918
240 912 -6.1047  4.7804  9.5128
264 912 -15.8457 -10.9818 10.5194
288 912 -8.9933  6.5594 15.6166
312 912 -6.6934  6.0311  8.5569
336 912  0.1865 -9.9803  6.6636
360 912 14.3354  1.0337  8.0662
384 912 -33.4281 -4.9461 17.0245
408 912  9.9285  6.1204  7.9453
432 912 -35.1438 41.2746  7.2189
456 912 -7.9694 -10.9976  6.6001
480 912 -4.9339 -10.1463 10.9381
504 912 -1.6862 -11.1214  9.8028
528 912  2.0962 -14.3937 10.7939
552 912  0.2669  0.9743 16.5962
576 912  0.1003  1.4451 17.9032
600 912 -0.3053  6.7835 15.5306
624 912 -1.7227  7.7982 10.3834
648 912 -12.0794 -6.7944  9.9600
672 912  6.9193 -22.8414  6.1010
696 912  6.1443  1.0487 13.3199
720 912  5.7752  0.8006 16.1150
744 912  5.6314 -0.0290 19.1041
768 912  0.9215  1.9229 16.2982
792 912  1.0259  2.2540 19.7201
816 912  1.3683  4.1836 17.6619
840 912  1.5569  6.7780 13.3421
864 912  2.0019  5.8356 11.0958
888 912  4.9730  0.8665 18.7145
912 912  4.9604  0.3438 17.4170
936 912  4.5632  0.1242 14.7662
960 912  6.3179  2.5213 16.6323
984 912  1.9623  0.0329  7.1856
 24 936  0.0154 -0.0137 11.9757
 48 936  3.1224 -4.9798 10.6704
 72 936  4.8165 -5.6025 16.7049
 96 936  5.6122 -6.6848 12.8160
120 936  0.1100 -14.5519  7.2211
144 936  1.6704 -20.0361  6.4458
168 936  2.2052 -20.2133  9.1521
192 936  8.4747 -4.8521 10.6423
216 936 11.9678 -4.7780  8.3588
240 936 -23.2696 18.1660  6.1049
264 936 -17.0838 -14.2803 11.6330
288 936  5.9448 12.7809  6.8761
312 936 12.8804 25.6072 12.5293
336 936  6.9019 24.7336  8.2749
360 936 -14.2651 -28.0957  9.5262
384 936 -32.5181 -9.5150 17.2306
408 936 10.6073  6.6393 15.7566
432 936 -4.1481 -5.3540  6.4346
456 936 -9.0992 -12.9325  8.7652
480 936 -8.1041 -13.0723  9.5198
504 936 -24.0768 11.8533  7.0603
528 936  3.1852 -19.2208 11.4971
552 936  2.0613  2.0347 12.2994
576 936  1.3731  3.1376 14.5615
600 936 -2.9439  3.2898 13.0251
624 936 -2.6622  5.0505  9.3292
648 936  0.3791  6.3453  9.1866
672 936 23.2563 17.3926  6.8333
696 936  6.2501  1.2930 16.1516
720 936  6.2267  1.0514 15.2776
744 936  5.9645  1.1884 13.5642
768 936  0.6875  2.2409 13.3421
792 936  0.8000  2.0249 20.4933
816 936 -3.1640  4.9366 16.2709
840 936 -4.2954  5.9183 14.8762
864 936  3.0912  4.9901 12.4128
888 936  4.0106  0.1281 17.0258
912 936  4.4207 -0.1494 19.4671
936 936  4.5416 -0.1437 15.6024
960 936  3.0993 -0.7309 14.3127
984 936  1.0833  0.0205  7.1892
 24 960  0.0021 -0.0230 12.3422
 48 960  5.4580 -3.0739 15.4343
 72 960  5.5220 -4.4597 19.6066
 96 960  6.0843 -8.0834 11.3960
120 960  2.8223 -13.1981 12.3536
144 960  1.1781 -20.9014 11.3113
168 960  2.5012 -21.1716 10.0159
192 960  7.9768 -4.5304 12.4704
216 960 -4.8068 -17.3677  8.9193
240 960 -7.3013 -18.1982 10.5644
264 960 11.8361  6.2233  9.0536
288 960  1.0000  1.0000  6.8079
312 960  3.2678 -7.3126  6.0055
336 960 -20.0195 -18.6644 16.1914
360 960 25.8402 -8.6845  9.7990
384 960 -16.8064 -5.3607 12.0621
408 960 11.5806  1.1054 16.3937
432 960 -4.2695 -5.7248  9.8509
456 960 -5.4558 -6.8899 12.3855
480 960 -8.1261 -13.3518  8.7709
504 960 -7.4010 -13.7997 10.2822
528 960  1.8588 -16.8958  8.4149
552 960  4.5818  2.6592 16.5089
576 960  3.9306  2.3067 14.1408
600 960 -2.3435  1.3148 15.0770
624 960 -10.9881 -11.2614 11.0367
648 960 10.7719 11.7221  7.0251
672 960  6.2863  4.2535 10.3068
696 960  6.2101  1.4559 18.1339
720 960 -24.2403 -22.6744 10.5180
744 960 28.2578  0.1393 10.1993
768 960  4.4124  9.9750 11.4374
792 960  1.1461  2.0609 14.7801
816 960 -4.2653  5.8685 20.2095
840 960 -3.8993  6.2713 13.1918
864 960  2.7290  3.5785 14.6581
888 960  4.8829  1.0561 17.3024
912 960  5.5697  0.0558 17.8405
936 960  4.2561 -1.1311 14.0153
960 960  3.1130 -1.1511 14.0791
984 960  2.8638 -0.0386  7.3765
 24 984 -0.0090 -0.0233 15.1465
 48 984  0.0932 -0.0144 12.4036
 72 984  0.1217  0.0015 12.5921
 96 984  0.0435  0.0006 12.7543
120 984 -0.0020 -0.0122 12.6830
144 984 -0.0059 -0.0193 12.0008
168 984  0.0056 -0.0217 11.7946
192 984 -0.0224 -0.0286 12.1036
216 984 -0.0403  0.0058 12.4781
240 984  0.0092  0.0134 12.4789
264 984  0.0102 -0.0114 12.0406
288 984 -0.0242 -0.0106 11.9622
312 984 -0.0121  0.0031 12.3017
336 984 -0.0129  0.0155 12.5393
360 984 -0.0512  0.0109 12.6448
384 984 -0.0137  0.0074 12.4975
408 984  0.0233  0.0184 12.4725
432 984 -0.0390  0.0138 12.4427
456 984 -0.0391 -0.0157 12.2047
480 984  0.0116 -0.0267 12.1581
504 984 -0.0399  0.0019 12.6846
528 984 -0.0395  0.0192 12.8300
552 984  0.0274  0.0104 12.5323
576 984  0.0573  0.0012 12.4775
600 984 -0.0844 -0.0154 12.5811
624 984 -0.0908 -0.0239 12.0251
648 984  0.0233  0.0151 12.3640
672 984  0.0486  0.0178 12.2895
696 984  0.0538 -0.0156 11.8505
720 984  0.0050 -0.0093 12.2933
744 984 -0.0129 -0.0056 11.4217
768 984  0.0667  0.0049 11.6234
792 984  0.0229  0.0106 12.5949
816 984 -0.0308  0.0010 12.7462
840 984  0.0229 -0.0009 12.6101
864 984  0.0324 -0.0039 12.1619
888 984  0.0554 -0.0110 11.9966
912 984  0.0508 -0.0118 12.2465
936 984  0.0954 -0.0116 12.2299
960 984  0.1337 -0.0126 12.5781
984 984  4.6242 -0.0194 11.2603
