 24  24  0.0453 -1.6133 12.8450
 48  24 -0.0248 -1.6197 10.1180
 72  24 -0.0349 -1.6277  9.7299
 96  24 -0.0792 -1.5787  9.6714
120  24 -0.0849 -1.6322 10.0390
144  24 -0.0143 -1.6662 10.1814
168  24 -0.0673 -1.6952 10.2128
192  24 -0.0100 -1.7383 10.6133
216  24 -0.0335 -1.6730 10.5283
240  24 -0.1135 -1.6366  9.9468
264  24 -0.1249 -1.6253 10.0623
288  24 -0.1044 -1.5894 10.1252
312  24 -0.0822 -1.6293 10.1757
336  24 -0.0610 -1.6112 10.2177
360  24 -0.0451 -1.5926 10.2560
384  24 -0.0352 -1.6941 10.4905
408  24  0.0180 -1.6817 10.3943
432  24 -0.0290 -1.5700  9.8845
456  24 -0.0040 -1.5760  9.9595
480  24  0.1065 -1.6098 10.0103
504  24  0.1028 -1.5616  9.3900
528  24  0.0833 -1.5586  9.7232
552  24  0.0588 -1.6088 10.3076
576  24 -0.0567 -1.6037 10.0622
600  24 -0.0264 -0.4226  9.6612
624  24 -0.0695 -0.4265  9.5672
648  24 -0.0325 -1.6512 10.0663
672  24 -0.1065 -1.6652  9.8455
696  24 -0.1176 -1.7125 10.3114
720  24  0.0041 -1.7189 10.3727
744  24 -0.0518 -1.6757  9.9172
768  24 -0.0255 -1.7055 10.0703
792  24  0.0474 -1.6720 10.3621
816  24  0.0001 -1.6080  9.9317
840  24  0.0117 -1.5792  9.6964
864  24  0.0244 -1.5540  9.6877
888  24  0.0188 -1.5457  9.8760
912  24 -0.0460 -0.4473  9.8425
936  24 -0.1004 -0.4580  9.9121
960  24 -0.0761 -1.6247 10.5265
984  24  0.5271 -1.7515 10.5439
 24  48  0.0175 -0.0375 12.3381
 48  48 -0.0887  1.9106 14.1736
 72  48 -2.9207  2.1403 14.1381
 96  48 -3.6490  2.9017 16.2976
120  48 -4.8939  1.7600 15.3476
144  48 -7.7928 -0.3621 17.0153
168  48 -7.9905 -0.3344 11.3476
192  48 -8.0474  0.5488 12.8069
216  48 -5.0867  0.8253 11.7186
240  48 -3.7612  0.9168 15.2865
264  48 -4.0492  1.1311 19.8351
288  48 -2.2432  1.5239 16.5945
312  48 -1.5434  2.1729 14.4369
336  48 -2.1474  2.9693 16.4777
360  48 -0.6741  2.3955 16.8931
384  48  0.0721  0.8194 15.4328
408  48 -0.8745 -1.8232 16.6650
432  48 -1.6544 -1.7120 15.8297
456  48  0.5000 -0.5394 11.6239
480  48  1.8636 -1.6840 18.9592
504  48  3.2150 -3.8242 21.0330
528  48  4.0265 -2.4729 14.3838
552  48  2.2074 -0.6631 15.1903
576  48  0.6669 -4.1569 11.0955
600  48  0.6824 -7.0808 11.7095
624  48  0.6109 -10.0223 12.8783
648  48 -1.2894 -5.1100 12.7159
672  48 -1.8786 -4.9353 12.0294
696  48 -3.9719 -4.7412 10.8767
720  48 -5.2170 -1.0268  8.6237
744  48 -11.5270  3.4023 11.9520
768  48 -8.6634  5.3261 12.9644
792  48 -6.9656  6.8446 13.6495
816  48 -2.5847  3.5704 15.5371
840  48 -0.0555  1.6870 13.7619
864  48  0.3139 -4.8628 14.1414
888  48  2.1407  3.9378 13.0304
912  48 -1.8096  2.3871 15.5460
936  48  0.0532 -0.8202 17.5794
960  48  0.4160 -2.6614 17.6908
984  48  1.9540 -0.1466  7.7043
 24  72 -0.0025  0.0592 12.2805
 48  72 -0.3662  3.0008 15.7195
 72  72 -1.3457  3.7020 18.7422
 96  72 -2.4577  3.9523 17.7890
120  72 -3.4364  3.9021 13.6600
144  72 -8.2703 -0.3877 16.8033
168  72 -7.9343 -0.4258 19.0833
192  72 -8.3084 -0.6477 15.5490
216  72 -8.2891 -0.8103 12.5293
240  72 -4.4608  0.7230 13.3350
264  72 -4.2447  1.3871 19.1800
288  72 -4.0060  2.0083 16.1486
312  72 -2.4177  2.9319 13.8382
336  72 -1.8539  2.9755 15.8143
360  72 -0.3033  1.9383 18.6993
384  72 -0.2487 -0.5104 15.5529
408  72 -0.1123 -1.8638 18.4458
432  72 -0.6053 -2.0704 15.8161
456  72 -3.2809 -3.0590 12.7355
480  72 -4.6694 -4.4891 12.6632
504  72  3.5863 -3.5346 14.2667
528  72  3.6526 -2.7307 15.3962
552  72  3.3695 -3.0332 14.3791
576  72  3.7280 -4.8103 14.6525
600  72  3.9908 -8.1881 14.5549
624  72  2.3681 -11.6664 11.0263
648  72 -4.5928 -2.9190 12.4890
672  72 -4.3802 -2.6891 13.4767
696  72 -7.5583 -0.0780 12.0241
720  72 -6.0993  0.9609 12.6943
744  72 -1.9890  0.5939 14.0358
768  72  0.7015  2.0199 11.1722
792  72  0.8800  3.2478 14.0154
816  72  1.0950  2.7654 11.0491
840  72  3.9460  0.1915 14.6630
864  72  1.9170 -2.2177 13.9976
888  72  3.4309  0.0674 11.9099
912  72  4.8139  1.1628 13.2360
936  72  1.7052 -0.1371 13.7235
960  72  1.5106 -3.1348 18.8968
984  72  4.6971 -0.0806  7.7973
 24  96 -0.0104  0.0761 11.4845
 48  96  0.8578  3.9241 15.2022
 72  96 -0.7788  3.4484 14.5956
 96  96 -3.3231  4.7391 16.3774
120  96 -4.2088  3.2310 17.2924
144  96 -6.8900  1.1529 15.3996
168  96 -7.7647 -0.7907 19.9541
192  96 -6.7819 -1.0752 15.3238
216  96 -7.0791 -1.2229 15.5638
240  96 -6.1816 -1.5954 14.9679
264  96 -3.9884  2.9111 15.0640
288  96 -3.9060  2.7708 13.7085
312  96 -0.2554  2.5671 12.3687
336  96 -0.1253  2.8811 18.5099
360  96 -0.3713  2.2543 20.1369
384  96 -0.1128 -0.2970 17.0924
408  96 -0.1141 -1.8287 17.5069
432  96 -0.0404 -1.2711 15.9792
456  96 -3.0428 -0.8816 12.5742
480  96 -4.9843 -4.7722 15.5159
504  96 -0.2019 -6.1031 10.6322
528  96  2.1291 -1.9838 10.7577
552  96  2.0448 -1.5415 16.0341
576  96  1.9637 -6.6348 12.3432
600  96  2.1503 -7.7949 13.3841
624  96 -4.3778 -5.8054  7.5576
648  96 -4.2921 -3.3910 10.9608
672  96 -3.8292 -0.2848 10.1170
696  96 -5.6009  1.5487 13.9909
720  96 -3.6138  0.8426 14.1712
744  96 -0.4818 -0.0559 16.8613
768  96 -0.1279  0.1378 15.8431
792  96  2.0181  3.6074 16.0959
816  96  4.0521  1.7380 12.7864
840  96  8.7979  0.1573 13.8052
864  96  5.4842  0.1245 13.6007
888  96  3.8088  0.2016 15.1122
912  96  3.4544  1.0278 14.1174
936  96  0.2121  2.8559 11.1618
960  96 -1.4993 -5.7753 13.7624
984  96  4.9326 -0.0434  7.5322
 24 120  0.0014  0.0368 11.1542
 48 120  1.7091  6.0830 16.6649
 72 120 -0.2900  4.1844 14.3654
 96 120 -3.3006  4.9905 14.0782
120 120 -4.2109  3.0228 15.8227
144 120 -5.5229  2.0192 17.3774
168 120 -6.4739 -1.6677 14.4537
192 120 -5.5534 -1.9770 14.0399
216 120 -5.5074 -2.1879 15.2375
240 120 -5.7016 -2.0017 18.7838
264 120 -4.6853  2.9139 17.2453
288 120 -3.1605  2.2730 12.9944
312 120 -0.7502  2.9209 15.9198
336 120 -0.1365  3.2998 19.1336
360 120 -1.0509  2.4234 16.7494
384 120 -1.2730 -0.4604 18.7722
408 120 -1.7136 -0.7449 15.1067
432 120 -2.6123  0.6049 17.0444
456 120 -2.8602  0.0484 11.7090
480 120 -4.0779 -4.5854 17.1502
504 120 -1.9142 -5.6938 13.8766
528 120  2.8765 -1.9316 12.6247
552 120  2.2744  0.3577 14.8632
576 120  0.6120 -3.9091 14.5440
600 120 -0.2132 -4.0839 14.8043
624 120 -3.1614 -5.7023 13.6169
648 120 -4.1202 -4.7441 12.9476
672 120 -0.8971 -0.1310 10.2398
696 120 -2.9154  0.5779 12.1668
720 120 -0.1817 -2.1669 13.1896
744 120  0.1047 -0.3057 12.9888
768 120  0.3027  0.0152 13.1891
792 120  2.8588  0.1491 15.6726
816 120  4.0134  0.7766 13.8215
840 120  7.1902  0.2825 12.9004
864 120  5.0205  0.8797 15.1867
888 120  2.2913  0.9397 14.2742
912 120  1.6135  0.0694 13.9940
936 120 -1.0403 -0.4126 12.7391
960 120 -1.5661 -5.7695 11.8225
984 120  4.9097 -0.1682  7.2530
 24 144  0.0116  0.0625 11.2623
 48 144  0.1173  6.5091 16.1018
 72 144 -1.2057  5.3925 16.7839
 96 144 -1.6212  5.5143 17.0129
120 144  0.0112  2.2209 12.8964
144 144  1.9501  1.0632 15.2959
168 144 -3.9755 -3.0023 13.6280
192 144 -3.9973 -2.4182 15.0956
216 144 -4.7030 -0.9261 13.4979
240 144 -4.9292 -1.0403 13.6882
264 144 -4.0580 -0.1710 12.0892
288 144 -4.1045 -1.7347 15.8226
312 144 -3.7733 -0.3373 12.4690
336 144 -2.1378  2.1590 10.0485
360 144 -3.2049 -0.2873 13.9120
384 144 -1.8627 -0.7851 14.7895
408 144 -2.0326 -0.5423 16.5002
432 144 -2.1448  0.2932 16.5079
456 144 -1.5592  0.3314 12.5759
480 144 -1.7857 -5.3785 16.9176
504 144  0.0258 -5.0693 17.9896
528 144  0.3575 -1.9632 15.3751
552 144  1.7382 -0.0025 14.4678
576 144  0.3332 -3.3186 15.2991
600 144 -0.1797 -3.3979 12.4838
624 144 -1.0902 -4.6276 11.0434
648 144 -0.8037 -3.9156 12.2750
672 144  0.3071 -0.7951 13.5588
696 144  1.6152  0.3025 13.8379
720 144  2.2307 -0.4353 14.5683
744 144  1.8171 -1.8208 16.5320
768 144  2.3750 -0.3546 15.2401
792 144  2.7782  0.1458 17.2690
816 144  2.6988  0.5613 14.6340
840 144  3.3215  1.7128 13.8434
864 144  3.1882  1.9542 13.8501
888 144  2.1586  0.1929 14.3288
912 144  1.6736 -0.4732 14.2319
936 144  0.5615 -2.2351 15.5699
960 144  0.1985 -1.3580 11.5149
984 144  4.9105 -0.0280  7.6227
 24 168 -0.0033  0.0600 12.1601
 48 168 -0.5926  5.9255 14.0554
 72 168 -2.0379  4.8239 15.0057
 96 168 -2.6284  3.8147 16.3827
120 168 -0.1058  0.3503 13.3373
144 168  2.3192  0.6084 13.1843
168 168 -2.5176 -2.9584 13.4104
192 168 -2.8185 -2.8687 16.4629
216 168 -4.1208 -0.2315 13.7809
240 168 -4.8157 -0.2983 14.6296
264 168 -5.2114 -1.9975 15.8058
288 168 -6.4556 -2.8574 16.2644
312 168 -5.9445 -1.3464 15.2908
336 168 -4.6514 -1.4255 17.3205
360 168 -3.9924 -1.8409 16.0776
384 168 -2.9533 -0.9755 14.1495
408 168 -3.5846 -0.6367 14.2548
432 168 -3.7807 -0.7247 17.8285
456 168 -2.7510 -1.2717 18.5837
480 168 -1.8003 -1.6177 13.6093
504 168 -0.0436 -4.0299 15.9798
528 168  0.2442 -0.2607 12.4819
552 168 -0.1145  1.1506 16.4551
576 168  0.1488 -0.1737 15.9967
600 168  0.0478 -2.0846 12.2648
624 168  0.1489 -2.8380 11.4127
648 168  0.5691 -3.1027 10.9512
672 168  1.0241 -0.9178 12.3850
696 168  2.3970  0.8716 12.4720
720 168  3.1579  0.5190 13.1484
744 168  1.7724 -0.0857 14.6061
768 168  0.1403 -0.5273 16.4255
792 168  0.2325 -0.4850 15.7313
816 168  2.2300  0.7791 14.4690
840 168  2.8459  1.7644 14.1002
864 168  4.8354  2.8216 11.5377
888 168  5.8930  0.1853  9.2126
912 168  2.9762 -1.2975 11.7747
936 168  2.1962 -3.5882 14.5605
960 168  1.9356 -3.9068 12.3569
984 168  4.8638 -0.0202  7.6950
 24 192 -0.0111  0.1054 12.6350
 48 192 -1.1918  6.2829 13.0532
 72 192 -3.9381  2.4739 12.4997
 96 192 -4.1871  1.0361 15.9333
120 192 -4.0300 -0.1871 18.5976
144 192 -3.9157 -0.3168 15.7402
168 192 -3.8063 -3.8124 14.6224
192 192 -3.2252 -4.1418 17.9901
216 192 -4.4338 -0.1391 16.8308
240 192 -5.9707 -0.2524 18.6847
264 192 -5.6099 -1.1113 19.4189
288 192 -4.7664 -1.8951 14.6587
312 192 -4.8644 -2.2107 17.6785
336 192 -4.5208 -1.7473 23.1572
360 192 -4.3679 -2.2573 18.3457
384 192 -4.0101 -1.7173 14.4801
408 192 -3.6736 -0.9696 16.8182
432 192 -3.5001 -0.8293 18.8604
456 192 -2.7429 -1.6863 19.5786
480 192 -1.6914 -1.8903 16.8991
504 192 -0.3193 -2.4842 15.9052
528 192  0.0087 -0.0838 19.5174
552 192  0.3758  1.3930 14.5159
576 192  0.9874  1.2754 13.5367
600 192  1.3849 -1.3953 15.7050
624 192  0.6125 -3.7396 16.9063
648 192  1.2947 -2.1469 14.5994
672 192  0.8684 -0.4452 15.3877
696 192  2.4426  0.8320 14.5914
720 192  3.2654  0.9062 15.0594
744 192  3.5509  2.2728 13.6521
768 192  0.2815 -0.1681 14.7118
792 192 -0.0408 -0.3313 15.9465
816 192  0.5166  0.1546 14.5199
840 192  4.0399  1.8689 13.3076
864 192  8.1347  1.9465 11.9758
888 192  7.7893  0.9861 10.3637
912 192  8.2100 -3.3537 14.1548
936 192  6.0883 -3.3392 11.5754
960 192  5.9176 -3.6125 12.0058
984 192  4.9080 -0.0132  7.7553
 24 216 -0.0043  0.0464 12.1132
 48 216 -7.7466  4.0251 15.8418
 72 216 -7.1400  2.1101 12.2439
 96 216 -6.1107 -0.8218 17.1930
120 216 -4.8155 -0.1382 17.4392
144 216 -4.0264 -0.3100 17.6819
168 216 -5.2141 -5.4137 13.2734
192 216 -3.4453 -5.2684 11.4829
216 216 -6.7716 -1.7368 15.4145
240 216 -6.2582 -0.7111 15.7874
264 216 -5.7057 -0.9594 17.6476
288 216 -4.1103 -2.6875 16.4883
312 216 -4.1296 -2.5029 18.9267
336 216 -3.6820 -1.9232 16.8938
360 216 -6.7624 -0.9387 12.2680
384 216 -6.2427 -2.0289 14.7192
408 216 -3.9851 -1.8141 14.6719
432 216 -3.2352 -1.7786 14.5513
456 216 -2.4296 -2.0757 17.7336
480 216 -1.2811 -1.7579 16.2764
504 216 -4.0582 -0.4382 11.3279
528 216 -0.1899 -0.0465 13.2573
552 216  0.3110  0.7799 13.5994
576 216  1.1804  0.3476 12.0916
600 216  1.9390 -2.1096 14.9150
624 216  2.0522 -3.1822 16.6699
648 216  1.3603 -3.9619 14.0627
672 216  0.7569  0.0800 16.8922
696 216  1.8278  0.8408 16.0892
720 216  1.2343  0.1298 11.1216
744 216  3.6143  1.3490 12.0416
768 216  2.3579  0.7100 13.2916
792 216  0.3467 -0.1217 15.2140
816 216  1.2118 -0.1087 15.9831
840 216  1.3847  0.1420 13.7003
864 216  3.8225  1.3344  9.2050
888 216  7.1537 -0.2538 11.5534
912 216  8.6762 -3.0451 13.7215
936 216  8.1272 -1.3959 13.3618
960 216  4.8956 -2.3581 15.0744
984 216  4.7200 -0.0176  7.6464
 24 240  0.0071  0.0046 11.9824
 48 240 -6.7013  3.1794 14.2733
 72 240 -3.0086  0.0231 11.6278
 96 240 -2.8545 -0.7072 17.1721
120 240 -3.1328 -0.4722 17.9675
144 240 -3.0429 -0.3271 14.9281
168 240 -1.7827 -6.4669 14.2082
192 240 -1.0746 -5.0795 16.0667
216 240 -5.7958 -1.0731 16.2833
240 240 -6.0193 -0.8849 17.1380
264 240 -5.8574 -1.2330 16.5838
288 240 -3.7223 -3.2395 14.0885
312 240 -3.0775 -2.7191 16.9508
336 240 -2.5676 -2.0283 15.4011
360 240 -3.3289 -0.2091 16.3957
384 240 -4.7042 -1.4480 18.9943
408 240 -5.1945 -1.9212 14.3465
432 240 -2.6784 -3.1222 12.5021
456 240 -2.0991 -2.5494 14.6830
480 240 -4.3287  0.2549 15.1275
504 240 -1.6552  1.0879 12.5541
528 240  0.1409  0.0178  9.7834
552 240  0.1353  0.7079 13.9288
576 240 -0.0484  0.1084 14.2104
600 240  0.6823 -2.7184 14.9585
624 240  1.5173 -4.6197 14.9021
648 240  0.1173 -5.4283 13.4102
672 240 -0.1576 -0.1212 15.0337
696 240  0.0669  0.1762 17.7847
720 240  0.5858  0.0195 15.6477
744 240  2.5510 -1.2486 14.4988
768 240  3.8872 -0.4861 14.6679
792 240  4.3585  2.7766 14.8158
816 240  2.1230 -0.0110 15.1446
840 240  1.2938 -0.9012 16.0966
864 240  2.1982 -1.7573 13.5352
888 240  5.8248 -3.0316 12.5528
912 240  6.8944 -2.7175 11.2222
936 240  7.5660 -0.9531 15.0469
960 240  3.8670 -2.6793 13.5920
984 240  4.6730 -0.0749  7.5723
 24 264  0.0090  0.0080 11.8763
 48 264 -3.5843 -0.0334 11.0433
 72 264 -1.2992 -0.8427 16.7430
 96 264 -1.3648 -0.6398 16.1939
120 264 -1.7490 -0.2874 18.0085
144 264 -1.5712 -0.4356 13.6659
168 264 -1.2381 -6.5636 12.1952
192 264 -1.3555 -5.5096 15.1652
216 264 -4.8956 -0.5740 17.8242
240 264 -4.4577 -0.4147 16.0338
264 264 -4.4641 -2.3042 15.3377
288 264 -4.6333 -3.9041 14.7633
312 264 -4.1177 -3.1438 13.6120
336 264 -3.7059 -2.0302 14.4537
360 264 -3.6061 -1.4939 13.8507
384 264 -3.2623 -0.9731 15.6689
408 264 -4.1067 -3.5234 12.8402
432 264 -5.8706 -5.3679 13.7188
456 264 -5.7561 -4.1304 11.2890
480 264 -5.9324  0.2553 13.0544
504 264 -2.0598  1.3798 11.2122
528 264  1.6875  3.4084 12.3061
552 264  0.3314  2.8717 13.5390
576 264 -0.3571  1.2852 14.3675
600 264  0.2285 -1.3103 12.7396
624 264 -0.2429 -2.5809 13.2041
648 264 -2.3968 -2.2553 14.2797
672 264 -3.7175 -1.4633 15.5014
696 264 -1.3661 -0.2106 12.4100
720 264  0.7027 -0.2137 15.3767
744 264  1.9722 -2.6650 17.0788
768 264  2.1333  0.0503 14.5646
792 264  2.1725  2.6474 15.0987
816 264  2.0866  0.4311 12.8040
840 264  1.6889 -1.1543 17.3893
864 264  2.8824 -2.6637 14.1925
888 264  3.6813 -4.4890 13.9713
912 264  3.5604 -4.1335 12.7808
936 264  4.2763  0.7093 12.7595
960 264  2.5966 -2.1367 12.0573
984 264  2.7678 -0.0558  7.4075
 24 288 -0.0073  0.0097 11.9692
 48 288 -3.6520 -0.8319 13.9804
 72 288 -2.8232 -0.8136 14.6410
 96 288 -1.2425 -0.3587 15.5914
120 288 -0.7864 -0.1330 16.6994
144 288 -0.9349 -1.0441 17.6348
168 288  0.0566 -4.0717 12.4370
192 288 -1.9275 -6.9450 11.9017
216 288 -5.1703 -0.4313 16.4970
240 288 -0.2575 -2.8594 16.6162
264 288 -2.4887 -2.7285 12.2419
288 288 -4.3732 -3.2133 11.3999
312 288 -6.5836 -4.0010 12.6025
336 288 -6.5949 -4.1376 13.3456
360 288 -4.0803 -1.9042 13.4389
384 288 -3.0479 -1.5448 14.0615
408 288 -4.3428 -3.6375 13.4070
432 288 -5.5840 -5.2352 13.5475
456 288 -4.5410 -4.4828 12.7352
480 288 -5.2795  0.3699 13.6039
504 288 -4.5609  1.7695 12.8882
528 288 -3.0532  2.3937 12.6186
552 288 -0.9682  4.1725 19.4820
576 288 -0.2490  2.2902 15.3168
600 288  0.6781 -0.0444 13.7696
624 288 -0.1829 -0.5901 17.1174
648 288 -1.8874 -0.1371 17.3991
672 288 -1.7420 -3.6963 11.9527
696 288 -0.4442 -5.2448 13.9893
720 288 -0.0024 -5.6377 13.1489
744 288  1.0482 -0.1360 16.5341
768 288  0.5945  2.0429 18.4105
792 288  1.4383  2.4020 15.9501
816 288  1.4733  2.0402 11.8153
840 288  1.7689 -0.2414 14.2256
864 288  2.7498 -3.0251 15.0551
888 288  1.2028 -0.5483 14.4408
912 288 -0.1787 -1.2295 12.6657
936 288  1.7087 -1.8058 11.9689
960 288 -3.9804 -0.1944  9.4861
984 288  4.7521 -0.0328  7.4558
 24 312 -0.0008 -0.0457 12.2965
 48 312 -1.0750 -2.2737 13.1265
 72 312 -0.8332 -0.3800 15.0180
 96 312 -1.1851 -0.2616 15.7764
120 312 -0.1939 -0.1278 16.0340
144 312 -0.1787 -0.2764 14.0655
168 312 -1.1557 -1.9015 12.2746
192 312 -1.3224 -7.8932 18.9309
216 312  0.7382 -3.8479 11.9304
240 312 -0.2566 -3.3072 18.1176
264 312 -0.8068 -3.6222 19.3769
288 312 -2.3115 -3.2863 14.8808
312 312 -6.7535 -4.2097 11.9379
336 312 -8.6531 -4.6751 13.5028
360 312 -7.2216 -3.7190 13.8816
384 312 -6.1573 -2.4011 14.0441
408 312 -3.8802 -2.6981 16.2086
432 312 -4.4975 -3.6985 13.5108
456 312 -5.0337 -3.9901 15.0977
480 312 -4.9881 -0.2108 16.1910
504 312 -4.2961  1.7404 16.2550
528 312 -4.3125  1.9284 17.9317
552 312 -1.1061  3.9540 19.5087
576 312 -0.2804  2.2813 20.9479
600 312 -0.2272  1.3310 17.3110
624 312 -0.0663  0.6402 16.6726
648 312  0.1584 -0.3164 17.4763
672 312  1.6248 -1.7748 12.3444
696 312  0.6025 -3.1126 14.7382
720 312  0.8272 -4.4939 14.5859
744 312  3.0250  1.8583 14.7671
768 312  3.1147  3.2397 18.4853
792 312  3.0255  3.2191 13.1764
816 312  2.1091  2.5202 11.6014
840 312  3.2360 -3.0522 12.3541
864 312  2.9772 -2.9454 10.4847
888 312  1.8160  0.1473 13.8128
912 312  0.2564 -0.6547 12.6249
936 312  1.0459 -1.8503 12.3881
960 312 -1.3252 -0.9318 14.1612
984 312  5.0037 -0.0442  7.4414
 24 336  0.0169 -0.0689 12.0617
 48 336 -0.1316 -2.5351 14.7043
 72 336 -0.0991  0.1054 16.5252
 96 336 -0.2174 -0.0442 18.6806
120 336  0.2787  0.0865 15.9675
144 336  0.7087 -0.2680 14.9262
168 336  0.6165 -2.3816 11.8220
192 336  0.0109 -7.7869 14.4544
216 336  2.3516 -6.8644 13.6602
240 336  1.1244 -4.0212 13.1222
264 336 -0.6381 -3.0649 13.6103
288 336 -2.6754 -2.5088 17.5776
312 336 -3.4087 -3.2557 11.7688
336 336 -6.1360 -1.1652 11.9674
360 336 -9.7034 -3.0989 14.6234
384 336 -8.4524 -3.1570 18.1995
408 336 -6.9133 -2.1429 17.4735
432 336 -5.8772 -1.7624 12.5919
456 336 -5.6754 -2.9365 17.6828
480 336 -5.7821 -2.1671 15.2478
504 336 -5.1822  0.6619 16.3960
528 336 -5.0696  0.3443 19.0203
552 336  0.9428  4.2994 21.6853
576 336  0.1316  2.9820 19.3091
600 336  0.1839  1.8547 20.3044
624 336  0.1601  1.5151 16.6662
648 336  0.7490  0.0159 15.7105
672 336  1.1533 -0.6915 17.6149
696 336  2.1837 -1.6500 18.5939
720 336  1.7366 -3.9982 18.3087
744 336  3.2522  1.5259 15.8862
768 336  2.9945  2.9022 15.0340
792 336  4.2311  4.7560 14.7164
816 336  6.4323  4.5756 13.9929
840 336  8.7035 -0.0822 13.8289
864 336  7.9231  0.3643 11.6980
888 336  6.3683  2.0517 13.6349
912 336  3.6101 -0.2945 12.8657
936 336  1.6635 -1.3308 12.4604
960 336  0.5447 -1.7238 15.3508
984 336  4.7832 -0.1144  7.3980
 24 360 -0.0044 -0.0408 12.2848
 48 360  0.0192 -0.2064 15.4428
 72 360 -0.1148  0.0463 15.6342
 96 360  0.1491 -0.2310 19.4620
120 360  1.0906  0.0046 14.6770
144 360  1.8815 -1.1758 15.8994
168 360  1.7592 -3.0181 14.4990
192 360  1.9710 -6.5339 13.9432
216 360  2.8962 -7.0237 13.3335
240 360  2.6636 -5.0302 11.0351
264 360  3.3349 -0.4912  9.3785
288 360 -3.0086 -3.2235 13.1511
312 360 -2.8820 -2.9517 13.4747
336 360 -5.6485 -0.2995 17.3109
360 360 -6.4681 -0.2744 14.7598
384 360 -7.7158 -2.3317 15.8801
408 360 -7.6235 -1.9282 18.9046
432 360 -5.9769 -0.9236 16.6245
456 360 -4.8596 -1.0206 21.1584
480 360 -5.8265 -1.9214 13.8973
504 360 -5.8645  0.8135 18.6001
528 360 -3.7496  1.4175 16.1686
552 360  0.1381  3.5763 17.7853
576 360  0.3180  3.0251 18.2682
600 360  0.6968  1.7661 18.5025
624 360  0.9022  1.7063 17.5605
648 360  1.7244  0.8781 15.3967
672 360  1.6981  0.6583 16.4550
696 360  1.7261  1.1235 14.0640
720 360  2.1095  0.9408 13.9448
744 360  0.1538  2.0365 16.4088
768 360  0.0282  2.6466 18.6328
792 360  1.2850  3.0634 15.7859
816 360  5.8131  3.7058  9.7218
840 360  6.3957 -0.0706 15.0732
864 360  6.9740  2.3977 12.9118
888 360  7.4749  3.0984 14.8526
912 360  6.5990  1.0720 14.9934
936 360  5.9175  0.6334 12.3478
960 360  0.5028 -2.1871 12.4324
984 360  4.6693 -0.1101  6.9840
 24 384 -0.0078 -0.0366 12.4989
 48 384 -0.2235 -0.1285 17.1615
 72 384 -0.2829 -0.3388 14.8995
 96 384  0.5146 -0.8925 16.9178
120 384  1.9966 -0.4490 17.5611
144 384  2.8585 -1.5613 18.8140
168 384  2.3226 -2.7526 14.3874
192 384  3.6280 -5.0088 13.1953
216 384  3.5440 -4.8766 10.7661
240 384  0.3652 -3.7798 10.0443
264 384 -0.1776 -0.8837  8.6598
288 384 -1.2261  1.0893 11.2583
312 384 -3.2149  0.0418 13.1711
336 384 -3.4645  0.2729 16.7972
360 384 -4.4665  0.9892 17.9280
384 384 -6.8402 -1.0641 13.6088
408 384 -7.1202 -1.3459 21.0032
432 384 -5.8807 -1.6256 18.4221
456 384 -4.3397 -0.5097 24.0286
480 384 -0.1256  2.9085 21.1001
504 384 -0.1211  2.7308 19.6309
528 384 -0.1484  2.7360 18.3510
552 384 -2.9125  2.7109 16.7276
576 384 -1.0638  1.6977 19.6575
600 384 -0.6780  1.7972 16.7532
624 384  0.1602  2.3772 14.4006
648 384  0.3104  2.7717 11.7604
672 384  2.5056  2.9713 13.2865
696 384  1.1308  2.7480 13.8352
720 384  0.1574  2.4331 13.9012
744 384 -0.0386  3.0235 20.6357
768 384  0.0225  2.7137 19.1525
792 384  0.8924  2.4001 17.4267
816 384  3.0341  1.8182 14.1173
840 384  6.4669  0.0602 16.8196
864 384  7.6271  3.3812 13.7750
888 384  8.0412  3.2260 13.4743
912 384  7.2181  1.4916 15.4545
936 384  6.2677  2.0014 15.5139
960 384 -0.1358 -2.9384  9.9028
984 384  4.6958 -0.0263  7.2477
 24 408 -0.0183 -0.0391 12.7483
 48 408 -0.0553 -0.2223 20.5427
 72 408  0.9884 -0.3963 16.7947
 96 408  0.8709 -1.4824 16.0638
120 408  1.9184 -2.0914 17.7974
144 408  1.9349 -1.8317 16.3019
168 408  1.6094 -2.4372 12.9874
192 408  3.1738 -3.5658 13.6421
216 408  2.0798 -3.1509 10.6543
240 408 -1.0864 -2.0168 13.6890
264 408 -1.7089 -0.1961 17.3791
288 408 -1.2206  0.8282 19.4507
312 408 -2.5909  0.7243 17.3149
336 408 -2.8188  0.6998 18.1263
360 408 -4.3358  0.9796 18.2404
384 408 -4.7019  0.9315 13.7856
408 408 -5.9293 -0.8352 17.8110
432 408 -6.8445 -2.8464 15.8710
456 408 -6.4539  4.7822 14.3260
480 408 -0.3676  2.4525 19.6488
504 408 -0.0295  2.6371 18.7226
528 408 -0.0906  2.8560 20.9305
552 408 -1.1985  1.2527 15.9255
576 408 -1.9713  2.6464 16.1973
600 408 -2.2490  2.3736 13.3844
624 408 -3.5121  2.9764 14.0987
648 408 -2.8476  4.9908 15.3412
672 408 -3.5176  6.2362 12.8649
696 408 -1.7910  6.0224 11.4542
720 408 -1.1060  3.6803 11.8421
744 408  0.0757  4.1961 14.7908
768 408  1.8274  2.2736 16.1258
792 408  1.4861  1.9759 17.2325
816 408  6.1772 -2.9674 15.2738
840 408  7.0347 -1.4480 16.7935
864 408  8.0281  2.3856 13.4722
888 408  8.8779  2.4556 14.6700
912 408  8.5137  1.7716 12.8352
936 408  5.2653  3.1074 16.0908
960 408  3.2044  3.5606 14.5269
984 408  4.6892 -0.0196  7.5876
 24 432 -0.0175  0.0017 12.6602
 48 432  0.5324 -0.2206 15.4214
 72 432  1.3966 -0.2281 16.1461
 96 432  0.9898 -1.7793 18.1737
120 432  1.0543 -2.0045 17.3607
144 432  0.2454 -1.3750 15.3482
168 432 -0.4186 -1.0434 14.6948
192 432 -1.3931  0.2131 16.9290
216 432 -2.3118  0.2742 16.6141
240 432 -3.0233 -0.5490 16.1117
264 432 -3.2310 -0.2570 18.0712
288 432 -2.3904  0.0485 17.4170
312 432 -7.3891 -0.2427 11.0770
336 432 -8.2571  0.7375 22.4518
360 432 -8.0242  1.0129 22.2216
384 432 -4.7481  1.0327 12.9637
408 432 -5.3003  0.0074 21.4455
432 432 -5.9307 -0.9397 19.3899
456 432 -6.1937  3.7409 16.8808
480 432 -4.1791  4.0916 15.4526
504 432 -3.8880  3.9971 16.0877
528 432 -0.1789  5.5436 17.5404
552 432 -0.2836  5.6700 23.0661
576 432 -0.9321  5.2826 14.0509
600 432 -3.4835  3.2610 12.9179
624 432 -4.1629  3.1599 14.0760
648 432 -3.2410  5.8147 13.5487
672 432 -3.1952  6.7812 14.4070
696 432 -1.9660  6.6669 13.3361
720 432 -1.1360  5.3770 14.0914
744 432 -0.2372  4.9130 14.4532
768 432  0.8693  3.9930 11.0329
792 432  2.6676 -2.5691 12.8473
816 432  2.7936 -3.8888 18.3739
840 432  4.5357 -2.9731 13.4715
864 432  6.4898  2.0890 13.2893
888 432  8.7742  1.0482 15.2069
912 432  8.5289  1.9207 11.7459
936 432  4.8222  4.4140 17.8714
960 432  2.9402  2.7056 16.1430
984 432  4.7383  0.0265  7.6136
 24 456 -0.0023 -0.0317 12.4984
 48 456  0.6754 -0.3807 16.9048
 72 456  0.9617 -0.2316 13.4111
 96 456  0.1514 -0.0809 14.2759
120 456  0.0155 -0.6021 19.0162
144 456 -0.2092 -0.8025 15.7647
168 456 -0.6796  0.1948 14.5354
192 456 -0.5235  0.3528 15.2972
216 456 -1.4206  0.3924 16.4386
240 456 -2.6955  0.6294 18.9932
264 456 -4.8371  0.7513 20.8744
288 456 -4.9308  1.7205 15.4799
312 456 -1.2875  1.0525 12.8615
336 456 -7.6906  0.9357 13.5413
360 456 -7.8454  1.2311 16.9618
384 456 -4.9771 -1.9069  9.2720
408 456 -4.5746 -0.1521 17.8876
432 456 -4.2086 -0.3211 20.3893
456 456 -4.0081 -0.0664 13.5361
480 456 -2.6898  3.2638 20.4558
504 456 -2.9071  3.5293 21.7701
528 456 -0.7647  6.9540 20.3825
552 456 -0.7449  6.3928 25.0270
576 456 -0.5492  6.1393 19.2667
600 456 -3.2296  5.1694 11.4092
624 456 -5.7019  3.1483 12.0688
648 456 -5.0318  2.5763 13.1384
672 456 -1.1686  6.8323 16.0087
696 456 -2.0003  6.3957 15.0209
720 456 -1.7487  5.2907 14.7106
744 456 -0.9029  4.9352  9.7404
768 456  4.0093  0.2864 14.7543
792 456  3.0006 -1.0330 18.7588
816 456  2.4365 -2.9893 17.6123
840 456 13.0395 -0.8906  6.8996
864 456 12.2599 -1.0929 12.5284
888 456  9.1127 -1.7711 13.8212
912 456  4.5603  4.8782 17.1675
936 456  4.6596  4.9213 19.1707
960 456  3.7914  0.1117 14.1673
984 456  4.7969  0.0079  7.7183
 24 480 -0.0147 -0.0427 12.4363
 48 480 -0.0230 -0.7385 17.2242
 72 480 -0.6910  0.3106 15.1332
 96 480 -0.2240  1.4896 20.2450
120 480 -0.1106  0.3285 19.7962
144 480 -0.1806 -0.3853 16.8155
168 480  1.0123 -0.8495 15.1341
192 480  1.5225 -0.5196 16.8768
216 480 -0.3703  0.2210 18.1767
240 480 -0.9193  0.0763 19.1804
264 480 -3.5868  0.2415 16.6157
288 480 -0.7212  0.7642 17.3032
312 480 -0.2768  0.7022 16.2817
336 480  0.3829 -0.2424 15.0869
360 480  1.1785 -2.1207 15.4048
384 480  1.8070 -2.2202 15.6933
408 480 -4.0516 -2.0354 13.2469
432 480 -3.9442 -1.3168 15.8889
456 480 -4.8750 -1.9183 14.4658
480 480 -2.5147  2.7923 19.5649
504 480 -2.5107  3.3101 29.2482
528 480 -2.0168  3.7579 18.5183
552 480 -1.2300  5.8163 21.8704
576 480  0.0335  7.4864 14.7610
600 480  1.7686  8.7221 15.0910
624 480 -3.6042  3.7281 11.9928
648 480 -4.1980  3.1045 16.1987
672 480 -1.8616  6.1621 11.5134
696 480 -0.3087  6.7294 12.9716
720 480 -1.6196  7.9570 12.6322
744 480  3.0560  3.4040 13.9352
768 480  3.9583  0.6464 13.5065
792 480  4.5285  0.1069 14.8758
816 480  6.6242 -3.0062 13.3805
840 480 11.7488 -1.7223 10.6864
864 480 14.3171  1.7741 16.7618
888 480 15.3061  1.1719 12.7905
912 480  2.3460  1.3984 12.1024
936 480  2.4767  0.1692 14.6548
960 480  2.2492 -1.1573 12.7591
984 480  4.8156 -0.0456  7.8733
 24 504 -0.0092 -0.0249 12.6440
 48 504 -1.0819 -0.1666 16.0974
 72 504 -0.8086  0.4885 17.4939
 96 504  0.0191  2.1242 17.9213
120 504  1.5506  0.0664 17.1731
144 504  2.6042 -1.2741 14.4018
168 504  2.9973 -1.0437 16.4465
192 504  2.2610 -0.1956 14.1384
216 504  0.0861 -0.2011 15.9129
240 504  0.0002 -0.2285 14.6739
264 504  0.1834 -0.1704 16.7212
288 504  0.1111  0.3998 19.0766
312 504  0.3527  0.5590 18.6305
336 504  0.9414 -1.3935 17.1611
360 504  0.6101 -2.1635 15.8766
384 504  0.3091 -2.0058 20.7526
408 504  2.5995  0.2020 17.2300
432 504  1.2598  0.4670 14.6837
456 504  0.4484 -0.3829 16.1595
480 504  1.3281  0.7042 15.5996
504 504  1.8508  1.0402 17.8444
528 504 -0.8903  1.2074 17.9456
552 504 -0.9143  1.3919 19.6418
576 504 -0.1423  2.0320 12.1770
600 504  2.3680  9.5424 15.1892
624 504  2.3962  6.0338 11.5886
648 504 -0.2224  5.7746 12.5554
672 504 -1.8657  4.9798 11.8092
696 504 -0.0053  5.8004 11.2334
720 504  3.9217  3.6850 18.3629
744 504  3.5918  3.0763 13.7821
768 504  4.6412  2.9107 12.3175
792 504  5.6684  2.1780 12.1722
816 504  6.8306 -2.4515 12.0751
840 504  8.1146 -1.7307 11.5450
864 504 13.3068  1.0370  9.7966
888 504  4.0370 -0.1383 10.6392
912 504  2.8817 -1.5312 14.8177
936 504  2.0771 -0.5300 15.6588
960 504  2.0950 -1.2998 16.8701
984 504  4.7072 -0.0011  7.8859
 24 528  0.0091  0.0027 12.6113
 48 528  0.1198  0.0920 19.6986
 72 528 -0.1675  1.9072 18.4727
 96 528  0.3731  2.0603 18.1659
120 528  3.8211 -0.0263 16.2973
144 528  3.5097  0.0127 17.3211
168 528  3.0931  0.7815 17.4278
192 528  3.3067  1.4147 12.2850
216 528  6.5103  0.3301 14.4633
240 528  3.9916  0.1663 16.5179
264 528  0.9853  0.3439 18.3803
288 528  1.7849  1.3808 17.5451
312 528  1.6745  1.4959 14.5031
336 528 -0.1767  1.1484 13.3634
360 528  0.0796 -1.4811 16.9084
384 528 -0.3214 -1.1774 17.1563
408 528  0.5079  0.6227 19.8856
432 528  1.1354  0.0893 19.4197
456 528  0.9571 -0.3660 19.6598
480 528  1.0670 -0.2553 18.3017
504 528  0.6442 -0.3480 18.9183
528 528 -0.0141  0.4768 19.2187
552 528 -0.7718  1.3908 17.6677
576 528 -0.2217  1.5336 15.4440
600 528 -15.7508 -23.0622  7.1952
624 528  6.7491  9.6665 10.0197
648 528  6.3235  8.8388 10.9620
672 528  0.1643  5.5276  9.7072
696 528  1.0104  3.7914 12.6888
720 528  3.9451  4.4324 13.5955
744 528  3.8545  4.9314 11.5457
768 528  4.1753  5.2432 13.2563
792 528  5.4279  3.2828  9.9142
816 528  6.2603 -1.7684 13.4005
840 528  6.1367 -2.3095 11.6981
864 528  5.6495  2.1808 13.0125
888 528  4.3387 -0.3371 15.0110
912 528  2.1770 -1.8745 14.2284
936 528  0.4683 -2.0635 16.2216
960 528  0.3955 -2.3826 19.3624
984 528  4.8352 -0.0073  7.9496
 24 552  0.0118  0.0158 12.1840
 48 552  0.6437  0.1235 18.9843
 72 552  0.1247  2.3711 18.7665
 96 552  0.7073  2.5365 18.4194
120 552  1.2610  2.2157 17.8474
144 552  2.8169  1.8042 18.4185
168 552  3.1692  1.9555 16.1041
192 552  3.5278  1.4183 16.5740
216 552  5.6531  2.1339 17.0987
240 552  5.1756  1.0848 19.1798
264 552  2.8152  0.7605 19.1702
288 552  2.0498  1.7169 18.4838
312 552  1.0211  2.5409 14.3142
336 552  0.4048  2.2938 18.0496
360 552 -0.0987  0.2595 15.4497
384 552  0.0171  0.0002 17.7484
408 552  0.5238  0.5423 17.5718
432 552  1.3457  0.0084 17.2690
456 552  0.6248 -0.4179 18.3378
480 552  0.1509  0.2830 16.4988
504 552  0.2833  0.3730 15.6021
528 552 -0.7184  1.1283 17.3933
552 552 -0.7234  1.6369 18.3416
576 552 -0.2621  0.9375 17.8263
600 552 -0.9686 -0.7092 11.2172
624 552  5.2826  9.4087 13.4821
648 552  5.6603 10.7928 12.8196
672 552  6.6743 10.1037 11.5500
696 552  2.0864  4.9814 12.8999
720 552  2.2576  4.8839 13.9385
744 552  3.2703  6.7045 11.5949
768 552  3.1050  6.7044 11.0476
792 552  4.8025  0.1404 10.0621
816 552  5.4316 -2.0379 15.6248
840 552  5.0886 -4.3928 13.4037
864 552  4.8473  0.1268 13.3460
888 552  3.2502 -1.4234 12.6213
912 552  2.6972 -2.4723 11.6874
936 552  0.3946 -1.2039 14.1114
960 552  0.5331 -2.2258 19.1575
984 552  4.8003 -0.0316  7.8018
 24 576  0.0393 -0.0742 12.4039
 48 576  1.4127  0.2505 18.6771
 72 576  1.2873  2.6661 15.9359
 96 576  1.1684  3.5899 20.9324
120 576  1.9073  4.6196 15.6309
144 576 -0.1521  3.2789 15.2177
168 576  1.8039  2.8675 12.8246
192 576  3.5654  0.7319 14.7440
216 576  4.4989  1.2428 18.0015
240 576  5.4364  1.7212 21.2607
264 576  3.9725  1.1747 18.1836
288 576  1.5370  3.0405 20.6738
312 576  0.7037  3.4280 17.2930
336 576 -0.0634  3.7103 16.9118
360 576 -0.1591  0.9127 14.5259
384 576  0.2257  0.2221 20.1277
408 576  1.3224  0.2571 16.8396
432 576  2.3131  1.7252 19.1139
456 576  1.3683  1.1908 15.0525
480 576 -0.0312  1.4904 16.0200
504 576 -1.0983  1.7038 18.2024
528 576 -1.6782  0.5561 14.8162
552 576 -0.5667  0.3215 17.2414
576 576 -0.3721 -0.0507 17.5610
600 576 -1.0208 -1.1026 13.7838
624 576  5.0435  8.6739 14.0874
648 576  5.6517  9.7706  9.8180
672 576  5.9356 -6.6813  9.8371
696 576  2.0215  5.7443  9.9957
720 576 -5.1760  4.9653 11.9458
744 576 -8.3158  6.6279 12.1915
768 576 -0.6707  2.4980 11.6577
792 576  4.5878 -1.0757 11.7611
816 576  4.0591 -5.1079 12.3859
840 576  3.7148 -6.6138 14.3227
864 576  1.7640 -6.5871 10.8134
888 576  2.3001 -3.1528 12.1852
912 576  3.2706 -2.9558 17.5633
936 576  4.6996 -1.8655 15.9049
960 576  2.2093  1.2261 16.2340
984 576  4.7263  0.0730  7.9740
 24 600  0.0205 -0.0437 12.5697
 48 600  1.4795  1.8594 14.8586
 72 600  1.7324  2.8190 16.5787
 96 600  1.0128  4.2680 18.8812
120 600  1.5901  5.1281 14.1391
144 600  0.1323  3.9777 15.1135
168 600  0.6654  3.7521 10.4465
192 600  3.2702  0.2919 14.8196
216 600  3.4991  0.1716 15.1257
240 600  3.6182  0.7070 17.9145
264 600  2.8180  1.8027 15.6533
288 600  1.1255  3.6139 17.8457
312 600  1.1111  4.0084 17.0954
336 600  0.0531  5.0009 14.2746
360 600  0.3641  0.4285 12.6016
384 600  0.0005 -0.6031 20.0027
408 600  1.2266  0.0794 21.0595
432 600  2.2037  1.8833 22.0004
456 600  2.0550  2.4690 14.4965
480 600  0.3690  2.5289 16.1212
504 600 -0.4245  0.9611 15.2366
528 600 -1.8819 -1.2635 15.5332
552 600 -1.8391 -1.5925 16.2669
576 600 -0.2532 -0.3183 20.5559
600 600  0.0853 -0.3490 15.9699
624 600 -0.2292 -2.1466 14.6583
648 600 -1.9369  0.1823 14.1072
672 600 -2.2920  3.5350 14.1622
696 600 -2.1542  3.9104  8.4690
720 600 -6.9832  4.0376 10.6139
744 600 -4.1524  2.0818 11.1180
768 600 -5.3495  1.1803  9.2045
792 600  5.8473 -9.7874 10.7053
816 600  6.9025 -7.8619 13.6261
840 600  4.5973 -7.6978 13.7963
864 600  0.9259 -7.0803  9.3092
888 600  2.2382  1.6888 11.6625
912 600  1.7838  1.5744 10.0776
936 600 -0.0414 -0.1352  9.8269
960 600  2.6567  1.2263 19.1363
984 600  3.1083  0.1721  7.7526
 24 624  0.0199  0.0205 12.0698
 48 624  3.7895  3.5171 16.1815
 72 624  2.4357  3.4067 17.1388
 96 624  2.0180  8.2838 14.1623
120 624  2.0177  8.2616 15.7118
144 624  0.3708  5.0231 14.2056
168 624  0.9804  4.2883 14.0745
192 624  2.3249 -0.5121 13.8291
216 624  3.7734 -0.2671 17.5228
240 624  2.9467  0.0447 13.5968
264 624  0.7956  1.0343 15.8176
288 624 -1.3536  4.6445 16.0246
312 624  1.5546  7.4242 11.7832
336 624  2.4532  7.8662 18.8087
360 624  0.6953  0.3246 11.7626
384 624  0.1992 -0.9348 20.2033
408 624  0.6382 -0.6593 17.8752
432 624  1.4850  2.1908 18.7770
456 624  3.6272  3.6848 15.4158
480 624  2.2465  2.1964 13.4809
504 624  0.1885  0.1644 15.2830
528 624 -1.6431 -2.3767 12.4852
552 624 -1.9982 -3.7746 16.0270
576 624 -0.2498 -3.3960 15.8864
600 624 -0.0813 -3.5322 17.7989
624 624 -2.1521 -2.8158 18.3757
648 624 -2.9666 -1.4310 13.8720
672 624 -4.0911  1.4632 17.2530
696 624 -5.0145  0.1370 15.0459
720 624 -6.1952 -0.1803 13.1858
744 624 -1.1269 -4.3080 10.0925
768 624  0.8242 -11.8418  9.1742
792 624  6.8032 -10.0205  9.9167
816 624  9.8508 -11.6404 13.9983
840 624  8.0958  0.3748  7.5571
864 624 -2.1736 -10.5111 11.8161
888 624  6.7407 -0.8295 11.8961
912 624 -4.0298 -4.4856  8.5461
936 624 -1.4784 -0.8841 13.2267
960 624  2.6733  2.6164 19.8042
984 624  4.7020  0.0477  7.3568
 24 648  0.0337 -0.0237 11.9321
 48 648  4.0170  2.8181 15.9593
 72 648  1.2254  2.9367 12.3475
 96 648  2.7096 11.0722 15.0395
120 648  2.3046  8.3865 13.0190
144 648  2.3831  8.0470 13.5427
168 648  0.8275  3.8701 11.1188
192 648  2.3719 -1.1800 17.3176
216 648 -0.2292 -1.9641 14.9699
240 648 -1.7409 -0.6226 15.5076
264 648 -2.0068  1.0701 11.6995
288 648  1.5850  4.7593 13.3974
312 648 -0.0774  4.3264 13.5941
336 648  0.3471  5.8313  9.4730
360 648 -2.9401 -1.4474  9.4445
384 648  0.7355 -0.3256 19.5663
408 648  0.4839 -0.0316 17.5190
432 648  4.6708  1.4944 17.1205
456 648  4.5682  2.3709 15.2988
480 648  3.6582  4.3351 12.6342
504 648  0.1468  0.1147 13.5659
528 648 -1.8061 -3.6367 17.9881
552 648 -2.2598 -4.0046 17.1794
576 648 -3.1096 -5.7607 18.3497
600 648 -1.5128 -3.9827 11.0309
624 648 -3.2605 -2.9687 16.4713
648 648 -3.2800 -3.0027 19.7359
672 648 -4.7040 -1.2120 14.6580
696 648 -5.6097 -0.4195 16.3477
720 648 -6.8620 -0.5767  9.8705
744 648 -2.1845 -12.6677 10.2314
768 648  1.1183 -10.9197  7.5573
792 648 10.2037 -11.8581 16.8882
816 648 10.2596 -12.0228 20.8546
840 648 10.2126 -12.6371 12.4504
864 648  1.9246 -6.9463 10.6229
888 648  6.1522 -0.8970 13.8451
912 648  4.3893  0.2576 10.5131
936 648 -0.1551  4.6121 12.3850
960 648 -1.1830  4.9476 15.6091
984 648  4.8983  0.1014  7.3023
 24 672 -0.0009  0.0044 12.4182
 48 672  1.0136  3.1455 20.5292
 72 672  0.8658  3.2867 19.1467
 96 672  2.4487 10.4685 12.6751
120 672  7.0282  5.6498  8.4683
144 672  7.8692  5.3523 11.4104
168 672  7.9370  4.1589 13.0653
192 672  7.5920  0.4884 18.9600
216 672  7.5877 -0.0795 12.4001
240 672 -0.1728  0.3485 12.9770
264 672  2.0260  3.3013 14.8766
288 672  2.2805  4.8344 19.9175
312 672  3.4714  5.1525 15.7140
336 672 -1.2189 -1.0357 10.3142
360 672 -0.9575 -3.0402 17.9591
384 672  1.0122  1.0549 20.7627
408 672  1.0471  0.9832 20.1434
432 672  0.4312 -4.3137 15.6347
456 672  4.6083  2.0614 11.4046
480 672  1.8737  4.3792 17.4658
504 672 -0.0723  3.1102 19.7647
528 672 -2.2338 -3.7998 18.2788
552 672 -2.5633 -4.0867 15.0909
576 672 -3.5600 -7.0418 15.5701
600 672 -2.0262  0.0187 10.5955
624 672 -3.9832 -0.0400 17.5816
648 672 -4.2156 -0.1926 13.5688
672 672 -3.9068 -4.9530 10.3939
696 672 -3.8194 -5.1518 11.8374
720 672 -4.0691 -13.3068 15.5345
744 672 -3.2491 -14.0755 14.8530
768 672  1.0186 -10.9776  8.0629
792 672  8.4627 -6.1162  9.5108
816 672  9.8972 -11.2978  9.8866
840 672  8.6931  0.3320 11.8663
864 672  8.1674  2.8131 10.9641
888 672  2.0940 -7.8163  9.3735
912 672  0.2919  7.3489 13.8085
936 672  0.4405  7.0171 16.2977
960 672  0.1209  6.3917 15.3662
984 672  4.7067  0.0539  7.3325
 24 696  0.0051  0.1034 11.9774
 48 696  1.7077  2.7963 14.1298
 72 696  1.6308  3.7895 10.8208
 96 696  9.9854 -1.5926  9.2495
120 696  8.2553  3.8559 11.3756
144 696  7.2999  4.7010 15.5417
168 696  6.7359  2.9162 17.2075
192 696  7.1663  0.8023 19.3655
216 696  8.3974  0.7061 14.5489
240 696  2.8884  3.8423 15.3884
264 696  0.6469  4.6389 14.2589
288 696  1.1748  3.9070 12.2123
312 696  0.2629  5.7421 11.9194
336 696  1.4333  0.6508 10.1833
360 696  0.7567  0.2240 15.7689
384 696  0.8381  0.4487 18.9233
408 696  0.6921  0.2560 20.2271
432 696  1.4975 -7.9374 14.4802
456 696  0.1103 -7.9468 13.0058
480 696 -0.2472  1.0025 18.4618
504 696 -0.2238  2.9549 17.2740
528 696 -5.1676 -3.2219 13.5137
552 696 -4.4492 -4.5485 14.3745
576 696 -4.8027 -7.6488 18.0261
600 696 -3.7208 -0.2475 11.6888
624 696 -4.0305 -0.2076 18.7655
648 696 -4.2490 -0.6284 14.7211
672 696 -5.8375 -7.1268 19.3217
696 696 -5.5850 -7.1670 23.6170
720 696 -1.9979 -4.9600 12.1753
744 696  0.0564 -2.9064  9.2890
768 696 -0.3775 -13.8348  7.5247
792 696  7.0594 -4.3710 11.4513
816 696  5.3585 -3.7905 14.9213
840 696  7.2969 -0.0668 10.9811
864 696  7.6012  5.2838 11.0936
888 696  8.0864 10.7244 12.0177
912 696  1.7436  6.6032 11.4768
936 696  2.2922  8.2210 13.2079
960 696  3.2013  8.4481 10.1585
984 696  4.8614 -0.0467  7.7349
 24 720  0.0049  0.0306 11.9182
 48 720  9.7967 -1.8637 10.7442
 72 720 12.1529 -4.8932  9.3378
 96 720  9.7720 -3.3670 10.4622
120 720  8.9579  1.5579 11.0878
144 720  7.0655  3.5473 17.5136
168 720  6.3398  1.9949 15.2421
192 720  4.5212  1.1069 17.7075
216 720  1.7209  0.1077 17.3692
240 720  2.0530  0.9695 14.2948
264 720 -0.1969 10.1645 16.8567
288 720 -3.0151  6.7211 18.5707
312 720 -3.7716  6.3630 19.2089
336 720  0.3556 -0.7127 14.7375
360 720  0.2741 -0.6174 17.3754
384 720 -0.7772  1.0627 18.9666
408 720 -1.1841  0.8797 11.9756
432 720  0.5158 -8.1187 14.6475
456 720  0.3631 -8.0982 13.6057
480 720  0.1262  0.6298 13.6906
504 720  0.2616  7.0514 15.8305
528 720 -5.8275 -1.2220 10.8948
552 720 -4.4191 -0.7287 13.8294
576 720 -4.0909 -0.6078 18.6625
600 720 -3.4788  0.1125 13.2158
624 720 -2.3466  0.4780 15.8300
648 720 -2.2998  0.9744 17.3149
672 720 -5.7243 -7.0840 13.6008
696 720 -5.8003 -7.1962 22.5210
720 720  0.0069 -3.1590 17.9664
744 720 -0.0940 -2.9572 18.8875
768 720  1.9712 -7.0184 14.9677
792 720  2.9601 -6.7967 13.8219
816 720  7.7556 -1.0509 10.7798
840 720  6.1854  6.3942 18.9659
864 720  6.7329  6.4987 23.7957
888 720  5.9842  6.9972  9.1854
912 720  7.1903  6.8711 16.6501
936 720  8.4339  7.6232 14.3627
960 720  9.4216  9.1172  9.2995
984 720  4.8824  0.0535  7.9628
 24 744  0.0107  0.0118 12.0264
 48 744 12.2106 -1.9388 12.8288
 72 744  8.7454 -3.7451 10.5054
 96 744  9.0708 -3.9712 14.6533
120 744  7.9439  0.5894 14.1532
144 744  5.5330  1.0910 17.8456
168 744  5.0480  0.5257 18.7370
192 744  3.7559 -0.1559 17.2025
216 744  1.2446 -1.1009 17.5837
240 744  2.0951  0.6618 11.8457
264 744 -0.2427 10.8844 20.5264
288 744 -0.2295  9.1508 14.2510
312 744 -0.2042  3.8019 15.5750
336 744 -0.1391 -0.8811 16.9830
360 744 -0.1659 -0.9661 18.6096
384 744  1.3501 -0.7211 16.3102
408 744  1.1704 -1.0092 17.6126
432 744 -0.4985 -2.5155 12.1955
456 744 -2.0487 -7.0950 17.5740
480 744 -1.1437 -4.1975 16.2914
504 744  0.3626  6.6572 13.8352
528 744  0.2746  6.2593 19.3498
552 744  0.0475  5.5313 18.2366
576 744 -3.0230 -0.2861 14.8739
600 744 -2.3250  0.6635 14.8870
624 744 -1.8317  0.7168 14.9328
648 744 -0.1582  2.4917 13.5690
672 744  0.2816  2.6831 14.5222
696 744  2.8935  3.5524 12.6618
720 744  1.7443 -2.2800 13.2018
744 744 -1.7067 -3.0707 13.7324
768 744  3.4733 -6.9455 14.5670
792 744  5.8712 -6.3808 19.5204
816 744  6.9336  0.7433 16.1417
840 744  6.1324  5.9380 17.1711
864 744  6.7355  6.9883 23.2010
888 744  7.1512  6.6892 10.7722
912 744  7.2245  7.0028 14.8000
936 744  7.4015  7.8104 10.9519
960 744  1.2196 18.7820  8.2856
984 744  4.7810  0.0494  7.5925
 24 768  0.0041  0.0001 12.1016
 48 768 11.2424 -1.9374 11.9750
 72 768  8.2462 -1.4897 14.1146
 96 768  7.7863 -4.6570 13.6403
120 768 10.0580 -4.4943 15.5811
144 768 11.7531 -4.2874 13.7835
168 768  3.0572 -0.7296 14.9503
192 768  4.4266 -0.3205 12.8389
216 768  4.0867 -0.3872 12.0235
240 768  2.5599 -2.3235 17.5191
264 768 -2.0661 10.9227 10.1912
288 768 -1.7977  3.3482 13.2401
312 768  0.2515  3.3053 21.5009
336 768 -1.2178  0.1809 17.0900
360 768 -0.0544 -1.4646 15.7354
384 768  1.6768 -0.8135 13.4324
408 768  0.2564 -2.3633 17.7633
432 768 -0.2855 -2.9028 18.1310
456 768 -1.3438 -4.7007 15.0669
480 768 -1.2778 -3.9085 13.3541
504 768 -2.1415 -3.7027 13.6301
528 768 -0.5103  3.6514 13.9576
552 768 -0.0111  5.1018 22.3685
576 768  0.0435  4.8690 16.9202
600 768 -1.4761  0.1386 16.0430
624 768  3.9393 10.5929 15.1190
648 768  1.2735  3.9475 13.1235
672 768  1.3934  4.0685 16.3970
696 768  2.9759  3.7245 16.5245
720 768  2.9206 -3.1803  8.5135
744 768  7.0196 -0.0693 12.8006
768 768  6.4425 -1.0334 13.9878
792 768  5.9412 -5.8256 10.9310
816 768  5.4265  0.9413 16.5869
840 768  5.6337  0.9269 14.5548
864 768  8.8087  7.4334 16.1426
888 768  8.8279  7.5672 16.6042
912 768  5.7831  9.1697 20.0667
936 768  5.9498  9.2986 16.7668
960 768  2.3382 17.0120 11.5013
984 768  4.8942 -0.0755  7.2808
 24 792 -0.0174  0.0189 11.6572
 48 792  8.1452 -3.6328 15.1157
 72 792  8.6444 -1.3779 13.7859
 96 792 12.4843 -5.0372 10.2303
120 792 10.8925 -5.5351 11.3013
144 792 14.4260 -8.3848 10.3470
168 792 13.9826 -12.6142 11.1913
192 792 11.6675 -12.4075 10.7964
216 792  5.2553 -3.3953 12.7657
240 792  3.7259 -3.0367 16.4628
264 792 -0.0938  0.7526 14.8008
288 792 -1.9259  1.9938 16.6159
312 792  0.0936  2.8890 14.5506
336 792  1.8674  3.9691 10.3316
360 792 -0.2261 -8.1495 13.4052
384 792 -1.6732 -7.0901 12.5059
408 792  0.7290 -2.7589 12.8500
432 792 -0.9649 -2.3778 14.8127
456 792 -0.1285 -3.0653 18.8888
480 792 -0.6600 -3.4351 13.3756
504 792 -1.1157 -3.2677 13.5750
528 792 -3.8437  0.1411 15.6300
552 792 -1.2526  3.8536 12.6382
576 792 -0.2250  5.4876 13.3113
600 792  1.0427  7.7354 14.4393
624 792  4.2092 10.7001 16.6296
648 792  4.2107 10.8455 11.8781
672 792  4.0581  4.2971 14.7486
696 792  3.0950  4.1145 15.5179
720 792  1.1443 -8.3126 12.2834
744 792  6.0585 -1.9103 12.8725
768 792  6.5619 -0.9775 17.9337
792 792  6.8252 -0.9528 13.4080
816 792  5.3303  4.0209 14.6163
840 792  5.7608  5.8208 20.0349
864 792  7.7462  6.6235 15.7908
888 792  9.8639  6.9273 17.1085
912 792  6.4786  9.3785  8.7133
936 792  4.3990  8.9798 15.5137
960 792  4.3698  8.7875 16.5067
984 792  4.9161  0.0242  7.4599
 24 816 -0.0034 -0.0021 11.3397
 48 816  8.3669 -4.5559 17.4082
 72 816  9.0548 -4.7424  8.2716
 96 816 13.0860 -4.0422 10.5650
120 816 16.1314 -9.6548 11.3703
144 816 17.3475 -12.0836 10.9936
168 816 15.0894 -11.8223  8.7484
192 816  9.1489 -5.6496 12.2606
216 816  7.0870 -6.5435 13.1498
240 816  6.9795 -6.3047  9.3665
264 816 11.8135  0.8199  7.6736
288 816 -1.8960  1.8411  8.7569
312 816  1.8193 -3.3081 12.1532
336 816  1.2903 -7.8672 17.9599
360 816 -5.7350 -1.7511 10.3996
384 816 -3.1938 -2.7298 13.7429
408 816 -6.0530 -5.9290 13.7926
432 816 -2.1306 -3.4122 13.6717
456 816 -2.9368 -4.9316 17.5204
480 816  1.9518  5.0583 11.1212
504 816  0.7434  6.9049 15.9852
528 816 -6.1654  0.9230 11.7744
552 816 -5.8639  0.8414 18.3906
576 816 -5.0918  1.2095 18.8276
600 816  0.2502  6.8708 15.1282
624 816  1.5922  7.7611 15.6336
648 816  4.4237  7.6357 13.5488
672 816  4.7646  7.3857 13.9964
696 816  4.1777  4.0214 11.7318
720 816  4.2321  0.8218 12.8026
744 816  1.6580 -7.8291 11.3661
768 816  6.1078  0.2340 14.7128
792 816  6.0135  2.8467 12.0628
816 816  6.0279  5.6405 13.6414
840 816  5.7821  5.9189 17.2375
864 816  6.1735  5.2902 15.0452
888 816  8.2984  6.0028 14.6610
912 816 -35.2588 -15.7069  7.8776
936 816  6.0675  9.4008 11.7853
960 816  5.1975  8.6199 16.8396
984 816  4.6904  0.0604  7.5126
 24 840 -0.0070 -0.0024 12.3063
 48 840  9.0302 -5.6719 13.9877
 72 840  7.9430 -4.5500  8.6674
 96 840 10.8206 -2.3640 11.5444
120 840 -24.5160 23.3455  9.1646
144 840 17.1321 -11.1486  9.1208
168 840 13.8092 -7.7676  8.2787
192 840 14.3840 -8.1925  9.2483
216 840  9.9257 -7.9750  8.6364
240 840 13.3298 -8.3995  7.9553
264 840 10.1880 -0.0765  8.2866
288 840  6.9038 -0.2351 10.0421
312 840  3.2305  1.0960 10.3658
336 840  1.3436 -7.8791  9.8596
360 840 -2.9826 -4.3455 18.2714
384 840 -3.2138 -4.4530 19.9232
408 840 -5.8940 -5.9226 13.5391
432 840 -3.8670 -6.8662 14.5788
456 840 -3.9573 -6.1733 13.8599
480 840 -3.9923 -4.9606 10.2782
504 840  0.7801  6.7451 13.8201
528 840 -0.0518  5.0819 10.8908
552 840 -6.8911  1.6580 10.7144
576 840 -6.5860  1.2850 17.1407
600 840 -5.6993  1.2221 19.9969
624 840  0.2480  6.7769 15.1423
648 840  1.7755  6.7146 15.9852
672 840  2.0875  7.2573 17.5997
696 840  2.5794  7.5160 11.0528
720 840  5.3742  2.6274 16.2684
744 840  5.9878  3.3046  9.5436
768 840  6.3326  5.0871 18.1293
792 840  6.2910  6.3319 13.4255
816 840  5.7742  6.5094 11.5175
840 840  6.6234  7.0051 17.6861
864 840  6.5629  6.8086 14.9117
888 840  7.7873  5.9010 12.7797
912 840 11.4753 11.0817  9.8636
936 840  9.7411 11.8892 11.9521
960 840  6.1185  8.2979  9.3655
984 840  4.7818  0.0507  7.8920
 24 864 -0.0147 -0.0071 12.6196
 48 864  7.8026 -8.9303 10.0538
 72 864  7.2786 -8.6599  8.3597
 96 864  9.5843 -3.8505 17.9263
120 864 10.3779 -9.8660 10.2556
144 864 12.9228 -12.7731 15.1113
168 864 12.5340 -11.5900  9.5854
192 864  9.3463 -9.0293  8.4528
216 864  9.7442 -7.8903 11.2263
240 864 11.7800 -9.9407  9.4670
264 864 13.9694 -6.7102 10.5970
288 864  7.8730 -1.5947 11.7695
312 864 10.9497 10.1042  7.7152
336 864 -5.2457 -12.8186 12.6463
360 864 -2.9891 -3.9960 15.7110
384 864 -3.0842 -3.9403 16.8840
408 864 -3.2466 -5.2733 11.1748
432 864 -4.1414 -6.8614 12.5478
456 864 -5.9087 -6.2593 11.3164
480 864 -5.4176 -5.9575 11.7899
504 864 -10.8172  2.6385  7.3021
528 864 -9.4428 10.6739  8.0387
552 864 -10.9996  9.9693 10.4280
576 864 -7.7352  1.2851 13.8689
600 864 -6.4826  1.6911 14.9363
624 864 -2.3420  7.6845 11.2787
648 864 -1.3312  7.6312 14.2518
672 864  1.7459  6.8680 12.3420
696 864  1.8636 -0.9124 10.2032
720 864  0.6659 -1.9335 15.5168
744 864  2.9558  0.0298 10.3846
768 864  6.4749  5.0253 15.4399
792 864  6.1365  6.2472 14.5361
816 864  6.1473  6.6446 14.9505
840 864  5.9941  5.9295 14.5783
864 864  5.9775  5.9071 13.7701
888 864  6.3851  5.6505 13.5896
912 864  6.2216  5.0508 11.2753
936 864 10.6600 11.1011 11.0700
960 864 -21.1714 -0.1113  7.3411
984 864  4.9105  0.0813  8.3931
 24 888 -0.0154 -0.0138 12.7811
 48 888  6.7036 -9.4493 17.1695
 72 888  5.8810 -8.6734 21.5312
 96 888  5.6490 -8.0941 14.7937
120 888 10.9505 -10.2570 10.7501
144 888 10.9260 -11.3931 10.2734
168 888 11.0441 -12.6430  8.5551
192 888  7.1832 -8.4099  8.2681
216 888  7.6841 -7.1146 11.8902
240 888 10.5660 -10.6529  9.5550
264 888 13.3770 -8.8726 12.9053
288 888  6.0905 -1.8023 11.7750
312 888  0.7074 -6.0530 10.4828
336 888  0.4837 -6.1021 13.4049
360 888 -2.6387 -3.9426  8.5345
384 888 -3.1381 -4.5608 11.6284
408 888 -3.1001 -4.9450 16.6532
432 888 -1.9100 -3.0349 10.7342
456 888 -6.4745 -5.9360  8.9985
480 888 -11.0239  1.0307 10.4776
504 888 -12.8552  2.9871  9.9042
528 888 -13.5687  8.1403 10.6934
552 888 -11.4441  8.7543 10.9528
576 888 -10.1709  5.0496 14.1631
600 888 -5.1151  5.2232  8.8115
624 888 -4.8441  7.6968 11.5182
648 888 -2.3230  8.2935 16.6352
672 888 -3.5991  6.7147 18.8291
696 888 -1.7548 -2.7833 11.1898
720 888  0.6884 -4.0635 17.1587
744 888  2.9121  0.1868 11.1103
768 888  4.4004  0.2632 14.8639
792 888  6.1088  5.5724 17.1619
816 888  5.4456  6.2001 12.0751
840 888  4.0121  4.3586 12.2408
864 888  4.0396  3.1778 14.9025
888 888  4.2150  3.0260 13.2796
912 888  4.1240  2.2703 13.7098
936 888  5.1605  3.5837 11.2155
960 888  5.7214  7.3572 11.1838
984 888  4.6013  0.1067  7.8992
 24 912  0.0003  0.0214 12.5243
 48 912  5.2964 -7.8959 15.6095
 72 912  5.8145 -8.7730 18.4084
 96 912  5.8954 -8.9538 11.8523
120 912  9.1640 -11.2140 11.0944
144 912  9.6155 -11.2188  9.9169
168 912  9.7068 -12.3587  8.9313
192 912  6.6928 -9.1408 11.3413
216 912  5.7959 -8.3984 12.9053
240 912  3.4372 -7.6331 10.4321
264 912  5.3705 -4.9584 12.5497
288 912  5.4714 -1.7257 15.7968
312 912  0.2743 -5.8566 14.6697
336 912 -0.7713 -6.0493 16.2473
360 912 -3.8386 -2.3050 17.9757
384 912 -3.6096 -4.5692 15.8598
408 912 -3.6099 -5.2532 20.3688
432 912 -2.0614 -3.0231  9.0655
456 912 -12.1905  0.9597 13.9765
480 912 -11.7060  2.7584 11.3274
504 912 -13.1809  3.3201 12.0914
528 912 -14.0854  7.8136  9.8065
552 912 -10.8980  5.7206 14.7165
576 912 -11.7054  4.8499 15.1939
600 912 -10.5241  3.6553 13.3133
624 912 -10.2315  3.9537 14.4287
648 912 17.8308 -1.9820  6.8837
672 912 -2.1134  5.9319  8.8978
696 912  4.3749  6.8925  9.5882
720 912  0.1526 -2.5925 11.2895
744 912  2.3368 -0.2976 15.8059
768 912  3.8980  1.0855 14.8680
792 912  6.1581  4.9607 15.6554
816 912  6.6121  8.2915 15.4204
840 912  3.7179  2.1978 15.6231
864 912  3.3942  1.7510 15.6038
888 912  4.1225  0.4109 17.7573
912 912  4.0717  0.4708 14.1674
936 912  4.0948  0.4702 12.8468
960 912  2.7442  0.1720 12.3066
984 912  4.5989 -0.0271  7.9994
 24 936 -0.0042 -0.0048 12.5796
 48 936  3.6161 -14.3393 15.3365
 72 936  3.6884 -14.2978 14.6368
 96 936  4.0451 -13.8658 13.3075
120 936  4.2662 -11.8118 10.8725
144 936  3.7624 -10.1800 11.5110
168 936  4.8930 -10.3567 11.2491
192 936  4.5884 -6.3564 11.4778
216 936  3.8379 -5.4700 12.9409
240 936  5.1367 -7.6441  9.7388
264 936  7.8401 -3.2901 11.3637
288 936  5.1172 -1.3826 12.5876
312 936 -0.1687 -4.8139 11.4605
336 936 -2.2196 -2.5012  9.7938
360 936 -3.0911 -0.1692 16.3529
384 936 -3.6285 -3.0066 14.3161
408 936 -3.9519 -5.4618 15.5556
432 936 -7.8851 -0.3767 11.3394
456 936 -12.2259  0.7937 12.7674
480 936 -12.2063  2.8991 10.8128
504 936 -12.8674  3.5743 14.4300
528 936 -12.0501  2.9579 11.2027
552 936 -10.5223  5.7141 12.4121
576 936 -11.3607  6.0081 12.0162
600 936 -13.3706  5.0728 10.5363
624 936 -12.1895  5.0281 15.6257
648 936  5.9624 14.0555 11.5857
672 936  5.5689  7.0249  8.5680
696 936  5.2707  7.1839  9.0474
720 936  3.6067 -0.9060  8.9993
744 936  2.0716 -0.3866 15.6310
768 936  3.0657  1.2002 16.5692
792 936  5.8306  4.4261 12.3070
816 936  8.0068  5.7906 10.6597
840 936  1.1446  1.1400 13.4608
864 936  3.0203  1.3437 13.1662
888 936  4.0113 -0.0636 17.1912
912 936  3.6598  0.4113 12.5249
936 936  3.7617  0.1729 13.3994
960 936  0.7505  0.5884 18.2745
984 936  4.6113  0.0225  7.8038
 24 960 -0.0099 -0.0214 12.5016
 48 960  0.9092 25.2686 11.0576
 72 960  4.2011 -13.8722 14.7429
 96 960  3.2781 -14.0451 13.1086
120 960  1.9041 -9.9977 12.5136
144 960  1.5701 -8.1085 17.9921
168 960  1.7044 -6.8218 13.0219
192 960  2.3590 -4.5246 13.6091
216 960  3.1252 -5.0475 14.1794
240 960  4.0669 -10.5327 12.9404
264 960 -0.1678 -13.1158  8.6599
288 960 -3.9625 -8.8797 12.9623
312 960 -4.0391 -0.4003  8.6372
336 960 -4.7778  4.7007 14.3771
360 960 -2.7589 -0.0164 14.4348
384 960 -1.6687 -1.6114 16.4523
408 960 -1.8578 -3.0989 14.1818
432 960 -4.9042 -2.2333 12.2494
456 960 -5.3718 -1.2803 12.0475
480 960 -8.8888  1.1532 11.2453
504 960 -10.5051  3.9735 13.3359
528 960 -12.2095  3.8484 10.7422
552 960 -10.3860  5.0083 11.7021
576 960 -11.9082  7.1006  9.8392
600 960 -12.9986  9.0375 11.7311
624 960 -11.7846  6.1184  9.7092
648 960 -3.6414  0.1150 14.4510
672 960 -1.6911  2.1145  9.5144
696 960 -2.5667  4.1776 11.2571
720 960  2.3764  0.1537 10.0452
744 960  2.9930  0.2496 15.1868
768 960  5.6687  3.9319 17.7232
792 960  6.0552  3.8952 18.3182
816 960  6.7018  3.2300 14.7551
840 960  6.9008  2.9145 16.9743
864 960  3.9079  0.1719 13.2188
888 960  0.1096 -1.3176 12.5965
912 960 -0.1029 -2.2156 13.4620
936 960  2.0520 -0.8251 11.6872
960 960  0.3349  0.8978 18.6901
984 960  2.8763  0.0716  7.7213
 24 984 -0.0040 -0.0107 14.6945
 48 984  0.0278 -0.0164 12.0896
 72 984 -0.0070 -0.0029 12.1757
 96 984  0.0399 -0.0219 11.8967
120 984  0.0663 -0.0243 11.9743
144 984 -0.0065 -0.0304 12.4985
168 984 -0.0245 -0.0593 12.2186
192 984  0.0044 -0.0297 12.7779
216 984 -0.0129 -0.0046 13.0516
240 984  0.0186 -0.0147 12.1255
264 984  0.0112  0.0044 12.0412
288 984 -0.0161  0.0239 12.6080
312 984 -0.0159  0.0110 12.6691
336 984 -0.0299  0.0101 12.4737
360 984 -0.0926  0.0015 12.3518
384 984 -0.1105 -0.0296 12.9325
408 984 -0.0724 -0.0248 12.7396
432 984 -0.0835 -0.0116 12.0042
456 984 -0.0521 -0.0004 12.1489
480 984 -0.0275  0.0058 12.4341
504 984 -0.0501  0.0039 12.5221
528 984 -0.0640  0.0287 12.2250
552 984 -0.0371  0.0359 11.9517
576 984  0.0044  0.0008 12.5871
600 984 -0.0263 -0.0038 12.3342
624 984 -0.0197 -0.0055 12.1249
648 984 -0.0505 -0.0415 11.9441
672 984 -0.0456 -0.0488 11.5422
696 984 -0.0066 -0.0333 11.6798
720 984  0.0797 -0.0151 11.8166
744 984  0.1220 -0.0098 12.1717
768 984  0.0705  0.0095 12.8228
792 984 -0.0393  0.0153 12.8365
816 984 -0.0122  0.0118 12.5918
840 984  0.0701 -0.0015 12.6077
864 984  0.0528 -0.0030 12.6441
888 984  0.0038  0.0270 12.2693
912 984 -0.0430  0.0191 12.4734
936 984  0.0060 -0.0103 12.5343
960 984  0.0470 -0.0110 12.6275
984 984  4.7003 -0.0272 11.0783
