 24  24  0.0161 -1.7121 12.9620
 48  24 -0.0483 -1.6644  9.8624
 72  24 -0.1100 -1.7402  9.4479
 96  24 -0.0437 -1.7215  9.5263
120  24  0.0299 -0.3978  9.4011
144  24  0.0260 -1.8755  9.9861
168  24  0.0432 -2.0388 10.6473
192  24  0.0738 -1.7950 10.0181
216  24  0.0399 -1.6671  9.6293
240  24  0.0856 -1.7602  9.7898
264  24  0.0406 -1.8899 10.0374
288  24  0.0146 -1.7725  9.6856
312  24  0.0121 -1.7217  9.1055
336  24 -0.0045 -1.8894  9.8113
360  24  0.0028 -1.8053  9.6007
384  24  0.0020 -0.4024  9.2105
408  24 -0.0371 -1.7949  9.5394
432  24 -0.0460 -1.9404 10.3974
456  24 -0.1282 -1.8328  9.7450
480  24 -0.1750 -1.6730  9.2023
504  24 -0.0440 -1.8113 10.1581
528  24 -0.0130 -1.7397  9.8217
552  24  0.0746 -0.3941  9.2219
576  24 -0.0863 -0.3913  9.3015
600  24 -0.0758 -0.4328  9.6477
624  24  0.0056 -0.4262  9.6946
648  24 -0.1285 -1.6247  9.7973
672  24 -0.0073 -1.7131  9.3077
696  24 -0.0395 -1.5569  9.3356
720  24 -0.0548 -1.6746 10.0869
744  24  0.0117 -1.8740 10.2001
768  24  0.0715 -1.8006  9.3593
792  24  0.0609 -1.7881  9.3871
816  24 -0.0109 -1.8210  9.8117
840  24 -0.0078 -1.7176  9.7330
864  24  0.0927 -1.7041  9.7506
888  24  0.0843 -1.8718  9.7124
912  24 -0.0212 -1.8661 10.0274
936  24  0.0164 -1.6735  9.7448
960  24 -0.0015 -1.5992  9.8111
984  24  0.5520 -1.7054 12.5088
 24  48 -0.0064  0.0986 12.9767
 48  48  2.0623  2.2050 13.5559
 72  48  2.2791  0.7233 11.1148
 96  48  0.3116 -0.7851 14.8488
120  48  1.0174 -0.0955 17.1652
144  48  2.1534 -1.6425 12.2129
168  48  4.2401 -2.2527 13.8525
192  48  3.6399 -3.8807 14.7135
216  48  3.7095 -2.8841 11.7637
240  48  4.7337 -2.9531 19.9179
264  48  5.2459 -2.2753 17.5671
288  48  5.5139  0.0385 16.6568
312  48  6.5224  1.0763 12.2813
336  48  4.6913  0.9234 13.3445
360  48  9.2273  5.5368  9.1529
384  48  6.6221  5.1976  8.8640
408  48  1.4326  0.0761  9.9738
432  48 -3.5934 -0.6853 11.7328
456  48 -6.2160 -3.1357 14.1236
480  48 -8.2051 -2.0814 12.5441
504  48 -1.7958 -0.4956  8.6205
528  48  1.1991  0.7874 11.6226
552  48  1.2818  0.7290 11.3906
576  48 -5.6727  0.1288 10.4830
600  48 -7.7725 -0.3777 13.7990
624  48 -5.2594  0.3144 13.5902
648  48 -5.2358 -0.2376 10.6083
672  48 -5.2459 -0.0831 11.3798
696  48 -4.0927  1.1786 16.6032
720  48 -1.1795 -1.5248 16.3983
744  48  0.4063 -2.3680 17.9325
768  48  3.0146  0.0841 14.6418
792  48  1.6602  1.5472 13.9214
816  48  0.9181  7.4572 12.9200
840  48  6.1364 -2.8753 12.4884
864  48  7.3523 -3.8280 11.4029
888  48  2.6185 -5.0493 11.2382
912  48  0.6091 -2.0486 12.9370
936  48 -2.1121  1.6857 14.5521
960  48 -0.9427  0.7461 13.8931
984  48  0.7000  0.0093 10.5678
 24  72 -0.0158  0.0148 12.3423
 48  72  1.9655  1.3516 15.5278
 72  72  2.9536  0.7552 16.3255
 96  72  1.9480  0.4206 16.5411
120  72  1.5966  0.9721 16.4335
144  72  3.2475 -1.3550 11.1320
168  72  4.9310 -1.8196 12.6770
192  72  5.2364 -2.4126 15.5120
216  72  6.3421 -0.1811 10.3772
240  72  7.1243 -0.6953 14.9373
264  72  5.5654 -0.4978 15.0536
288  72  4.9015  0.2438 18.6575
312  72  4.1712  0.4764 12.1557
336  72  2.1874  2.1617 15.6424
360  72  2.2177  2.9285 19.3246
384  72  0.2158  2.8424 13.7124
408  72 -4.3533  0.7208 14.0982
432  72 -3.9011 -0.0844 14.8721
456  72 -7.3597 -0.7013 10.4962
480  72 -9.0082 -1.6487 13.9038
504  72 -1.1750 -3.7081 10.9398
528  72 -0.8615 -0.0206 14.3696
552  72 -5.3655  3.7013 13.0761
576  72 -5.9763  0.7884 11.9093
600  72 -6.8558 -0.1962 12.3757
624  72 -4.8805  0.3414 13.6327
648  72 -4.1565 -0.2027 14.6375
672  72 -3.6050 -1.0867 13.9742
696  72 -1.3493 -2.2615 13.4791
720  72 -0.4570 -2.4301 16.0129
744  72  1.1977 -1.5619 14.6628
768  72  6.7761 -3.8917  7.3474
792  72 -5.0032  3.6430 12.5597
816  72 -2.0453  0.1773 19.0602
840  72  6.0627 -2.4941 11.7906
864  72  6.7712 -3.8559 12.5107
888  72  0.6458 -3.0356 22.8348
912  72  0.4186 -1.6483 20.8239
936  72 -2.9093  0.9965 13.7307
960  72 -2.9942  1.1355 13.7154
984  72  0.7333  0.0254 10.7408
 24  96 -0.0170 -0.0147 11.4892
 48  96  1.0602  0.4192 16.9148
 72  96  1.9470  0.5868 19.9454
 96  96  2.2951  1.5756 13.5459
120  96  3.0065  2.5750 12.1336
144  96  4.8808  0.2218 10.1399
168  96  6.1874 -0.3997 12.9310
192  96  6.2631 -1.2533 14.8689
216  96  5.3703  1.3448 12.8255
240  96  6.9419  2.0997 14.1551
264  96  5.3941  1.7696 16.5727
288  96  5.0574  2.1483 17.9255
312  96  4.4002  0.2604 13.2830
336  96  2.9239  0.9174 13.0458
360  96  2.2459  2.6738 13.3997
384  96  0.4993  3.0500 13.7695
408  96 -1.3610  1.0448 10.5213
432  96 -2.4382  0.9429 15.0575
456  96 -1.6456  0.7539 14.5234
480  96 -5.5602 -1.7707 10.4218
504  96 -0.3128 -5.3504 12.6347
528  96 -0.6886  0.8644 11.7923
552  96 -3.5601  3.0973 12.7451
576  96 -0.8563  0.3371 11.8430
600  96 -2.3034  0.9484 13.8957
624  96 -3.3786  1.1574 14.5385
648  96 -2.6697 -0.0458 11.9903
672  96 -0.4823 -2.4748 12.4545
696  96 -0.2367 -3.4178 13.5855
720  96 -0.0544 -3.8734 18.1112
744  96  0.9598 -1.1832 13.4444
768  96 -0.0487  2.0406 11.0303
792  96 -1.0892  1.9076 10.8911
816  96 -0.5356  0.0697 16.0269
840  96 -0.2120  0.6963 17.6921
864  96 -2.6009  2.0430 15.2783
888  96 -0.2276  1.1040 15.3437
912  96 -0.6559  0.9595 15.5591
936  96 -0.9368  0.3123 14.5652
960  96 -0.4530 -0.1271 14.0567
984  96  0.8054 -0.0804 10.8332
 24 120  0.0285  0.0056 11.9149
 48 120  1.0658 -0.0960 15.9924
 72 120  2.5483  0.1976 17.9151
 96 120  3.8593  1.0583 15.4720
120 120  7.6256  4.0590 15.5019
144 120  7.4877  4.7213 11.5702
168 120  7.1357  3.0424 15.2091
192 120  6.4655  3.3905 10.6431
216 120  0.0119 -0.1272 18.0313
240 120 -0.1257 -0.0252 15.9508
264 120  5.3921  1.0419 12.8286
288 120  5.0150  1.2559 17.2227
312 120  4.3246  0.3325 14.8068
336 120  3.9547 -0.2559 15.4778
360 120  2.1827  0.9376 13.3604
384 120  2.6067  2.7420 14.9942
408 120  0.6156  0.4552 14.8783
432 120 -1.2193 -0.1533 14.5650
456 120 -0.8039  1.2866 17.6676
480 120 -0.5253  1.1123 16.7888
504 120  0.2194 -1.8133  7.2694
528 120 -0.2073  2.3315  7.4756
552 120 -0.2433  3.4146 13.9971
576 120 -0.5393  1.2168 18.4373
600 120 -0.7586  0.7379 13.9629
624 120  0.1640  0.1664 16.7798
648 120  2.1321 -0.9401 13.2314
672 120  1.1092 -1.6493 15.1905
696 120 -0.7350 -2.0133 17.5164
720 120 -1.2033 -2.9675 16.1892
744 120  0.0800 -2.5699 14.3711
768 120  0.2349 -0.3023 12.8488
792 120 -0.1403 -0.2672 15.8019
816 120 -0.3770  0.0157 16.8163
840 120 -0.8360  0.3606 16.0684
864 120 -4.8046  4.1775 16.4705
888 120 -1.2057  2.7942 16.8494
912 120 -0.8350  2.6395 17.7489
936 120 -0.2889  0.9080 14.4988
960 120  0.0530  0.2230 15.3232
984 120  0.5887  0.0199 10.0594
 24 144  0.0492  0.0276 11.8393
 48 144  1.1937  0.1167 10.1602
 72 144  3.8677  0.1826 15.4072
 96 144  4.7029  0.3479 19.7931
120 144  4.1703  0.8604 12.4114
144 144  5.3694  3.9525 12.9244
168 144  6.0525  4.0246 13.5615
192 144  6.7004  4.2669 12.9204
216 144  0.4186 -0.0078 10.5996
240 144 -0.0457 -0.4172 16.1988
264 144  0.7463 -2.0896 11.1976
288 144  4.4146 -0.0041 15.4750
312 144  5.6324 -0.5569 14.4489
336 144  4.7819 -1.1283 16.6027
360 144  3.2650 -1.2475 17.4071
384 144  3.3566 -0.1046 15.8853
408 144  1.0119  0.0770 12.0368
432 144 -1.0532 -0.5845 14.6424
456 144 -0.4487  1.1531 17.6916
480 144 -0.8006  0.7071 15.0253
504 144 -1.7791 -0.1974  8.3452
528 144 -4.0014  1.4988 11.0421
552 144 -1.3773  4.4065 14.1389
576 144 -0.2666  2.4718 15.7354
600 144  1.1651  1.5148 15.4017
624 144  2.4827  0.8408 16.6555
648 144  3.1385  0.1382 14.9549
672 144  0.7683 -0.0165 15.5885
696 144 -0.1690 -0.4924 17.0134
720 144 -0.2717 -1.1596 13.5256
744 144 -0.0360 -2.6348 13.3013
768 144 -0.1499 -1.8091 16.6304
792 144 -1.8297 -0.5292 14.8392
816 144 -4.1402 -0.2689 16.9229
840 144 -4.9000  0.2423 12.7251
864 144 -3.2819  0.4535 13.4570
888 144 -3.2570  0.3286 18.8440
912 144 -2.2644  1.1433 12.9007
936 144 -1.1667  0.1012 15.3608
960 144 -2.5829  0.7295 14.0412
984 144  0.6709  0.1023 10.3825
 24 168  0.0085 -0.0298 12.5954
 48 168  4.0654 -3.0986 14.3040
 72 168  3.3894 -2.8078 15.5285
 96 168  3.1029 -1.6097 14.3764
120 168  1.9701 -1.2611 14.6624
144 168  6.8109  5.0309 10.8291
168 168  6.6740  5.0100 13.7884
192 168  7.1485  4.6111 11.8947
216 168  7.0491  5.1938 12.2663
240 168  6.6641  1.4064 14.1111
264 168  5.3621  0.8609 10.1798
288 168  5.4260 -2.9744 12.7287
312 168  5.1181 -1.7200 14.5467
336 168  5.9602 -0.2676 15.0482
360 168  4.2795 -1.4505 16.6984
384 168  2.4679 -1.2826 17.1196
408 168  0.9179 -0.0283 15.1644
432 168  0.6498 -0.7558 18.6104
456 168 -1.0624 -0.3675 16.9142
480 168 -3.2904 -0.6901 14.3069
504 168 -4.1312  1.8093 12.4309
528 168 -4.4170  1.6988 13.5016
552 168 -4.2253  3.0528 12.0268
576 168 -1.2661  3.6100 12.1142
600 168  0.3977  3.7968 12.8090
624 168  1.8007  3.0212 13.4491
648 168  1.4204  2.0537 14.5561
672 168  0.2523  0.2258 14.8851
696 168 -0.0307 -0.0593 17.4453
720 168  0.1635  0.2272 12.1372
744 168 -0.3305 -0.0112 14.1294
768 168 -1.5409 -0.2169 13.9683
792 168 -2.2745 -0.3778 16.5343
816 168 -4.1628 -0.9164 16.7917
840 168 -3.3002  0.0308 13.0844
864 168 -3.0691  1.0560 11.2763
888 168 -4.3949  3.2796 13.3998
912 168 -4.7972  2.7948 16.7690
936 168 -2.4048  1.9660 15.9678
960 168 -2.8496  1.1598 15.0619
984 168  0.7366  0.0378 10.8547
 24 192  0.0047  0.0048 12.1804
 48 192  5.8217 -2.7298 13.9445
 72 192  3.3215 -2.9268 18.2881
 96 192  2.9920 -3.0011 14.8358
120 192  3.8531 -5.2906 17.6152
144 192  4.0254 -5.3449 13.2605
168 192  6.2511  4.8012 14.9615
192 192  6.3063  4.9600 16.8319
216 192  8.4833  4.6873 11.1374
240 192  7.4390  1.1144 16.9230
264 192  7.3242 -0.4369 12.9215
288 192  6.0574 -1.2041 17.1298
312 192  4.1133 -1.6647 15.5894
336 192  4.8664 -0.9131 15.1340
360 192  4.7662 -0.6919 16.6797
384 192  2.2438 -0.3994 16.6208
408 192  3.0126  0.2092 18.2935
432 192  1.5358 -0.3059 14.4211
456 192 -1.1276 -1.2599 18.1737
480 192 -2.2206  0.6630 13.5703
504 192 -4.2804  2.7555 10.2767
528 192 -6.7955  1.4205  7.4926
552 192 -3.0737  3.0365  9.3961
576 192 -3.5715  3.9202 11.3095
600 192 -0.3775  6.0700 11.4893
624 192 -0.3083  5.0651 13.6211
648 192  0.1797  2.4911 14.5324
672 192 -0.2478  0.3177 16.0457
696 192 -0.4095  0.3708 14.9636
720 192 -0.5479  1.6603 12.0235
744 192 -0.7109  1.4508 12.6794
768 192 -0.4437 -0.0122 14.1768
792 192 -0.5487 -0.5646 16.5169
816 192 -2.2086 -0.3380 12.9354
840 192 -2.9031  2.7812 12.7956
864 192 -3.6443  5.3031 10.5924
888 192 -3.4373  5.2118 14.7259
912 192 -4.8493  3.8000 14.9673
936 192 -4.5996  1.9748 13.6702
960 192 -2.4298  0.1995 13.9705
984 192  0.3936 -0.0204  9.8963
 24 216  0.0247 -0.0148 11.7232
 48 216  6.8760 -0.3411 14.9112
 72 216  5.0218 -0.9870 14.6481
 96 216  4.6122 -1.7528 15.3109
120 216  5.7010 -4.3576 17.0260
144 216  4.2421 -5.5439 15.2215
168 216  6.7208  5.4276 13.9821
192 216  5.9773  5.4697 14.9474
216 216  8.1797  4.7855 13.4502
240 216  8.1112  4.2018 15.0752
264 216  8.7213  0.0855 12.6091
288 216  8.9544  0.9238 15.8409
312 216  9.7042  1.6462 11.5557
336 216  4.9472 -1.5236 14.7992
360 216  5.0845 -0.9165 20.2409
384 216  5.8190  3.2533 14.7281
408 216  3.8285  1.2874 13.1077
432 216  2.8194  0.4444 13.6612
456 216  2.8097  0.4517 14.0975
480 216  0.0387  2.4010 13.2692
504 216  0.0703  2.0502  6.9602
528 216 17.4711 -9.3076 10.9392
552 216 -1.7416  2.8821 11.6326
576 216 -2.9539  5.1156 13.3292
600 216 -3.2027  5.7177 12.9421
624 216 -1.7469  3.5375 12.5107
648 216 -0.5837  0.5508 13.2137
672 216 -0.3768  0.2630 17.1948
696 216  0.1821  0.5416 16.0622
720 216 -0.0004  1.1837 12.1006
744 216 -0.4426  2.0944 14.3303
768 216 -0.2819  0.4729 13.2868
792 216 -1.3633 -0.1585 15.0666
816 216 -2.8883  4.8606 15.4304
840 216 -2.5905  4.8428 15.0564
864 216 -3.2819  7.1299  9.8094
888 216 -7.7245  6.8797  9.3763
912 216 -6.0823  1.8505 14.7331
936 216 -5.6235  1.6255 12.4176
960 216 -3.1567 -0.3888 15.0127
984 216  0.7354 -0.0601 10.3418
 24 240  0.0194  0.0128 12.3472
 48 240  3.7161 -0.2303 14.4196
 72 240  7.7656 -1.0928 11.2600
 96 240  8.7291 -2.9949 13.5715
120 240  7.1281 -3.7074 15.1844
144 240  4.5197 -4.9133 11.9951
168 240  7.1780  6.5550 13.6171
192 240  6.8331  6.4346 19.5894
216 240  7.4421  3.9366 16.0435
240 240  8.1379  3.6190 13.1470
264 240  8.3004  0.2552 12.6831
288 240  8.6401  0.8860 15.9037
312 240  9.8445 -0.0773 12.0284
336 240  5.8418 -5.4685 14.8536
360 240  5.3685 -3.2471 18.6164
384 240  8.5160  2.5507 13.0337
408 240  7.1427  3.9162 18.5259
432 240  3.9951  3.2897 12.3356
456 240  1.3734  3.9735 15.5818
480 240  0.0584  5.1280 14.7398
504 240 -1.7963  1.0432 11.6371
528 240 -1.9011  0.8325 15.1469
552 240 -2.0450  2.2727 11.3195
576 240 -3.1385  5.3388 13.9372
600 240 -2.5071  4.3787 12.9845
624 240 -2.4680  3.6403 15.8863
648 240 -0.5014  2.4234 12.7411
672 240  0.1287 -0.0391 17.4152
696 240  0.4298  0.2404 16.2948
720 240  0.4701  1.0175 13.7502
744 240  0.0049  3.8028 13.2157
768 240  0.0463  3.4728 13.2397
792 240  0.1130  3.7834 11.6516
816 240 -3.0903  5.2933 11.2702
840 240 -6.6695  7.8557  9.1701
864 240 -8.4465  9.9294 13.6757
888 240 -5.4617  1.9555 10.0082
912 240 -4.1456  0.3107 12.9080
936 240 -4.0199 -0.2273 14.7153
960 240 -4.0125 -1.2764 16.5652
984 240  0.9321 -0.0644 10.9317
 24 264  0.0018  0.0554 12.4336
 48 264  0.0005  1.1899 14.1043
 72 264  0.3211 -2.3051 14.5871
 96 264 -0.1123 -3.2362 12.6384
120 264 10.9401 -2.7561 13.6397
144 264 13.8702  4.9283  9.5290
168 264 12.7174  4.4598 11.1227
192 264  6.5977  4.3402 11.0628
216 264 -40.0015 -23.0008 10.6015
240 264  9.7617  2.2081 15.2674
264 264  7.6623  0.3141 12.9265
288 264  6.9581 -0.0191 14.5263
312 264  4.8922 -4.7583 13.3288
336 264  5.3080 -4.7974 15.2319
360 264  5.1397 -3.9212 16.9395
384 264  5.0721 -3.6592 14.4702
408 264  5.6686  4.0272 14.6055
432 264  3.2960  4.4225 13.0346
456 264  0.2946  5.4964 15.9433
480 264  0.1121  6.1297 11.5643
504 264 -0.9238 -0.1257 16.7491
528 264 -1.2153  0.6858 16.1514
552 264 -1.6026  3.0768 13.4007
576 264 -2.5630  5.8601 20.9638
600 264 -1.8110  3.8572 13.1075
624 264 -0.2708  3.4083 14.3946
648 264 -0.0120  3.4304 14.0306
672 264 -0.0581  0.1492 16.3586
696 264 -0.6831 -0.0870 16.3972
720 264  0.0089  0.3015 14.0408
744 264 -0.0046  5.7322 14.6945
768 264  2.0880  7.7545 13.8847
792 264  1.6035  5.8575 14.1878
816 264 -0.3138  5.9455 10.3747
840 264 -3.3356  9.7686  9.9084
864 264 16.2073 -0.1156  9.0140
888 264 -1.9612  0.8977 16.8595
912 264 -1.9374  1.0654 14.4680
936 264 -1.0500  0.7688 13.1685
960 264 -0.0817 -0.8842 15.0461
984 264  0.7411 -0.1290 10.4280
 24 288 -0.0250  0.0039 12.4967
 48 288 -0.5845 -1.9446 16.0570
 72 288 -0.2567 -2.9522 15.6174
 96 288 -0.7556 -4.9001 18.0636
120 288 -0.1876 -1.0664 12.6447
144 288 12.8604  5.1008 12.7973
168 288 13.0121  4.2840 18.2974
192 288  3.1755 -1.8792 12.5037
216 288  3.7945 -0.8629 20.4046
240 288  9.8289  2.7649 13.5927
264 288  4.6293 -0.2923 13.0579
288 288  4.4794 -1.2571 20.1769
312 288  4.6469 -3.9678 15.9178
336 288  5.1670 -3.6302 12.0295
360 288  5.0795 -2.7725 14.9437
384 288  4.6018 -1.6197 12.5020
408 288  3.7314  3.0596 13.1267
432 288  3.9473  5.8991 14.9220
456 288  0.7907  6.4115 13.5879
480 288  0.2729  4.9683  9.9315
504 288  0.8287 -0.4188 12.9153
528 288 -1.0523  1.0346 18.1045
552 288 -1.7310  2.0684 15.8112
576 288 -1.2309  3.2817 14.9455
600 288 -1.1254  4.0491 13.8946
624 288 -2.1000  4.3933 16.3390
648 288 -2.6481  4.2763 11.6282
672 288 -0.7833  1.0944 14.9160
696 288 -1.6086  0.3847 14.1546
720 288 -1.8366 -0.1254 12.7901
744 288 -0.2002  2.6354 13.4973
768 288  2.2034  7.0653 11.3201
792 288  1.3266  8.9088 11.1595
816 288  1.0444  9.4570 10.2530
840 288  4.0157 13.8594  9.3679
864 288  4.7250 15.5189  9.9645
888 288 -0.8670  1.7904 16.0734
912 288 -0.1566  2.0372 17.9531
936 288  1.0635  0.4012 15.5326
960 288  1.0078 -0.8410 17.8063
984 288  0.6870 -0.1389 10.3515
 24 312 -0.0370  0.0077 13.0521
 48 312 -0.6708 -1.5586 12.2193
 72 312 -0.2335 -3.9148 18.1626
 96 312 -1.1356 -5.6916 22.0244
120 312  0.2229 -1.4033 20.5604
144 312  0.4035 -0.6786 16.0967
168 312  0.6187  0.2132 13.6302
192 312  2.9625 -1.6465 14.0552
216 312  3.3623 -0.6842 23.6030
240 312  2.9454 -0.2521 20.4797
264 312  3.7875 -0.3280 19.8882
288 312  3.5455 -0.6632 15.4333
312 312  2.8116 -3.5529 12.6477
336 312  2.6266 -3.8377 12.6002
360 312  3.5462 -0.2128 16.2621
384 312  2.4141 -0.1464 16.2624
408 312  1.8027 -0.1673 14.6073
432 312  0.9543  0.3724 12.1220
456 312  1.9677  6.6141 10.1488
480 312  5.0967 -2.5691 10.1241
504 312 -0.1790  1.7849 11.6182
528 312 -2.4754  2.6420 17.4975
552 312 -2.0909  2.4562 15.3616
576 312  0.3870  2.2773 13.1394
600 312 -1.1123  3.9196 12.7931
624 312 -1.2684  5.3937 12.4598
648 312 -1.8951  4.9497 12.5092
672 312 -0.4327  2.6401 16.9999
696 312 -1.7273  0.9897 13.3770
720 312 -2.1204  0.1794 15.6524
744 312 -1.7596  1.7053 13.3472
768 312 -2.5882  6.2925 11.9336
792 312 -1.0526  8.1295 16.6984
816 312 -0.7298  6.7703 13.0050
840 312  4.1088 15.1898  9.8471
864 312  5.6453 13.6704 15.7760
888 312 -1.0146  2.0201  9.8902
912 312 -6.2695 -2.5111 14.2641
936 312 -0.1007 -0.5617 15.9433
960 312  0.2564 -0.9338 20.0857
984 312  0.7306 -0.0055 10.6417
 24 336 -0.0272 -0.0445 12.8077
 48 336 -3.8286 -0.9600 16.6530
 72 336 -5.1379 -1.9047 14.3202
 96 336 -1.3441 -4.7798 11.8693
120 336  0.3397 -1.3178 19.6294
144 336  0.4623 -0.2540 22.6212
168 336  0.2224  0.1565 23.4783
192 336  3.8453  1.7394 14.5505
216 336  2.9160  0.2620 13.7099
240 336  3.2222  0.2591 11.1527
264 336  3.0836 -0.1397 16.8556
288 336  3.1800 -0.4008 16.6383
312 336  3.4164 -2.0376 13.8317
336 336  3.9647 -1.2092 13.5838
360 336  3.0778  0.1172 15.1197
384 336  3.7118  0.0681 16.7182
408 336  2.7750 -0.2201 13.7415
432 336  0.7298  0.2928 15.8575
456 336  0.5836  2.3366 11.9656
480 336  5.0759 -0.8854  7.9498
504 336 -0.4244  3.3044 11.8107
528 336 -1.5880  0.7478 13.1030
552 336 -0.2654  1.4104 14.9465
576 336  0.3780  2.2842 14.9374
600 336  0.0778  4.9614 15.2073
624 336  0.3214  7.4611 16.0460
648 336  0.4910  8.0377 12.5117
672 336 -0.0534  4.8090 15.3098
696 336 -1.5696  3.9211 12.8911
720 336 -1.8115 -0.8883 14.0433
744 336 -1.5501  0.0167 12.9450
768 336 -3.2607  5.0734 14.4176
792 336 -1.5805  5.4073 14.4611
816 336 -1.0031  4.4668 16.6862
840 336 -1.7419  2.8295 11.1941
864 336  4.8174  9.7600 16.2630
888 336  4.9625  8.7674 10.5454
912 336 -5.8221 -2.8754  9.6376
936 336 -3.8386 -4.8877 12.0218
960 336 -0.0581 -1.4485 15.5770
984 336  0.6630 -0.0808 10.4096
 24 360  0.0007  0.0261 11.8384
 48 360 -4.1968 -0.0098 11.4133
 72 360 -4.5446 -1.6388 18.0423
 96 360 -1.2509 -2.9647 13.6962
120 360  0.0229 -4.7588 19.5369
144 360  1.6231 -0.0534 20.2436
168 360  3.5575  0.6024 18.4750
192 360  5.9406  1.4860 15.7885
216 360  5.3406  2.8867  9.3096
240 360  5.9768  1.9784  9.0343
264 360  4.3860  0.0053 15.7735
288 360  3.5295 -0.1175 14.7323
312 360  4.6041 -0.3525 13.1480
336 360  4.0168 -0.1529 16.8972
360 360  3.0085  0.7857 14.0253
384 360  3.4711  0.2290 16.2140
408 360  2.9873 -0.2879 13.4348
432 360  0.8346 -0.0581 16.1003
456 360 -1.8094  2.9802 19.9579
480 360 -2.2619  3.0765 16.0233
504 360 -1.0716  5.6533  9.4598
528 360 -0.9548  2.6035 12.7219
552 360 -2.0273  0.7396 13.4212
576 360 -1.8181  1.6879 15.5870
600 360 -0.6642  3.7708 12.3336
624 360  0.2207  3.9345 14.8073
648 360 -1.2957  6.1385 12.1464
672 360 -4.1590  6.1900 12.4460
696 360 -4.8500  6.1875  9.9637
720 360 -1.7153 -1.7715 16.9130
744 360 -1.9721 -0.3950 12.6384
768 360 -3.3538  3.9102 11.9405
792 360 -1.2869  4.6515 10.7646
816 360  2.4568  0.9036 15.2536
840 360  0.8226  2.9201 12.9382
864 360  4.9034  8.3665 15.1168
888 360  4.0109  6.3338 11.1767
912 360  2.2139  4.6939 13.5121
936 360 -1.8765 -3.8719 10.5064
960 360 -4.0919 -5.2422 14.2152
984 360  0.7090 -0.0958 10.5797
 24 384  0.0230  0.0766 10.8140
 48 384 -0.8828  0.1987 14.4886
 72 384 -2.8728 -0.4409 15.6269
 96 384 -1.1123 -3.4442 16.2375
120 384 -0.0784 -3.6559 18.5748
144 384  0.9852  0.0191 14.8865
168 384  4.0017  0.4591 16.5477
192 384  5.6896  1.1433 15.0546
216 384  6.4834  1.8773 10.9487
240 384  6.9857  0.7466 12.4334
264 384  6.1476  0.0870 15.5872
288 384  3.4134 -0.1325 13.3600
312 384  3.6481 -0.0408 14.5506
336 384  2.6833  0.1331 18.1747
360 384  2.5935  0.9011 16.6188
384 384  3.0363  0.3715 14.7285
408 384  2.3103 -0.2270 15.1822
432 384  1.5556  0.1473 19.5618
456 384 -0.2682  2.5203 15.0910
480 384 -2.4588  0.4633 14.8880
504 384 -1.0844  1.0718 13.0924
528 384 -0.9749  2.5467 15.5399
552 384 -1.2303  2.6009 16.7656
576 384 -1.8703  1.4799 15.8012
600 384 -0.8243  2.7239 14.1082
624 384  0.5043  2.6767 11.3696
648 384 -3.1979  7.1275 14.9141
672 384 -4.3025  6.3644 16.4819
696 384 -4.2040  5.9645 13.3058
720 384 -2.4534 -0.3591 15.1808
744 384 -3.8224  3.5833 15.2395
768 384  1.8644 -2.0236 15.7188
792 384  2.2191 -1.8510 19.4607
816 384  2.0955 -0.7903 16.0705
840 384  0.1088  2.1927 11.4797
864 384  2.2227  5.0002 17.4871
888 384  2.6393  5.7003 15.7791
912 384  2.1138  5.4591 14.4300
936 384 -3.1565 -4.4464  7.5692
960 384 -5.4881 -7.2740 13.9273
984 384  0.6937 -0.0228 10.3100
 24 408  0.0146  0.0332 11.5568
 48 408 -1.3885  0.0652 16.8250
 72 408 -3.3012 -0.2349 16.5728
 96 408 -2.8382 -3.0986 14.7110
120 408 -2.0198 -3.3715 12.9037
144 408 -2.7970  2.1742 17.7104
168 408 -2.8901  1.6252 15.0910
192 408  3.2408 -2.5834 12.2879
216 408  7.1222  1.0806 13.3782
240 408  7.8854  0.4074 13.5529
264 408  3.7986 -0.1200 14.4910
288 408  1.7071  0.6299 16.5579
312 408  0.5617  0.2934 20.0087
336 408  1.4347 -0.0447 13.8794
360 408  1.5875  0.0854 14.8747
384 408  1.9232 -0.2553 16.4718
408 408  2.1367 -0.2798 12.0674
432 408  1.5438  0.2403 17.4749
456 408  0.0816  0.0839 21.9675
480 408 -1.5637 -0.7810 15.2775
504 408 -0.2314 -0.2518 12.8570
528 408 -1.5318  2.0010 12.6428
552 408 -0.9961  1.6773 12.9985
576 408 -0.8412  2.6630 14.6630
600 408 -2.4401 -5.1720 11.1403
624 408 -0.4335 -5.7839 13.8117
648 408 -1.7998 -4.7074 11.6887
672 408 -5.3813  5.2731 11.9869
696 408 -4.3655  3.9064 12.6919
720 408 -3.9282  1.1684 16.1349
744 408 -2.0645  4.1407 19.0020
768 408  1.5887 -1.1311 11.0724
792 408  0.7286 -2.3192 19.4270
816 408 -3.8970 -1.3340 19.8910
840 408 -4.2133 -2.0294 12.9765
864 408  2.1175  3.8543 12.3016
888 408  1.2912  5.2116 12.7581
912 408  0.6866  5.4126 11.4104
936 408 -0.3850  0.7382  9.4732
960 408 -4.6673 -9.1973 11.3401
984 408  0.6681 -0.0675 10.2188
 24 432 -0.0015  0.0654 12.3359
 48 432 -3.0394  0.1857 19.2746
 72 432 -2.2135 -0.2245 15.5357
 96 432 -2.6937 -2.9057 13.2476
120 432 -4.7357 -4.4679 14.9795
144 432 -1.6433  0.1546 14.5863
168 432 -3.2607  1.3476 17.4130
192 432 -3.7367  0.5099 16.3741
216 432 -3.6766 -4.1068 11.8556
240 432  8.3120 -0.1419 11.4352
264 432 -0.2105  0.6087 12.6049
288 432  0.5952  0.5955 19.3769
312 432  0.3084  0.2249 19.7895
336 432 -0.0386 -0.3582 17.5137
360 432  0.0645 -0.7202 15.9680
384 432  1.0468 -2.3676 17.7494
408 432  2.2245 -2.9133 11.9254
432 432  3.3553 -0.0724 16.6500
456 432  2.5761 -0.2295 17.1492
480 432  0.1706 -1.4941 17.5897
504 432 -1.2952 -1.1938 16.5586
528 432 -2.6755  1.0483 16.1103
552 432 -2.0773  0.8499 12.4804
576 432 -4.7570  1.6210 14.9528
600 432 -2.4764 -7.0435 12.5567
624 432 -1.2974 -5.9304 13.3532
648 432 -0.2909 -3.4592 13.8972
672 432 -5.7679  0.3434 12.1084
696 432 -4.9379  0.3428 15.4425
720 432 -4.0959  0.8118 15.9750
744 432 -2.0164  3.5120 20.1498
768 432  0.0103  1.2636 17.2352
792 432 -1.9124 -1.3148 25.0390
816 432 -3.0863 -1.6985 20.5644
840 432 -4.2051 -3.0516 14.4993
864 432 -1.9254 -7.6262 14.9627
888 432 -3.3486  1.1351 11.6360
912 432 -1.3519  3.0766 12.8050
936 432 -0.9003  0.4301 15.2998
960 432 -1.2905 -0.3863 11.8945
984 432  0.7390  0.0146  9.8040
 24 456 -0.0089  0.0127 12.5849
 48 456  3.1380  2.5840 21.7538
 72 456  1.2795  1.6495 15.9159
 96 456  3.1889  0.7449 11.2783
120 456 -5.2308 -3.9443 13.4801
144 456 -1.0279  0.1694  9.0387
168 456 -2.6674  1.2698 12.2400
192 456 -2.3119 -2.7326 13.6888
216 456 -2.9420 -4.0270 21.2029
240 456 -0.8960 -1.0762 18.5280
264 456 -1.2032 -1.8288 17.4016
288 456 -0.0925  0.3357 20.0274
312 456 -0.0310  0.2864 22.5292
336 456 -0.4686 -0.2371 23.1481
360 456 -1.7638 -3.1344 16.3065
384 456  0.5262 -5.3181 17.1555
408 456  2.2459 -4.4101 14.8266
432 456  4.0847  0.0423 13.5904
456 456  2.9465 -1.0385 18.2191
480 456  0.3406 -1.8787 15.8841
504 456 -3.3270 -0.0125 14.1011
528 456 -3.6927  1.1151 14.5691
552 456 -6.0284  2.2732 12.9351
576 456 -4.9567  1.2825 11.1523
600 456 -2.6017 -1.9776 12.6591
624 456 -4.6196 -5.2411 16.8202
648 456 -0.1284 -2.9786 15.3431
672 456 -0.2384 -0.3747 13.8821
696 456 -0.2880  0.4037 16.9655
720 456 -4.0380  0.8421 13.7458
744 456  0.1659 -0.1685 15.6264
768 456  0.2124  0.0079 18.4818
792 456 -0.9220 -0.2614 20.2477
816 456 -2.5808 -1.6661 25.0123
840 456 -3.4834 -1.9120 10.8002
864 456 -6.7162  1.3644 16.0961
888 456 -5.0982  1.9470 14.3725
912 456 -2.7772  1.7110 15.2613
936 456 -1.7056  1.0617 16.8636
960 456 -1.8894  0.3556 15.8928
984 456  0.7799  0.0114  9.7194
 24 480 -0.0255 -0.0398 12.5335
 48 480  2.9681  2.1806 17.4191
 72 480  2.9251  2.3871 18.5117
 96 480  5.6665  1.9009 21.0834
120 480  5.2577  1.6806 19.4814
144 480  5.9880  6.9938 14.7030
168 480  6.3483  7.0784 16.4956
192 480  7.6575  2.0273 11.6339
216 480 -2.7965 -2.4331 12.6214
240 480  6.6578  4.0955 13.1164
264 480 -0.1731  0.9724 13.8559
288 480 -0.1888  1.2460 17.1970
312 480 -0.7795  0.9750 17.1555
336 480 -1.2528  1.5927 18.7498
360 480 -2.7809 -4.6345 18.9160
384 480  0.1028 -5.8406 20.3097
408 480  2.4622 -4.1874 16.5111
432 480  4.3838  1.6740 15.7625
456 480  1.1139  3.3817 15.3945
480 480 -0.7728  2.3216 12.8874
504 480 -3.8526  0.7554 16.0138
528 480 -4.4682  1.9441 14.8210
552 480 -5.7291  4.2442 14.1102
576 480 -3.9751  2.1608 11.7836
600 480 -2.6784  0.2307 13.0158
624 480 -0.5648 -2.1401 15.4371
648 480 -0.0322 -2.4452 16.1679
672 480  0.3991 -0.5825 13.8066
696 480  0.0941 -0.1891 19.2550
720 480 -3.0219  1.6930 16.2996
744 480 -1.1254  2.2128 17.6342
768 480  0.0168  0.4196 16.4146
792 480 -0.2337  0.1156 23.4352
816 480 -0.7387 -1.0228 15.2431
840 480 -3.9902 -2.1926 13.1457
864 480 -7.1023  1.4639 16.3128
888 480 -4.9991  1.9862 14.1007
912 480 -3.8407  1.7755 16.1350
936 480 -2.8072  1.6687 13.9548
960 480 -3.8248  2.6468 14.0757
984 480  0.8219  0.0439 10.8245
 24 504 -0.0081 -0.0481 11.9826
 48 504 -0.6968 -0.7998 12.1354
 72 504 -0.4778  0.1564 22.3442
 96 504 -0.0373 -0.0679 14.1658
120 504  4.0000  1.9002 17.8962
144 504  0.0140  4.0488 15.2513
168 504  3.7334  1.2545  9.7016
192 504  7.0694  0.3730 15.4726
216 504  7.3387  3.7995 13.0274
240 504  6.8858  4.3278 17.9599
264 504  7.5472  4.9577 15.0062
288 504  0.0969  1.8138 10.3641
312 504 10.4427 10.2681 10.4912
336 504 -1.7839  1.2244 11.5687
360 504  3.5884 -0.8923 23.1052
384 504  1.2841 -6.3729 16.4392
408 504  2.3130 -5.5378 14.0579
432 504  1.7569  1.8005 11.7028
456 504  1.2553  3.5420 13.8774
480 504 -0.2401  3.9896 14.9647
504 504 -2.7549  1.3392 15.3849
528 504 -3.2395  5.1728 14.6111
552 504 -3.9842  5.6489 13.4035
576 504 -3.9011  2.8683 13.2035
600 504 -1.4256  1.5023 12.6661
624 504 -0.3905 -2.1097 19.2596
648 504 -0.0965 -0.2010 17.7855
672 504 -0.0947  0.0404 19.2389
696 504 -0.0490 -0.4127 20.6308
720 504  0.1274 -0.1363 19.7679
744 504  0.9458  1.5567 17.8169
768 504  1.8223  1.1263 15.5561
792 504  3.1740  0.1974 18.5632
816 504 -0.0277 -3.3006 19.7386
840 504 -1.7575 -3.7113 15.7875
864 504 -6.1462  0.5444 13.6471
888 504 -5.9797  0.6135 14.0754
912 504 -5.9716  1.8421 14.5716
936 504 -5.7045  2.3186 14.0296
960 504 -5.8485  3.7213 17.6836
984 504  0.7332  0.0396 10.8104
 24 528  0.0091 -0.0568 11.8871
 48 528 -1.7706 -2.1892 11.3929
 72 528 -2.0014  0.1703 23.6805
 96 528 -1.8752  0.0782 25.6911
120 528 -0.3186  3.8899 16.9884
144 528 -0.1516  3.3505 14.2434
168 528  3.4700  1.1784 17.5348
192 528  3.9470  1.4619 15.9207
216 528  3.6529  6.6416 13.1083
240 528  4.7875  5.4283 14.5595
264 528  6.7526  5.0195 13.1125
288 528  6.9466  2.8089 12.9725
312 528  5.3531  3.0886 11.2814
336 528  0.6660 -0.1086 12.3404
360 528  1.7361 -1.7319 17.4513
384 528  2.1546 -5.1721 16.8517
408 528  2.3574 -6.1124 16.5144
432 528  0.8473  0.2396 13.1183
456 528 -0.1086  0.4985 12.8150
480 528  0.3654  2.2244 14.2251
504 528 -0.3637  5.1273 13.3614
528 528 -0.4712  6.2053 15.6945
552 528  0.2545  6.8385 13.0410
576 528  4.0619  6.0504  7.7384
600 528 -1.0897  2.6438  9.0560
624 528 -1.3251 -1.9620 14.9032
648 528 -1.6230 -0.3426 18.8137
672 528 -1.3963  0.0600 17.9976
696 528 -0.2587 -0.7092 14.8954
720 528  0.0376 -1.3223 15.9961
744 528  0.5371 -0.9726 15.2952
768 528  4.2218 -0.5157 15.6140
792 528  6.9759 -1.2554 14.6050
816 528  5.3042 -3.6318 10.2277
840 528 -0.7948 -3.0510 11.6739
864 528 -5.6941 -0.5606 15.4632
888 528 -7.0035 -0.3249 16.9110
912 528 -7.8570  1.6651 15.8675
936 528 -7.9589  2.9605 15.2325
960 528 -7.7541  2.0312 14.1057
984 528  0.4891 -0.0035 10.3155
 24 552 -0.0339  0.0047 12.8705
 48 552  1.2332  2.9281  9.1653
 72 552 -1.8654  0.1436 13.7335
 96 552 -1.7240  0.3316 15.3481
120 552  1.0451  3.8817 19.2698
144 552  2.7608  1.7631 14.6274
168 552  2.5626  1.4264 21.2062
192 552  1.9925  1.8271 16.7949
216 552  3.7129  5.9950 14.9261
240 552  4.8046  5.0741 14.4601
264 552  4.7335  2.4180 12.2016
288 552  6.9192  1.6883 10.9141
312 552  6.3129  0.4321  9.1169
336 552  5.2103 -1.0780 10.1922
360 552 -0.7262 -1.3131 12.7518
384 552 -1.8802 -1.2067 12.6678
408 552  2.0677  0.1553 11.3292
432 552  2.8760  0.6816 15.8599
456 552  3.3885 -0.1747 15.6036
480 552  1.8627 -0.6594 14.9651
504 552  6.6840 11.7443 15.7277
528 552  6.7257 10.6716 11.4520
552 552  6.1426  7.2195 14.2706
576 552  6.9148  6.3766 14.7536
600 552  6.2225  6.0871 11.6352
624 552 -1.5215 -0.7857 12.9327
648 552 -2.2963 -0.4150 17.7921
672 552 -2.8537 -0.2555 18.3891
696 552 -3.2254 -0.4957 12.6061
720 552 -5.7598 -7.7024  8.6712
744 552  2.9273 -3.1590  9.2911
768 552  5.5367 -1.7354 14.2223
792 552  4.8312 -2.9050 11.0706
816 552  6.8810 -3.8823 12.2673
840 552 -0.3753  0.1421 11.8328
864 552 -2.1783 -1.7796 10.7902
888 552 -10.3727  0.0947 15.9244
912 552 -10.1585  0.3418 13.0703
936 552 -10.0456  2.0698 14.5365
960 552 -8.2484  0.6099 13.0480
984 552  0.4300 -0.0566 10.1056
 24 576 -0.0320  0.0275 12.1466
 48 576  4.6313 -5.6699 12.0193
 72 576  5.6525  1.9652 14.2804
 96 576  1.9053  3.3912 13.9458
120 576  1.7860  4.0584 18.4785
144 576  1.6127  3.8573 17.0200
168 576  1.7192  2.6667 18.0053
192 576  2.5716  4.0985 16.5490
216 576  2.3057  3.9343 13.1032
240 576  4.2305  0.9120 10.8756
264 576 14.6349  4.5111 14.7675
288 576 10.8869  0.8906  8.4562
312 576  5.1818 -6.8863  9.0837
336 576  5.8941 -2.5450 10.8583
360 576  3.4052 -0.6769 12.9924
384 576  1.0972 -0.7810 17.4846
408 576  1.9616  0.3307 15.4278
432 576  4.3463  1.0977 19.5447
456 576  5.3115  0.5713 15.7907
480 576  5.0690  0.5978 13.0935
504 576  7.2836  9.4791  9.8005
528 576  8.2889  8.3682 15.8063
552 576  6.1584  7.7785 12.4034
576 576  4.8496  8.1229 11.4806
600 576  2.2942  9.0955 10.8739
624 576 -0.2995  0.1955 13.2971
648 576 -2.7569  0.2000 18.8776
672 576 -3.4435  0.1875 16.6685
696 576 -3.5965 -0.1203 12.9779
720 576 -2.9515 -11.1942 13.1409
744 576 -2.8589 -9.9299 10.5967
768 576  2.0076 -4.1844 12.0204
792 576  1.3252 -0.8033 12.6405
816 576  0.3174 -0.2013 14.8668
840 576 -0.6738 -0.8973 16.1935
864 576 -1.0175 -0.1208 12.1023
888 576 -9.6983 -0.0014 13.9874
912 576 -9.8944 -0.1098 12.0727
936 576 -8.7733  0.8269 12.4577
960 576 -7.0926  0.0200 11.5951
984 576  0.4739  0.0146  9.8169
 24 600  0.0102 -0.0692 11.1431
 48 600  8.7126 -3.1435 14.8846
 72 600  7.4632  3.6905 17.7224
 96 600  6.6154  4.2076 14.7091
120 600  4.2706  4.8834 15.1556
144 600  2.7674  4.0475 15.7826
168 600  3.0225  3.0888 13.3514
192 600  4.1399  3.5026 13.3700
216 600  3.9133  1.3826 12.9557
240 600  5.4368  0.6010 15.8851
264 600  7.0175  1.0564 19.5348
288 600  8.1000  1.1806 15.9262
312 600  5.5266 -6.7382 10.0008
336 600  4.3810 -1.4070 14.2730
360 600  3.0276 -0.7441 14.5466
384 600  1.6989 -0.2588 17.1698
408 600  2.0930  0.8920 15.8087
432 600  4.0893  1.4230 14.0469
456 600  5.6579  1.1625 13.4514
480 600  5.5384  1.7986 15.3580
504 600  5.8873  3.9081 12.8026
528 600  4.3406  8.0598 16.0958
552 600  3.8242  8.6129 14.7680
576 600 -0.2296 10.9600 12.3582
600 600 -2.1265 11.1532 13.5937
624 600 -1.0615 -0.8040 16.8311
648 600 -1.7297 -0.7772 19.4634
672 600 -3.5076 -0.1249 17.5585
696 600 -1.8058 -0.9350 15.9253
720 600 -4.5862 -9.8159 11.2789
744 600 -4.8929 -9.7195 10.5785
768 600 -6.7491 -7.2700 12.1779
792 600 -3.1209 -5.8189  8.6012
816 600 -1.9304 -7.0092 10.0180
840 600 -2.9650 -2.3173 11.7763
864 600 -3.1246  0.3301 14.3334
888 600 -6.9278  0.1233 16.4525
912 600 -6.8818 -2.8351 16.7593
936 600 -6.6437 -0.5590 12.3043
960 600 -3.5401  1.5817 12.7551
984 600  0.5140  0.0767  9.6225
 24 624 -0.0031 -0.0613 11.9486
 48 624  8.1970 -2.4688 18.7652
 72 624  7.1531  2.8996 15.2877
 96 624  7.1023  4.4705 15.7463
120 624  6.2957  4.1659 12.9396
144 624  7.0421  2.6257 14.7638
168 624  7.0923  2.6449 15.5289
192 624  7.2348  4.9485 18.3631
216 624  4.0995  1.6475 11.7057
240 624  5.0929  1.7475 16.7092
264 624  6.7791  1.3269 17.0858
288 624  7.5244  1.2148 14.4578
312 624  8.7957  2.0617 11.0658
336 624  5.8305  0.0911 13.7472
360 624  3.7653 -0.0768 14.0822
384 624  2.5913  0.6844 12.7244
408 624  3.1300  2.7415 15.0261
432 624  3.0834  1.9887 14.6745
456 624  3.4643  2.0658 13.3435
480 624  3.7199  1.2303 14.3370
504 624  1.7291  0.3644 11.9371
528 624  4.0888  8.1330 17.1289
552 624  0.9856  7.8364 15.2886
576 624 -1.7707 10.8239 15.2035
600 624 -1.5791 10.6038 15.7449
624 624 -0.6613  0.0252 15.8875
648 624 -2.4818  1.0412 15.2234
672 624 -4.1048 -1.0632 14.5446
696 624 -1.5328 -1.7375 15.6262
720 624 -4.2841 -7.0139 12.9473
744 624 -6.2336 -8.5909 12.9925
768 624 -7.6139 -7.8192 13.6324
792 624 -7.4697 -6.7221 10.7763
816 624 -6.6522 -3.8357 13.7785
840 624 -6.2806 -0.1727 15.3957
864 624 -5.0219  0.3223 14.0475
888 624 -6.6273 -0.6463 13.1698
912 624 -7.1472 -1.6737 15.3307
936 624 -6.9615 -0.9735 13.4747
960 624 -4.0077  1.8545 11.9488
984 624  0.7591  0.0873 10.3839
 24 648 -0.0093  0.0155 12.4386
 48 648 -1.8819  1.8338 12.0463
 72 648  9.9158  1.6464 14.8222
 96 648  8.4562  2.8285 12.0290
120 648  9.4430  4.6790 11.2546
144 648  7.8094  3.0297 14.3354
168 648  6.6744  2.1484 14.2532
192 648  5.2836  4.8315 11.2495
216 648  3.8045  5.0840 11.8519
240 648  2.9521  2.9627 13.1589
264 648  6.4438  1.4830 14.4189
288 648  7.7764  2.8384 12.6598
312 648  9.0740  3.9035 15.4111
336 648  7.9498  2.7761 11.6083
360 648  6.0129  1.2341 11.6429
384 648  4.7295  2.7267 13.7359
408 648  4.2287  3.3757 12.7687
432 648  4.4612  2.9804 15.6587
456 648  2.9712  2.8320 15.9274
480 648  2.2340  0.8997 15.8501
504 648  1.5689  0.3128 14.1044
528 648  2.2714  6.6183 16.3409
552 648 -0.1650  7.4264 17.7928
576 648 -1.5985  9.1476 16.5314
600 648 -2.7628  6.7870 14.1219
624 648 -3.0495  3.6715 16.9677
648 648 -3.4164  3.5211 21.6029
672 648 -4.2868  0.5844  9.3933
696 648  0.2534 -5.5141 11.8541
720 648 -0.9006 -2.3968 11.0704
744 648 -4.0680 -1.1821 10.2612
768 648 -5.8311 -4.3850 10.8650
792 648 -7.6137 -6.1714 11.8036
816 648 -8.0166 -6.5142  9.6522
840 648 -7.7526  0.1740 14.2926
864 648 -4.9669 -0.5168 14.6284
888 648 -4.9222 -1.1434 14.6320
912 648 -8.9615 -0.4483 12.1639
936 648 -9.9025  0.4255 15.7075
960 648 -9.5800  2.6884 13.4565
984 648  0.7562  0.0078 10.9905
 24 672 -0.0002  0.0254 12.4242
 48 672 -0.8034  3.5339 15.1837
 72 672  8.6265  1.5453 11.8217
 96 672  8.6310  4.7214 16.8977
120 672  9.4619  5.0761 18.7514
144 672  9.2230  4.1229 10.2784
168 672  6.3437  3.3019 12.8623
192 672  4.9770  4.7804 11.4588
216 672  4.8612  6.2106 13.5652
240 672  3.8132  3.5078 14.6615
264 672  4.4626  2.3685 17.3663
288 672  6.1875  2.8066 16.0463
312 672  8.0098  4.5603 14.4035
336 672  7.8105  4.3855 12.2916
360 672  6.0778  2.9755 13.7054
384 672  6.1292  3.4092 14.9138
408 672  6.1480  3.3699 15.5676
432 672  6.0722  3.0142 16.1375
456 672  2.9084  1.7852 13.2897
480 672  2.4888  0.6649 14.1502
504 672  2.1877  3.5234 12.4246
528 672  2.0812  5.6140 14.9604
552 672  0.3129  2.1157 15.6725
576 672  0.0516  2.1531 15.4763
600 672 -0.8455  4.0396 11.6172
624 672 -0.3622  3.6240 12.1865
648 672 -4.7760  1.6979 13.3536
672 672  5.1266 -1.1286 10.0074
696 672  1.9463 -6.5863 14.3364
720 672  0.1594 -3.0831 11.3940
744 672 -2.5783 -1.0677 12.3857
768 672 -4.8317 -4.0401 14.0795
792 672 -4.9038 -8.1047 14.7738
816 672 -4.6343 -8.7561 13.0267
840 672 -4.1882 -3.9018 10.7881
864 672 -2.7474 -2.0559 12.4365
888 672 -3.1655 -1.4295 14.6165
912 672 -3.0807 -0.4015 13.4361
936 672 -3.9932  2.2887 12.5244
960 672 -4.9658 -0.6906 12.7828
984 672  0.6313 -0.0160 10.3796
 24 696 -0.0152 -0.0218 12.3978
 48 696 -0.3903  4.1623 18.4965
 72 696  1.7631  3.1738  9.6592
 96 696  7.7614  5.7411 15.0063
120 696  8.5251  5.7721 20.2340
144 696  3.0091  8.1927 12.7545
168 696  3.2147  7.2570 14.0947
192 696  3.5154  6.1670 14.4134
216 696  5.7614  7.0947 12.5691
240 696  5.6781  6.1823 16.0833
264 696  4.1917  2.3606 16.9001
288 696  4.6732  3.0906 16.1389
312 696  5.3389  4.7492 13.6361
336 696  7.9432  4.7404 12.7776
360 696  7.8942  3.5952 11.4697
384 696  7.1481  3.0284 14.9103
408 696  7.4333  2.4432 18.2054
432 696  6.9176  1.3737 15.7338
456 696  3.1806  0.9194 12.6853
480 696  2.6276  1.1551 13.8979
504 696  2.2513  3.5323 12.4806
528 696  2.7495  3.1460 16.5654
552 696  0.5301  1.1932 14.1008
576 696 -0.1782  0.6765 14.0254
600 696 -0.9345 -0.2357 13.3453
624 696  0.2687  1.4106 15.3278
648 696  0.1552  2.9856 17.1089
672 696  5.5932  1.5116 13.3303
696 696  0.1714 -7.3686 10.5463
720 696 -0.2028 -6.4396 13.2679
744 696 -1.7647 -0.3118 15.0030
768 696 -2.2509 -0.8976 16.1780
792 696 -3.9182 -8.0041 13.8802
816 696 -3.9473 -7.4882 18.7192
840 696 -5.0275 -4.7583 16.7528
864 696 -2.3041 -2.8233 12.8647
888 696 -2.0434 -1.4537 13.4328
912 696 -1.0600 -0.4428 15.6311
936 696 -0.9126 -0.6218 15.5853
960 696 -1.0058 -0.9762 15.2336
984 696  0.8180 -0.0038 10.8222
 24 720 -0.0027 -0.0195 11.9930
 48 720 -11.7919 -4.8773  9.7805
 72 720  0.5223  8.0064 13.0087
 96 720  0.2418  8.3578 18.1311
120 720  0.2920  8.1061 13.0613
144 720  0.2461  8.6378 19.3170
168 720  1.1128  8.7624 15.3682
192 720  2.1484  6.2393 14.0850
216 720  2.3442  5.6606 15.7923
240 720  0.5878  3.3726 12.4636
264 720  4.0021  2.8256 12.7048
288 720  4.0573  2.1253 16.4598
312 720  4.9292  4.5130 15.1394
336 720  8.6068  5.9559 10.2492
360 720 10.1235  5.5101 12.7201
384 720 10.7102  5.1526 13.9960
408 720  8.6847  1.0792 15.2557
432 720  7.2333  1.1485 13.3671
456 720  1.7326  4.2518 10.4407
480 720  0.0922  3.0202 12.8154
504 720  1.1086  1.8591 11.5184
528 720  1.9579  1.7385 16.2603
552 720  0.1750  0.8000 16.1283
576 720 -1.5077 -1.2449 16.8786
600 720 -1.0047 -3.0419 18.8539
624 720 -0.6719 -1.4630 13.8109
648 720  0.6987  0.7545 17.9093
672 720  1.6791 -2.7381 16.6915
696 720  0.9074 -4.1341 15.5402
720 720 -1.1896 -9.1491  8.0633
744 720 -17.4354 21.6462  7.1168
768 720 -1.7406 -3.2500 14.0020
792 720 -2.8704 -5.2901 13.4223
816 720 -4.2069 -5.8228 17.2350
840 720 -5.2252 -4.8721 15.7207
864 720 -5.8942 -5.7188 12.3679
888 720 -0.9310 -2.8684  9.6810
912 720 -0.1877  0.1288 13.6916
936 720 -0.3914 -0.6517 19.4691
960 720 -0.7005 -1.3641 19.7446
984 720  0.8149 -0.0922 10.8331
 24 744  0.0027  0.0349 12.2137
 48 744 -10.2934 -4.8122 11.7273
 72 744 -2.2462  6.3240 10.3597
 96 744 -4.5916  4.6174 13.5535
120 744  0.0745  7.8345 10.3599
144 744 -0.3399  8.9684 16.3558
168 744 -0.2013  9.0369 12.9860
192 744 -0.7819  6.8854 13.0910
216 744 -2.2280  7.3063 12.7177
240 744 -0.4146  4.1895 13.2843
264 744  0.8188  2.5996 11.8766
288 744  1.9688  1.0380 14.6320
312 744  5.8895  5.1087 11.4152
336 744  6.4930  3.9916 15.2127
360 744  6.2177  3.5908 15.3782
384 744 13.2815  6.5382 12.4942
408 744  7.7883  0.8610 15.2163
432 744  4.7485  2.6787 13.3911
456 744  3.7746  5.2838  8.5026
480 744 -1.0572  0.3561  9.8441
504 744 -0.8257 -4.9137 10.6641
528 744  1.4033 -0.4595 11.7354
552 744  0.7729  0.1117 16.0595
576 744 -1.1598 -1.2178 18.3093
600 744 -0.1082 -2.9950 11.4419
624 744  2.9367 -5.9148 11.1859
648 744  1.1811 -1.9115 12.0398
672 744  2.1627 -3.8163 17.8591
696 744  2.0312 -4.3184 15.9657
720 744  3.3505  6.7082  7.7732
744 744  5.1846  6.6120  8.3468
768 744  6.2961 16.3364  9.5417
792 744 -2.6361 -5.0789 14.2353
816 744 -3.7378 -4.6371 12.4497
840 744 -5.3734 -4.3036 10.6911
864 744 -6.0264 -5.8777 13.6707
888 744 -4.4920 -1.9945 12.0557
912 744 -2.0988  0.2439 11.4377
936 744 -0.9223  0.1219 17.5803
960 744 -1.1847 -0.8361 11.4938
984 744  0.7586 -0.1627 10.6693
 24 768 -0.0049 -0.0112 12.3807
 48 768 -0.5718  0.1958 14.4948
 72 768 -2.0498  4.1643  9.8040
 96 768 -6.9061  2.4335 11.2903
120 768 -6.4234  3.2081 13.5166
144 768 -4.8000  8.2896 20.4732
168 768 -4.2456  8.1071 18.4472
192 768 -3.7509  7.7315 12.9042
216 768 -2.4237  8.3204 11.4538
240 768 -0.1121  1.7720  9.0920
264 768 -2.9052  0.3364 17.3016
288 768 -2.5866  0.4418 14.5382
312 768 -0.3130 -0.0018 14.0290
336 768  6.4409  3.7981 13.6530
360 768  7.6485  2.7587 16.5685
384 768  7.2236 -0.1455 11.7572
408 768  7.0951 -0.2405 14.1846
432 768  5.6764  1.7069  9.3043
456 768  4.2309  2.5603  9.7692
480 768  2.0991 -1.3389  8.1226
504 768  0.4665 -4.9175 13.0940
528 768 -0.5913 -4.1382 12.2746
552 768 -1.9376 -0.2850 14.9052
576 768 -1.0977 -0.6181 14.7268
600 768 -1.2068 -11.5228 13.4916
624 768  2.4279 -5.8579 14.0360
648 768  2.6408 -5.1084 18.2913
672 768  2.3125 -4.0087 22.9725
696 768  2.5959 -4.3548 17.7928
720 768  2.4584 -8.8440 10.2926
744 768  8.9049  4.8685  6.9872
768 768  5.2971  7.0491 10.2063
792 768 -2.1855 -1.9988 18.2836
816 768 -3.0098 -3.3142 14.7975
840 768 -3.8216 -3.6619 13.0319
864 768 -8.0003 -8.0591  9.1485
888 768 -4.3378 -2.4816 10.4672
912 768 -4.1296 -2.2146 13.8068
936 768 -3.3993 -0.0917 12.6708
960 768 -2.1389 -1.6601  7.9744
984 768  0.7337 -0.0503 10.8398
 24 792 -0.0166 -0.0252 11.6846
 48 792 -4.7675  0.1402 17.6655
 72 792 -2.9391  1.1624 15.8100
 96 792 -4.0917  2.9492 14.1370
120 792 -6.1205  2.8830 12.8348
144 792 -4.7105  7.0917 14.2166
168 792 -3.7697  7.3540 16.7795
192 792 -1.3684  7.5559 14.8443
216 792 -0.5936  9.0385 16.8594
240 792  0.1574  2.4629  7.4160
264 792 -2.9242  0.1820 23.1961
288 792 -2.6415  0.3110 19.1772
312 792 -1.3327 -0.1354 17.0016
336 792  0.9854  0.0648 11.4137
360 792  7.1102  0.9431 14.5083
384 792  6.9470 -0.2195 14.7587
408 792  6.5226 -2.9041 18.7852
432 792  7.2503 -0.6858 13.7853
456 792  6.1734  2.0368 13.8942
480 792  4.6542 -0.2796 13.7891
504 792  2.7738 -0.1971 13.4288
528 792 -2.9829 -2.0480 14.1305
552 792 -3.4078 -0.8211 14.6263
576 792 -2.1204 -0.2879 16.8951
600 792  0.2874 -1.5659 12.9286
624 792  2.2150 -5.1501 15.3568
648 792  2.0624 -4.0224 15.6310
672 792  1.7402 -3.9417 19.1910
696 792  1.7293 -4.7876 15.5938
720 792 -0.2106 -3.7714 11.0884
744 792 -1.8009 -0.6115 17.7658
768 792 -1.9203 -0.6163 18.3538
792 792 -2.0793 -1.3321 20.2543
816 792 -2.4003 -2.6138 17.4952
840 792 -2.2364 -3.8510 10.8715
864 792  0.0126 -3.8058 10.7770
888 792 -0.1468 -4.5628 11.2163
912 792 -4.4602 -3.5358 14.0407
936 792 -4.9216 -3.3853 14.8988
960 792 -5.5756 -4.9364 10.3455
984 792  0.8244 -0.0344 10.5799
 24 816 -0.0193  0.0531 11.9092
 48 816 -5.0442  0.0718 19.1375
 72 816 -3.9999  1.8825 14.0698
 96 816 -4.0277  1.6143 17.8330
120 816 -3.8608  1.5433 14.7956
144 816 -5.9697  1.9324 15.9206
168 816 -4.7952  6.4778 17.4043
192 816 -4.7016  7.2089 17.0048
216 816 -4.2732  7.4114 15.1781
240 816  5.0734  3.7079 12.5116
264 816  6.5378  4.1842 15.9280
288 816 -28.0139 -6.6943  8.2096
312 816 -1.3990 -0.2013 11.8573
336 816  0.5590 -3.8115 16.2422
360 816  3.0965 -1.9886 12.8053
384 816  5.5978 -2.5035 16.2375
408 816  5.9119 -2.8824 14.8528
432 816  4.3470  0.6086 12.5782
456 816  6.0363  0.1609 11.2208
480 816  5.2733 -1.2733 18.7417
504 816  2.0630 -0.8481 10.9375
528 816 -3.0524 -1.8870 17.0822
552 816 -3.1843 -0.8637 14.7041
576 816 -1.5655 -1.5829 11.8237
600 816  1.0990 -4.2193 15.2153
624 816  1.2629 -1.5642 14.1004
648 816  0.5697 -1.3474 15.9158
672 816  0.4434 -3.2132 18.1781
696 816  1.0107 -4.7090 16.0613
720 816 -0.4045 -0.0395 13.4993
744 816 -0.3787  0.4510 19.9163
768 816 -1.1295 -0.7386 15.0345
792 816 -0.1623 -1.2395 15.3919
816 816 -0.3628 -1.8071 12.8011
840 816 -2.8535 -3.5655 12.4935
864 816 -2.4461 -3.1298 12.1856
888 816 -2.2106 -4.2024 15.9662
912 816 -3.3657 -4.3510 16.0875
936 816 -3.6526 -4.6996 13.9040
960 816 -4.0681 -6.9851 12.2444
984 816  0.9189  0.0034 10.5190
 24 840 -0.0124  0.0216 12.4780
 48 840 -5.0026  0.1804 15.2431
 72 840 -5.4443  0.6662 16.5379
 96 840 -4.9504 -0.0087 17.8923
120 840 -4.7002 -0.0778 16.8486
144 840 -4.0833  0.8406 14.2859
168 840 -4.2796  6.7338 14.1445
192 840 -3.6761  7.1075 14.8138
216 840  0.1734  5.4477 15.1665
240 840  1.6544  6.3016 13.5792
264 840  6.0178  4.2188 14.4234
288 840  4.5869 10.0181 14.8686
312 840  3.8119 10.8486 10.4988
336 840  0.9241 -4.6174 19.1236
360 840  1.6395 -3.5672 15.2950
384 840  2.1742 -3.2617 14.9349
408 840  3.5706  0.8848 13.8678
432 840  3.9762  0.3823 16.6909
456 840  3.4891 -0.4922 11.3994
480 840  3.5229 -0.3084 12.0571
504 840  1.0660 -1.5296 10.5880
528 840 -0.0033 -2.2140 14.3934
552 840 -0.0588 -2.6724 17.1020
576 840  0.8508 -3.8544 17.3727
600 840  0.8029 -4.3409 15.9626
624 840  1.5266 -0.8128 12.1744
648 840  1.0071 -1.1473 15.9087
672 840  0.4825 -2.1039 16.4999
696 840 -0.2499 -2.7951 15.6617
720 840 -1.1408  0.4870 16.4836
744 840 -1.0581  0.9258 18.5893
768 840 -0.3629 -0.6575 13.2197
792 840  0.0524 -1.2636 13.6959
816 840 -0.0635 -0.9070 18.8654
840 840 -1.8160 -1.2803 14.0452
864 840 -3.2750 -1.8323 14.4151
888 840 -2.9632 -3.6608 12.1315
912 840 -7.9704 -4.9970 17.2585
936 840 -4.6120 -7.5980 11.5556
960 840 -3.7242 -8.5046 13.2269
984 840  0.8265  0.0384 10.6295
 24 864 -0.0227  0.0118 12.7882
 48 864 -3.7776 -1.3162  9.9716
 72 864 -3.8788  4.0719 10.8864
 96 864 -1.4308  1.1252 11.2030
120 864  0.9781  1.7111 17.9102
144 864 -0.0545  0.7541 20.9158
168 864 -0.6521  1.2292 21.6092
192 864  0.2443  4.4317 16.1867
216 864  1.2299  6.6261 15.5643
240 864  3.1716  6.3450 14.5364
264 864  6.6371  9.5131 13.5210
288 864  6.6922 10.9216  9.4676
312 864  6.0308  0.9582 13.1239
336 864  4.2775  0.1205 12.0532
360 864  5.8731 -0.5578 10.0364
384 864  4.2826 -0.0213 11.9294
408 864  4.5924  0.3080 12.4157
432 864  4.2083  0.7730 14.1226
456 864  4.1335 -8.6433 11.7521
480 864  3.6376 -9.3024  9.9494
504 864  0.2800 -1.7431 10.1585
528 864 -0.7927 -1.5521 13.4187
552 864 -1.0081 -2.8717 15.8907
576 864 -0.2461 -3.5002 17.2923
600 864 -0.4248 -5.0948 13.4239
624 864  0.1318 -1.7134 12.2597
648 864  0.4749 -0.7804 16.7689
672 864 -0.4867  0.1140 17.1959
696 864 -1.8488  0.2426 16.7704
720 864 -1.9490  1.0516 16.7735
744 864 -1.7911  0.5724 15.3064
768 864 -0.3072 -1.7226 17.1717
792 864 -0.2352 -0.4144 13.4713
816 864 -0.4058  0.9138 13.4678
840 864 -1.3449  1.2783 11.0456
864 864 -2.9493  0.2925 12.6669
888 864 -1.9404 -1.4708 13.4387
912 864 -7.7875 -6.8378  9.3260
936 864 -6.2600 -9.5578 15.2538
960 864 -6.8175 -9.6770 14.0425
984 864  0.8536 -0.0201 10.5736
 24 888 -0.0078  0.0063 12.6892
 48 888  0.9659 11.5669  8.8830
 72 888  8.7633  2.7683 11.1680
 96 888  0.9990  2.2810 11.9412
120 888  1.0085  1.5532 16.5687
144 888  0.3082  1.1688 17.3444
168 888  2.1906  3.8468 14.2334
192 888  3.1248  8.1621 10.1924
216 888  5.4972  7.0459 13.6620
240 888  6.6775  8.0751 11.8453
264 888  6.7053  9.8885 12.2604
288 888  4.8601 12.8039 12.4019
312 888  5.5660  2.3555 16.3135
336 888  5.7555  2.2246 14.4538
360 888  6.0254  1.6414 14.5575
384 888  5.0416  2.1170 13.6943
408 888  2.2130 -8.6215 14.1947
432 888  3.4136 -3.8870 10.4218
456 888  4.0878 -5.4790  9.4600
480 888  0.6222 -9.3056  7.3787
504 888 -1.9052 -2.2004 11.4939
528 888 -2.2573 -0.6035 17.0260
552 888 -1.4671 -1.9969 16.9967
576 888 -2.2446 -3.0214 17.0442
600 888 -0.2956 -6.8486 11.3191
624 888 -0.8214 -5.4800 13.3076
648 888 -0.2879 -1.6788 20.3896
672 888 -0.9877 -0.8645 17.2352
696 888 -1.4730  0.1126 16.7994
720 888 -1.8017  0.0568 16.9389
744 888 -1.8479 -0.5717 19.5896
768 888 -2.1499 -0.8145 16.9829
792 888 -2.6833 -0.2148 16.5887
816 888 -1.2119  0.5340 14.6610
840 888 -1.2578  1.0148 11.3621
864 888  0.2793  0.2534 11.3012
888 888 -0.2489 -1.7791 16.9845
912 888 -0.9116 -3.7205 15.3936
936 888 -5.0982 -9.1750 18.0992
960 888 -5.8379 -8.4106 13.6094
984 888  0.8907 -0.0204 10.8217
 24 912 -0.0101  0.0136 12.4539
 48 912 -4.5144  6.3244  9.4589
 72 912 -2.7909  9.7507 11.9493
 96 912 -1.5967 13.8311 14.1707
120 912 -0.5973 14.1994 13.3288
144 912 -0.0557 13.9469  8.4395
168 912  4.9449  9.7257 12.4223
192 912  7.0326  7.7519 13.1768
216 912  9.6387  8.2513 12.1700
240 912  8.0084  9.3377 14.2887
264 912  7.0022  9.9912 16.9481
288 912  1.2012  5.9149 13.4657
312 912  1.1639  2.7007 17.6560
336 912  3.6383  2.0215 15.6590
360 912  2.6230  2.8453 12.9614
384 912  2.4950  0.3046 11.4906
408 912  0.5048 -7.5758 10.2539
432 912  2.0024 -6.3738 16.0874
456 912  2.2334 -6.8501 14.6435
480 912  0.8401 -8.7128 14.2406
504 912 -1.2718 -9.0902 12.1950
528 912  0.1321 -0.0146 18.7360
552 912  0.4632 -0.9732 14.2086
576 912  3.3277 -3.1872  9.2310
600 912  2.1691 -9.5884 14.1524
624 912  0.1806 -7.3345 10.5318
648 912 -0.4045 -1.8942 15.2834
672 912 -0.5587 -1.4539 21.7824
696 912 -0.6953 -0.8207 18.4456
720 912 -0.8865 -0.4864 17.4272
744 912 -1.9061 -1.5266 15.6091
768 912 -2.2291 -1.3090 16.9305
792 912 -2.9436 -0.2479 15.4983
816 912 -0.8830 -2.1113 15.0942
840 912 -0.4250 -1.8591 16.2680
864 912  0.2072 -0.5039 11.9206
888 912  1.9087 -0.7388 15.6181
912 912  1.8148 -1.5961 16.7285
936 912 -0.7718 -4.7644 10.1986
960 912 -7.8579 -3.4034 14.2395
984 912  0.8272  0.0163 10.8657
 24 936 -0.0202 -0.0042 12.5916
 48 936 -5.9937  3.2258 10.8442
 72 936  0.0895  9.7043  9.9702
 96 936 -0.1623 15.2033 12.3984
120 936  0.2393 14.6604 11.6619
144 936  0.7103 11.9861 12.9110
168 936  4.8881  9.3362  9.6466
192 936  5.8701  8.4105 13.3779
216 936  5.2757  7.0714 14.6636
240 936  5.3942  9.2294 12.6070
264 936  3.2007 11.2449 10.7519
288 936  3.6953  3.1888 12.7081
312 936  2.6801  3.3671 12.6270
336 936  3.4028  4.1037 11.1471
360 936  2.1170  6.2284 13.2991
384 936  1.1407  5.3704 13.9787
408 936  2.0885  0.2479 12.4380
432 936  1.5644 -6.4278 12.5721
456 936  2.2020 -7.5401 17.2302
480 936  1.9885 -8.9336 16.8314
504 936 -0.1877 -5.3920 10.0798
528 936  1.8875 -2.0293 16.2470
552 936  2.4072 -0.5569 13.1748
576 936  6.9706 -4.5374 12.7200
600 936  2.8374 -9.1409 10.9227
624 936  1.6757 -7.9681 13.7744
648 936  0.1956 -2.5033 14.4879
672 936 -0.2883 -1.4875 20.4486
696 936 -0.8724 -1.1553 17.9940
720 936 -1.9853 -2.1415 13.5640
744 936 -4.2233 -3.5530 17.2504
768 936 -1.5613 -1.4002 15.9066
792 936 -0.1211 -0.0221 15.8876
816 936 -0.6467 -2.8642 22.5393
840 936 -0.2922 -3.5919 24.3878
864 936  0.6757 -2.9948 12.5786
888 936  3.4326 -2.8245 11.6046
912 936  4.7148 -0.8023 15.0171
936 936  0.1314  1.0200 12.1615
960 936 -4.2306 -1.2719 16.9316
984 936  0.5329 -0.0087 10.0816
 24 960 -0.0084  0.0057 12.3542
 48 960 -2.2766  8.0473 11.5675
 72 960 -0.3149 13.0077 12.1958
 96 960  0.0317 17.4141 19.2199
120 960 -0.4656 17.0821 14.4417
144 960 -0.8409 12.9956 13.1616
168 960  0.7495 10.1292 12.7458
192 960  5.1580 10.0788  9.9019
216 960  5.1436  8.1843 11.8747
240 960  3.1225  7.9140 13.7894
264 960  2.6454  3.2531 12.1403
288 960  2.3981  1.6341 13.8732
312 960  3.5081  6.6610 12.4200
336 960  0.9388  9.8347 16.8630
360 960  1.9832  8.5245 16.9487
384 960  0.9796  5.7112 14.1274
408 960  1.8541  1.8894 15.0388
432 960  1.0503 -5.4642 15.6845
456 960  1.4086 -5.4548 15.4538
480 960  0.0463 -3.9472 12.8964
504 960  0.8508 -4.3534 16.2560
528 960  1.9888 -4.7802 19.8465
552 960  2.8777 -6.8212 11.8721
576 960  2.7390 -7.0444 12.4712
600 960  0.9943 -8.2682 10.3531
624 960  0.3255 -7.8471 11.2785
648 960 -2.9847 -5.1505 14.8447
672 960 -4.2713 -5.6357 13.4012
696 960 -5.7575 -7.1051 12.8214
720 960 -4.7491 -4.7473 13.9178
744 960 -3.2429 -3.0774 13.5181
768 960  0.7252  0.0968 12.7886
792 960  1.2423  2.1515 16.3112
816 960 -0.5672 -2.3655 15.9435
840 960 -0.1451 -4.5381 18.2697
864 960 -0.1559 -5.7771 13.2942
888 960 -1.7632 -4.5103 11.3802
912 960  5.3197 -1.0292  9.7566
936 960 -0.3282  2.4118 13.4825
960 960 -3.9012 -0.6749 12.8406
984 960  0.5707  0.0365 10.4261
 24 984 -0.0232 -0.0106 15.0004
 48 984 -0.0273 -0.0127 12.2009
 72 984 -0.0583  0.0074 12.4594
 96 984 -0.0405 -0.0137 11.9452
120 984  0.0200 -0.0234 11.7696
144 984  0.0289  0.0077 11.4910
168 984 -0.0913 -0.0296 10.8859
192 984 -0.0319 -0.0616 10.9654
216 984 -0.0055 -0.0228 12.0197
240 984  0.0258  0.0061 12.8419
264 984  0.0033 -0.0119 12.5868
288 984  0.0104 -0.0568 11.7388
312 984  0.0640 -0.0539 11.7263
336 984  0.1356 -0.0092 12.1422
360 984  0.0432 -0.0164 11.7632
384 984 -0.0055 -0.0161 11.7776
408 984  0.1605  0.0015 12.2714
432 984  0.1112 -0.0116 12.6333
456 984  0.0410 -0.0315 11.6449
480 984  0.0127 -0.0182 12.3709
504 984  0.0345 -0.0001 13.1376
528 984  0.0213 -0.0084 12.5527
552 984  0.0320 -0.0126 12.7069
576 984  0.0137 -0.0199 12.5530
600 984 -0.0169 -0.0127 12.1634
624 984  0.0283  0.0075 12.8967
648 984  0.0446  0.0062 12.9968
672 984 -0.0067 -0.0180 12.3768
696 984 -0.0114 -0.0119 12.1532
720 984 -0.0416  0.0093 13.2494
744 984 -0.0321 -0.0162 12.2769
768 984  0.0433 -0.0190 11.4900
792 984 -0.0425  0.0184 12.7485
816 984 -0.0313  0.0004 12.9493
840 984  0.0428 -0.0136 12.7471
864 984 -0.0882  0.0071 12.4781
888 984 -0.1083 -0.0064 12.0556
912 984 -0.0807 -0.0153 11.9267
936 984 -0.0557  0.0049 12.2548
960 984 -0.0340  0.0128 12.5354
984 984  0.6377  0.0256 13.5332
