 24  24  0.0143 -0.4642 13.8666
 48  24  0.0448 -0.5213 10.2177
 72  24  0.0281 -0.5940 10.1258
 96  24  0.0186 -0.7114 10.9952
120  24 -0.0091 -0.6893 10.9023
144  24  0.0061 -0.6742 10.5045
168  24 -0.0335 -0.8413 11.1929
192  24 -0.0408 -0.7742 11.4274
216  24 -0.0778 -0.5630 10.8150
240  24 -0.0081 -0.5327 10.3704
264  24  0.0482 -0.6127 10.5941
288  24 -0.0336 -0.6301 10.8133
312  24 -0.0247 -0.6637 10.9673
336  24  0.0013 -0.6671 11.0380
360  24 -0.0435 -0.6112 10.9227
384  24  0.0080 -0.6788 11.2480
408  24 -0.0344 -0.6362 10.9848
432  24 -0.0122 -0.6277 10.5112
456  24 -0.0321 -0.6870 10.4628
480  24 -0.1708 -0.7014 11.6972
504  24 -0.1600 -0.6440 10.6272
528  24 -0.0264 -0.6858 10.5667
552  24 -0.0841 -0.6078 10.8916
576  24 -0.0716 -0.4547  9.9203
600  24  0.0205 -0.6508 10.7013
624  24 -0.0054 -0.6879 10.9861
648  24  0.0983 -0.6764 10.9608
672  24  0.1517 -0.6605 11.1585
696  24 -0.0159 -0.6716 11.2343
720  24 -0.0124 -0.7460 10.9059
744  24  0.0094 -0.7410 10.2723
768  24 -0.0588 -0.7164 10.6974
792  24 -0.0678 -0.6866 11.3392
816  24 -0.0295 -0.6744 10.8799
840  24 -0.0077 -0.7238 10.9919
864  24  0.0163 -0.6766 10.8128
888  24 -0.0197 -0.6953 11.1159
912  24 -0.0716 -0.7095 11.5124
936  24 -0.0467 -0.5928 10.7481
960  24  0.0122 -0.5887 10.7232
984  24  0.4940 -0.5643 12.0245
 24  48 -0.0145 -0.0411 13.1101
 48  48  1.7658 -3.9759 14.1667
 72  48  1.0851 -3.8605 12.9836
 96  48  1.9799 -1.6257 13.9224
120  48  0.0404 -2.3154 14.1549
144  48 -1.1952 -3.3576 15.8679
168  48 -3.2489 -4.0074 14.1476
192  48 -4.0849 -4.2145 16.0991
216  48 -5.9014 -3.3740 12.0465
240  48 -11.6868 -6.1227  9.8738
264  48 -8.2680 -10.1483 14.2214
288  48 -4.9964 -6.8876 17.3263
312  48 -2.9368 -5.9837 15.7540
336  48 -0.2920 -3.3852 17.3700
360  48  0.2082 -2.8934 16.1411
384  48 -0.0674 -1.0813 16.4446
408  48  1.3365  1.0145 11.6590
432  48 -0.3344 -0.0774 12.8327
456  48 -0.7232 -0.2032 21.2023
480  48 -1.7786  0.8197 18.1772
504  48 -1.4370  0.2956 17.0938
528  48 -0.8635 -0.1484 17.9727
552  48 -1.5825 -0.0622 14.4590
576  48 -2.9359  0.2458 17.4045
600  48 -1.8219  1.1773 14.6953
624  48  0.2500  0.4047 15.9025
648  48  2.0707 -0.1757 17.9645
672  48  2.4500 -1.0496 14.6792
696  48  1.3840 -1.8674 15.6371
720  48 -0.1284 -3.2949 12.8571
744  48 -3.9724 -3.8396 12.0497
768  48 -0.0934 -2.8796 11.8510
792  48  1.8694 -2.0142 15.4651
816  48  1.9326 -1.5662 15.1805
840  48  1.7656 -0.0558 15.8134
864  48  0.6992  0.7409 19.4054
888  48  0.3903  0.8008 15.1438
912  48  0.3553  1.5296 17.3399
936  48  1.1265 -0.3683 11.8501
960  48  0.5148 -2.8133 11.0665
984  48  0.6891  0.0090  8.7220
 24  72  0.0189 -0.1089 12.3461
 48  72  1.1198 -6.2738 13.9449
 72  72  0.9106 -6.1317 16.7120
 96  72  1.6387 -4.7188 11.3933
120  72  0.1786 -3.0914 16.4420
144  72 -0.5514 -4.1225 15.6179
168  72 -3.8056 -5.3362 12.6963
192  72 -5.0090 -5.0977 14.0885
216  72 -6.4118 -4.9646 13.1490
240  72 -8.0826 -7.9259  8.8543
264  72 -8.0467 -10.8857 10.1865
288  72 -5.0568 -6.7777 13.3349
312  72 -1.9138 -5.1087 14.8306
336  72 -0.2060 -3.7734 10.3418
360  72 -0.6015 -0.1905 16.3655
384  72 -0.3217 -0.8086 13.7263
408  72 -0.4331 -1.0620 14.0043
432  72 -0.9480 -2.1848 11.8467
456  72 -1.0329 -0.1814 11.8508
480  72 -1.6563  0.2468  9.7415
504  72 -0.9397  1.1333 11.4491
528  72 -2.0035  0.9895 16.7411
552  72 -3.0477  3.6451 17.3626
576  72 -2.6865  3.5399 11.4794
600  72 -2.7100  1.4983 11.8935
624  72 -0.2020  0.5188 11.8639
648  72  2.3141 -0.1819 12.5325
672  72  2.9821 -0.5966 13.3684
696  72  2.4591  0.8410 14.1628
720  72  2.4233  0.0961 14.4187
744  72  0.0244 -1.9471 14.9977
768  72  0.0181 -1.2687 13.3569
792  72  0.4865 -1.0381 17.4712
816  72  1.5943 -0.2883 15.5997
840  72  0.7435  1.0134 20.2400
864  72  0.6374  1.2288 20.1350
888  72  0.6083  1.3238 17.8992
912  72  0.8182  0.3450 16.9970
936  72  1.1512 -0.7798 16.5949
960  72  0.7885 -1.5673 15.9332
984  72  2.7783 -0.0269  9.0001
 24  96  0.0311 -0.0945 11.7377
 48  96  0.9781 -6.5224 10.0335
 72  96  1.1593 -6.6063 13.4637
 96  96  0.6657 -6.7646 14.3515
120  96  0.3779 -4.9241 11.3147
144  96  1.8293 -4.2538 12.9111
168  96 -1.9600 -4.4034 10.4529
192  96 -6.1001 -6.4312 14.4097
216  96 -5.9226 -5.5941 12.3371
240  96 -5.9083 -8.9309 11.3828
264  96 -6.4307 -9.8925 13.8356
288  96 -4.9651 -8.1569 16.4601
312  96 -3.1690 -7.1571 14.5496
336  96 -1.0189  0.8508 12.5392
360  96 -0.4334 -0.4464 16.8281
384  96 -1.1964 -1.8528 14.8272
408  96 -0.7362 -3.7761 14.9157
432  96 -0.0035 -3.0649 16.9402
456  96  2.3104 -30.8869  7.2800
480  96 -13.0580  0.4503  9.1681
504  96 -0.1600  1.5599  9.0113
528  96 -2.2226  4.2710 12.8130
552  96 -3.1088  5.8953 13.1309
576  96 -4.6789  9.2801  8.7418
600  96 -1.9978  0.8346  8.9042
624  96 -1.3234  0.8473 11.2506
648  96  0.1386 -0.0434 13.0927
672  96  2.0507 -0.8812 14.0777
696  96  0.8622  1.3643 14.9236
720  96  1.0320  1.5043 12.4685
744  96  0.1906  1.2054 15.6450
768  96 -1.5573  0.2665 14.2039
792  96 -0.0741 -0.8597 12.0522
816  96  0.1183 -0.5433 16.0948
840  96  0.1512  0.4408 19.1318
864  96  0.4430  0.7261 17.1028
888  96  0.8094  1.6189 14.5822
912  96 -0.1223 -0.1738 14.7782
936  96 -1.7481 -1.7217 15.6853
960  96 -0.4884 -2.0724 18.2895
984  96  0.8734  0.0257  8.8089
 24 120  0.0072 -0.0692 11.6086
 48 120  0.6390 -9.0205 11.8215
 72 120  0.9754 -6.0443 16.3317
 96 120 -0.0494 -5.8241 16.3158
120 120 -1.7340 -6.8327 14.1217
144 120 -1.2055 -6.8214 10.0757
168 120 -2.6757 -5.8931  9.7003
192 120 -6.7260 -6.8807 10.1376
216 120 -0.4733  0.0807 11.7524
240 120 -4.7281 -6.5021 14.5076
264 120 -4.1980 -7.9548 15.6689
288 120 -3.1522 -7.8685 13.8943
312 120 -3.1045 -6.7408 13.4216
336 120 -3.2792 -1.1590 15.6580
360 120 -2.8457 -2.6580 15.0832
384 120 -0.7804 -2.0677 16.8838
408 120 -1.9421 -5.0017 19.6038
432 120 -1.8997 -5.0894 17.9421
456 120 -0.9305  7.0103 15.1584
480 120 -0.9669  6.9260 13.4910
504 120 -0.8005  4.7778 13.9174
528 120 -0.2358  6.5545 14.7756
552 120 -0.1952  7.2463  9.3057
576 120 16.2712 -14.0381  8.0248
600 120 -0.3772  3.2160 10.9426
624 120 -1.4449  1.2631 15.9658
648 120 -0.3001  0.0320 15.7189
672 120 -0.2492 -0.3064 15.0547
696 120 -0.3939  0.2164 16.2661
720 120  0.1037  1.1206 13.0948
744 120 -0.2850  1.4404 14.8287
768 120 -0.9431 -0.1676 15.9520
792 120 -0.0335 -1.9856 17.9450
816 120 -0.0108 -1.7336 19.0322
840 120  0.7571 -0.9581 19.2787
864 120  1.2916 -0.2826 17.3271
888 120  1.3623  0.1097 16.7581
912 120  0.0072 -0.1872 14.2910
936 120 -1.9760 -2.0371 17.1117
960 120 -1.6533 -2.5924 18.7658
984 120  0.3708  0.0231  8.6115
 24 144 -0.0022 -0.0855 11.2616
 48 144  0.2711 -8.3515 12.0852
 72 144 -0.4751 -4.0166 14.6345
 96 144 -0.8706 -4.2355 14.8418
120 144 -1.6314 -5.9617 14.2312
144 144 -1.1166 -6.3956 12.4778
168 144 -0.2195 -6.8906 13.3100
192 144 -0.0501 -0.0988 11.7859
216 144 -0.5416  0.4347 19.1459
240 144 -4.1851 -3.8329 13.4050
264 144 -4.1968 -6.3605 16.2199
288 144 -4.6611 -8.8530 14.2460
312 144 -4.3067 -6.9238 10.9088
336 144 -6.2388 -4.9950 13.9560
360 144 -3.2462 -3.0447 12.4127
384 144 -2.4157 -3.1034 13.1618
408 144 -2.7247 -3.8219 15.3640
432 144 -1.8925 -0.1449 15.7142
456 144 -0.6925  1.7541 11.5833
480 144  0.1348  8.9560  8.6482
504 144  2.5307  9.9883 10.2675
528 144  1.9413  8.2238 10.3551
552 144  6.0155  5.8077  8.1692
576 144  6.3953  6.2858  7.7269
600 144  0.3182  3.3727 11.0259
624 144 -0.4289  1.3160 15.1525
648 144 -3.5211  0.1580 14.7034
672 144 -3.8998  1.7849 16.9926
696 144 -5.6202  1.4281 17.7293
720 144 -0.3771  1.2731 13.3923
744 144 -0.4084  1.1582 18.7558
768 144 -0.2454 -0.3657 13.6726
792 144 -0.0389 -2.0437 13.1285
816 144  0.2949 -2.0855 20.9447
840 144  1.7612 -2.4022 17.5781
864 144  2.0505 -1.1815 14.6010
888 144  0.9876 -0.2888 12.3255
912 144  0.0504 -1.6143 13.8050
936 144 -0.1070 -1.3443 14.6659
960 144 -2.6398 -1.9775 13.4043
984 144  0.4043  0.0131  8.5159
 24 168 -0.0037 -0.0954 11.5036
 48 168 -0.6185 -4.2095 13.4089
 72 168 -0.4099 -2.8789 17.8328
 96 168 -0.7749 -3.5274 23.3518
120 168 -0.9320 -4.4880 17.7910
144 168 -0.1806 -6.8717 14.2949
168 168 -0.2003 -7.3335 16.7165
192 168 -0.4200  0.2991 13.0996
216 168 -0.3350  1.5762 17.4229
240 168 -1.7175 -0.8908 14.1824
264 168 -1.2448 -1.1381 15.2448
288 168 -6.9470 -4.7119 14.3886
312 168 -6.5577 -4.2425 13.3548
336 168 -6.9068 -4.3506 14.1671
360 168 -4.8262 -4.2361 12.2390
384 168 -4.3578 -3.0038 16.6736
408 168 -3.0450 -2.1289 14.9681
432 168 -1.0411  0.5813 18.5071
456 168 -0.2363  1.3928 15.6283
480 168  5.8893  5.5499 13.2883
504 168  7.4735  7.8360 10.4020
528 168  8.3941  8.5071 11.3854
552 168  9.2506  4.9446 11.5209
576 168  8.1040  4.3224 10.0453
600 168  3.1625  4.7725 10.4084
624 168 -0.9337  0.7512 14.8381
648 168 -3.6266  0.5404 12.7659
672 168 -3.6508  2.5622 17.4675
696 168 -3.9686  2.7733 16.1580
720 168 -7.7282 -0.8822 10.9300
744 168 -10.7528 -0.9670 15.5722
768 168 -0.4372 -1.6264 11.4162
792 168 -0.3562 -1.6753 13.9136
816 168  0.2983 -1.9520 15.5022
840 168  1.7114 -2.9081 15.5321
864 168  2.8113 -1.9118 16.1495
888 168  2.7580 -1.8621 13.4791
912 168  0.0216 -2.7676 13.6924
936 168 -0.0787 -2.1031 16.7873
960 168 -0.1786 -1.3973 14.7457
984 168  0.4144 -0.0114  8.4805
 24 192  0.0121 -0.0796 11.7833
 48 192  0.0213 -2.9286 11.5113
 72 192 -0.1235 -2.5084 13.4986
 96 192 -0.2503 -2.3252 16.3561
120 192 -0.4770 -0.7076 11.4804
144 192  0.8374 -2.8633 12.0901
168 192 -1.2376 -5.6775 14.8452
192 192 -0.3306  0.0341 12.6680
216 192  0.2751  1.7818 19.2887
240 192 -0.1870  0.4267 19.5180
264 192 -1.1338 -0.5977 20.1538
288 192 -1.1749 -0.8447 13.8728
312 192 -3.9419 -1.2419 12.8035
336 192 -2.3945 -0.4187 14.5554
360 192 -2.2013 -0.7576 13.6105
384 192 -3.6519 -1.4437 13.4653
408 192 -0.8825 -0.9842 13.6541
432 192 -0.5266  1.0831 18.6047
456 192  0.4675  1.7186 18.3142
480 192  1.6811  1.9190 12.3246
504 192  4.0884  3.4520  9.8063
528 192  8.4038  4.6609 11.0780
552 192  8.7337  2.4407 12.7661
576 192  7.8159  1.8050 11.9080
600 192  4.8312  2.7813  9.2460
624 192  1.7898  0.3088 14.7023
648 192 -0.1128  1.1358 14.0996
672 192 -2.8639  1.9743 15.5553
696 192 -3.3599  3.9676 15.8414
720 192 -2.7374  4.6608 13.8509
744 192 -10.8323 -1.6042 13.7386
768 192 -7.1238 -5.3327 10.1437
792 192 -2.7118 -2.1288 12.6089
816 192 -0.1016 -1.3515 14.7470
840 192  1.6404 -4.7816 13.7032
864 192  2.7157 -2.4461 14.5003
888 192  1.0495 -3.2067 15.6533
912 192  0.4131 -4.0064 12.8621
936 192  2.6436 -4.9819 13.1461
960 192  1.3105 -3.6527 16.5989
984 192  0.4805 -0.0930  8.7027
 24 216  0.0382 -0.1227 11.6328
 48 216  0.4877 -2.5814 13.7230
 72 216  0.2948 -2.0459 14.9045
 96 216 -2.2792  1.9459 15.8711
120 216 -1.7099  2.4402 17.4677
144 216 -0.3055 -1.0589 14.1874
168 216 -1.5413 -5.0823 18.6972
192 216 -1.5879 -5.4556 12.5002
216 216  0.2524  2.1135 18.2457
240 216  0.1693  2.9652 18.7903
264 216  0.0451  2.5073 21.1087
288 216 -1.5459  0.8216 17.0412
312 216 -2.7710  0.1818 15.9807
336 216 -2.3468 -0.1951 15.7227
360 216  0.0983 -1.7593 15.9513
384 216  2.0614 -1.9220 13.2574
408 216  0.3798 -1.3628 13.2460
432 216  1.0099  0.7968 16.1444
456 216  0.9653  1.4756 17.0091
480 216  1.1458  1.9803 16.3558
504 216  3.7629  5.3797 10.9973
528 216  7.8266  4.1997 14.2369
552 216  7.6045  1.8036 11.0468
576 216  4.2317  0.2904 12.1016
600 216  3.1555 -0.3109 10.0911
624 216  2.3722 -0.3184 14.2474
648 216  0.2017  0.8532 12.4816
672 216 -1.4086  1.3305 14.1835
696 216 -2.3182  4.2922 15.1320
720 216 -3.1200  4.2113 15.0439
744 216 -6.2259 -1.7162 11.5455
768 216 -5.0003 -5.4026 10.6093
792 216 -3.9384 -0.0163 13.9334
816 216 -0.3850  0.7465 13.8863
840 216  1.0368 -4.0490 13.7945
864 216 -0.5815 -2.0675 12.9907
888 216 -0.5332 -2.4012 12.8078
912 216  3.9887 -5.0608 10.8477
936 216  5.6193 -5.9946 14.1543
960 216  2.9282 -5.1832 16.7286
984 216  2.6937 -0.1645  8.9339
 24 240  0.0333 -0.0989 11.8350
 48 240  0.2486 -2.1595 13.1365
 72 240 -2.7881  0.0166 16.2421
 96 240 -2.9563  1.4432 11.8761
120 240 -1.5011  2.8367 13.9438
144 240 -0.9386 -1.7699 13.6573
168 240 -1.2703 -5.2905 12.4212
192 240 -1.2830 -6.5624  9.8752
216 240  0.8653  1.4689 12.9451
240 240  0.9466  2.9010 16.2240
264 240  1.3013  3.7052 14.4119
288 240 -1.0330  2.1276 11.7277
312 240 -2.1025  0.1680 17.0720
336 240 -1.6418 -0.7587 16.2094
360 240 -1.3260 -2.6231 18.9413
384 240  0.2707 -2.1248 16.8685
408 240  0.2963 -0.4436 16.2020
432 240 -0.1453  0.0900 15.3353
456 240  0.4091  1.2863 16.1638
480 240  0.4190  4.3957 12.1420
504 240  0.1865  4.8191 13.6273
528 240  1.6561  4.0417 18.2339
552 240  3.7106  0.5365 11.7462
576 240  3.9322 -0.9852 15.4231
600 240  3.0804 -2.1165 12.4165
624 240  3.3985 -4.6630 13.4636
648 240 -0.1755 -0.1682 10.8763
672 240 -1.1213  0.7811 16.8594
696 240 -2.1528  1.9951 14.7637
720 240 -2.6484  1.8938 15.4073
744 240 -5.8448 -2.3556 12.6769
768 240 -5.1378 -2.9950 12.6031
792 240 -2.6989  1.2178 16.6359
816 240 -0.5328  1.9421 12.3345
840 240  0.1401  1.9589 11.3122
864 240 -0.1028  1.7517  8.7084
888 240  0.0362  1.0148  9.9101
912 240  3.9107 -4.6714 15.0248
936 240  4.5560 -5.0841 14.4410
960 240  3.7103 -4.4096 16.3217
984 240  2.9349 -0.1268  9.1895
 24 264  0.0032 -0.0507 12.3929
 48 264 -2.2443 -0.3394 13.6915
 72 264 -3.0636  0.0994 18.7338
 96 264 -1.9777  0.4972 14.6028
120 264  0.0357 -0.5276 17.3491
144 264  0.3753 -0.8216 18.9743
168 264  0.3084 -8.1648 14.1108
192 264  0.9978 -8.9607 12.4119
216 264  3.0900  0.8939 15.2593
240 264  1.9846  2.6529 14.7463
264 264  1.2232  2.7900 13.6559
288 264  4.8794  3.1575 11.2033
312 264  0.0768  0.1148 13.5123
336 264 -1.3305 -0.5335 19.1326
360 264 -1.0776 -2.5939 19.5065
384 264 -0.7876 -2.5512 15.5027
408 264 -1.2487 -0.4251 16.1516
432 264 -1.5709 -0.2164 17.2142
456 264 -6.9738  8.0746 11.5465
480 264 -7.3801  6.6833 13.1840
504 264 -6.0605  5.1565 10.6682
528 264  1.4139  3.1295 11.8639
552 264  5.8744 -4.0049 10.2441
576 264  6.0390 -3.9033 13.2883
600 264  3.5774 -3.9835 12.3577
624 264  2.6053 -4.0520 11.8093
648 264 -2.3805 -0.1384 10.9524
672 264 -0.2129  0.2825 16.1749
696 264 -2.2402  0.3707 21.3746
720 264 -3.6499 -0.9842 16.1136
744 264 -4.1455 -1.4258 13.3835
768 264 -6.2698 -2.2711 16.0143
792 264 -2.6657  0.8563 11.4635
816 264  0.2991  2.0376 14.4149
840 264  2.3786  4.0462 14.0169
864 264  4.7123  4.7543 14.4766
888 264  4.6762  4.6302 12.3885
912 264  4.0249 -2.9744 13.7820
936 264  3.9235 -2.7980 12.3740
960 264  1.8739 -2.6859 15.0767
984 264  2.9512 -0.0854  9.5594
 24 288 -0.0146 -0.0041 12.4839
 48 288 -3.9373 -3.4154 14.0237
 72 288 -3.7486 -1.3388 15.7200
 96 288 -0.3360 -1.4684 13.8729
120 288  0.2500 -0.8119 20.7565
144 288  0.8208 -0.7966 19.8778
168 288  2.0305 -4.9874 12.6888
192 288  1.4427 -5.3543 13.6372
216 288  2.6731  0.1722 12.8885
240 288  4.0767  1.9080 12.6750
264 288  9.1887  0.8559 11.4933
288 288  8.9222  2.3957 12.2083
312 288  5.4350  2.0288 14.0335
336 288  4.8446  1.9541 15.3049
360 288 -1.2789 -2.0536 11.2270
384 288 -0.9273 -1.3707 11.9959
408 288 -1.6256 -0.3489 16.3624
432 288 -1.9695 -0.0758 10.1011
456 288 -6.4472  6.8806  9.7920
480 288 -7.0087  6.4606 11.8385
504 288 -3.8293  1.3757 11.3736
528 288 -0.1675 -2.7389 15.2028
552 288  1.7867 -3.8149 14.4794
576 288  4.7297 -4.4285 12.4789
600 288  3.0289 -5.2919 13.1656
624 288 -4.0266 -0.9987 15.3936
648 288 -3.3433  0.0525 14.4131
672 288 -3.1610  0.0896 12.5987
696 288 -2.7949 -0.0748 15.8018
720 288 -4.1909 -1.3074 14.7792
744 288 -4.4254 -1.1459 12.6792
768 288 -3.8987 -0.8054 12.8814
792 288 -2.2551 -1.5946 13.9552
816 288 -2.9970  1.5143 13.4759
840 288 -1.3956  3.0036 10.9646
864 288  5.1358  5.0285 11.1997
888 288  7.7119  5.6576 10.9475
912 288  6.7430 -2.9068 10.1036
936 288  4.2803 -0.8490 12.5236
960 288  5.5306 -0.8692 13.7447
984 288  2.7917 -0.0520  9.0524
 24 312 -0.0006 -0.0453 12.2765
 48 312 -5.9617 -3.9215 16.2084
 72 312 -4.8315 -2.8116 15.9793
 96 312 -3.0595 -3.3383 13.0920
120 312 -0.0593 -1.5707 16.7127
144 312  1.2289 -1.2212 18.6239
168 312  3.7533 -4.0372 17.3690
192 312  3.3639 -3.1580 14.2558
216 312  2.3389 -3.0563 12.5660
240 312  8.7563 -2.5859 10.0226
264 312 10.1907  0.7374 12.0646
288 312  9.8638  1.9713 13.6641
312 312  7.9660  2.9922 11.0749
336 312  4.9767  2.1236 11.3289
360 312 -2.1792 -1.7648  9.2688
384 312 -3.0709  0.7165 11.4552
408 312 -2.6959  0.5425 12.4272
432 312 -2.6901  4.1101 11.4726
456 312 -1.5923  5.1287 14.0574
480 312 -1.4316  4.5580 11.8511
504 312 -1.9014  2.6652 11.9373
528 312  0.0651 -2.6168 15.1301
552 312  0.9957 -2.7888 14.8018
576 312 -0.0086 -1.4729 16.1360
600 312 -3.8930 -3.6026 16.0222
624 312 -4.1190 -1.3977 14.7214
648 312 -4.0294 -1.5830 15.1087
672 312 -4.6951 -3.0796 13.4791
696 312 -2.1725 -5.0685 14.6917
720 312 -3.5820 -6.8523 10.6403
744 312 -4.4962 -0.7753 14.9819
768 312 -1.4968 -2.2093 12.8685
792 312 -4.1718  0.8372 16.7616
816 312 -4.0067  1.6186 22.3724
840 312 -2.3328  2.9434 15.8746
864 312  0.8190  2.2069 10.4769
888 312  8.1465  0.3276 11.7096
912 312 10.8047  1.1069  9.4837
936 312  5.3586  0.0538 15.6885
960 312  5.1274 -0.1591 16.0674
984 312  2.8406 -0.0112  8.9762
 24 336  0.0056 -0.0610 12.0106
 48 336 -5.0293 -2.1363 12.3722
 72 336 -5.3723 -0.3033 12.9442
 96 336 -1.9244 -3.3216 10.5629
120 336  0.6804 -4.2440 16.6796
144 336  3.0059 -4.8402 13.9044
168 336  3.5841 -3.4020 12.1942
192 336  3.5588 -3.2360 14.2690
216 336  3.2394 -3.8420 11.1170
240 336  8.5345 -2.7953 11.7745
264 336  9.7195  0.8009 10.6776
288 336  8.7447  2.3436 11.9963
312 336  6.7537  3.6576  8.8898
336 336  4.1738  5.0802 10.6133
360 336 -2.4274 -0.9013 11.1975
384 336 -2.8035  1.5485 10.1375
408 336  0.0199  3.8448 10.6703
432 336 -4.6818 -2.0463 12.4351
456 336 -1.1373  3.1629 12.3994
480 336 -3.0739  5.6137 13.2290
504 336 -3.0687  4.6721 15.5063
528 336 -1.1670  2.2358 12.6018
552 336  0.1674  0.1060 13.7964
576 336 -0.0418 -0.1127 14.9822
600 336 -0.3855 -0.6273 14.1275
624 336 -2.9045 -0.0486 15.1467
648 336 -2.5458 -0.2083 14.4415
672 336 -1.2657 -4.2706 15.2835
696 336 -1.0776 -5.4532 16.8703
720 336  0.1864 -5.4120 14.0890
744 336  0.0043 -2.0889 14.9866
768 336 -0.2098 -1.8493 13.0482
792 336 -4.2318  0.9756 14.9727
816 336 -3.9238  1.6225 20.7283
840 336 -0.0105  1.0488 13.6121
864 336  3.3216  0.1752 13.7087
888 336  6.3019  0.6809 11.3913
912 336  6.8627  0.3118 15.5191
936 336  5.2364 -0.0879 12.2682
960 336  4.1190  0.1876 15.9438
984 336  2.8814 -0.0171  8.9764
 24 360  0.0304 -0.0344 11.2135
 48 360 -1.7662 -0.8346 10.6990
 72 360 -2.8362  0.4291  9.7404
 96 360  1.7553 -3.8996 10.4126
120 360  1.6078 -4.3646 17.0342
144 360  0.5247 -4.0880 13.9115
168 360 -0.6071 -3.8902 12.0071
192 360  1.0595 -4.0641 15.5067
216 360  1.8065 -2.2335 12.1178
240 360 -0.2606 -0.5075 14.4669
264 360  1.1092 -0.0403 13.7614
288 360  4.1070  1.1932 10.8283
312 360  2.0896  2.5397  9.4221
336 360  7.4282  8.7181 16.3230
360 360  6.4698  8.9074  9.3506
384 360  1.5813  3.0240  8.3220
408 360  1.7120  4.2942 13.0975
432 360  1.4299  3.1842 12.2601
456 360 -2.8817 -1.8888 12.6142
480 360 -3.2403  4.9957 17.8466
504 360 -3.1111  3.6780 15.7796
528 360 -0.5987  2.0655 14.9079
552 360 -0.1490  1.3582 14.7051
576 360 -0.1329  0.9010 15.5175
600 360 -0.1312  0.1112 18.9418
624 360 -0.8629  0.1667 16.5821
648 360 -1.3253 -0.8844 16.1756
672 360 -0.4326 -3.6452 13.2337
696 360 -1.1587 -7.2120 15.4640
720 360 -0.6591 -7.8681 14.4255
744 360  0.3488 -2.2368 11.7729
768 360 -8.2097 -2.1741 14.5555
792 360 -7.0360 -1.6610 12.4089
816 360 -4.9959  2.1905 14.1569
840 360 -0.0913 -0.8177 12.6267
864 360  2.7965 -2.6537 13.2081
888 360  5.3611 -0.1191 12.2375
912 360  5.5185  0.6496 13.4909
936 360  3.7649  0.9173 14.1139
960 360  2.6472  0.0294 17.7962
984 360  2.8023  0.0196  8.6149
 24 384  0.0501 -0.0541 10.5722
 48 384 -0.9797 -1.8506 14.3817
 72 384  0.1181 -2.8843 13.1538
 96 384  2.3852 -3.2282 13.4013
120 384  2.0473 -4.0262 14.9948
144 384 -0.3053 -1.8231 11.3020
168 384 -2.2669 -0.0239 13.2193
192 384 -3.5869  0.2897 12.1038
216 384 -1.7980  0.0373 12.7371
240 384  0.2825 -0.8503 15.9639
264 384  3.8411  0.0649 14.2266
288 384  2.0591  0.6103 13.6293
312 384 -0.4394  1.0853 15.4164
336 384  4.9980  7.7023  8.7726
360 384  6.3530 10.3999 12.2606
384 384  5.8944  9.4411 11.8414
408 384  2.4165  3.0054 15.6576
432 384  3.3538  0.8370 18.3221
456 384  3.7982  1.1235 20.7638
480 384  0.9747  0.1765 12.4957
504 384 -0.1008  2.1017 16.7245
528 384 -0.1042  1.9304 18.1520
552 384 -0.3292  1.2471 14.9993
576 384 -0.3024  0.9390 14.9383
600 384 -1.8113 -2.1066 16.1520
624 384 -0.8480 -0.7975 16.2710
648 384 -2.1379 -3.3892 13.7730
672 384 -1.1201 -4.2385 13.7765
696 384 -0.9555 -7.1726 19.3289
720 384 -0.1254 -6.1639 14.3937
744 384 -0.5736 -1.1699 16.5151
768 384 -2.1174  0.7494 13.2357
792 384 -5.1683 -4.2179 12.9570
816 384 -6.0672 -0.5731 11.9760
840 384  0.8313 -4.5151 11.6339
864 384  1.1390 -4.2797 18.8626
888 384  3.3235  0.0083 15.9303
912 384  3.2080  2.7563 14.2516
936 384  3.4015  2.9469 15.9897
960 384  2.1469 -0.0182 17.8744
984 384  2.7449 -0.0262  8.6562
 24 408  0.0049 -0.0596 11.8244
 48 408 -2.4609 -1.5495 20.4468
 72 408 -2.9289 -1.0945 14.4188
 96 408 -0.7626 -2.1028 11.9987
120 408 -1.5340 -0.7130 12.6817
144 408 -1.6303  0.6275 18.5143
168 408 -2.1272  3.3851 14.6671
192 408 -3.3649  1.4880 12.4434
216 408 -1.2616  0.2422 13.4055
240 408  2.8115 -0.8742 12.7510
264 408  4.0396  0.3162 12.4376
288 408  5.6990  5.9437 15.3700
312 408  6.3605  3.3748 10.9763
336 408  0.3581  1.2937 13.2698
360 408  0.2916  2.5567 11.8286
384 408  3.2104  9.2337 12.8707
408 408  4.0477  3.1333  9.3670
432 408 -2.6138 -0.1854 16.2922
456 408 -2.7403 -0.0929 15.4169
480 408 -5.7780 -0.0962 14.6871
504 408 -1.1324  1.1702 12.3249
528 408 -1.5850  1.9387 13.8757
552 408 -3.7757  1.4011 13.6049
576 408 -3.0074 -3.5999 13.0285
600 408 -3.4145 -4.0032 13.8893
624 408 -2.1469 -3.0898 12.7510
648 408 -2.8669 -3.3588 14.0856
672 408 -3.3403 -3.7355 14.9270
696 408 -1.8725 -5.7480 15.6317
720 408 -1.0733 -4.0862 13.9999
744 408 -0.8362 -0.8052 19.2585
768 408 -1.0215  0.8866 14.9036
792 408 -4.8679 -3.9818 12.1498
816 408 -6.0330 -1.1248 15.2926
840 408 -1.9019 -0.1211 11.5868
864 408  0.7345 -0.6171 18.3415
888 408  1.7633  0.4987 14.5139
912 408  2.7473  2.7386 15.4262
936 408  2.0138  3.4016 13.8354
960 408  1.1948  1.0770 15.4517
984 408  2.6600 -0.1451  8.8938
 24 432 -0.0113 -0.0070 12.7376
 48 432 -2.4874 -0.8161 16.2749
 72 432 -3.9076 -0.4707 20.1123
 96 432 -2.4414 -0.3279 18.7334
120 432 -2.4353  0.4666 14.6163
144 432 -1.1949  0.6864 15.9895
168 432 -1.0682  5.3487 16.1824
192 432 -0.0453  5.0122 12.0529
216 432  5.1275  2.6756 13.4187
240 432  3.1082  2.1683 12.6671
264 432  2.4047  1.7555 15.1777
288 432  5.0420  5.0710 15.3670
312 432  7.9835  1.9472 18.3053
336 432  1.8773  1.0416 18.3202
360 432  1.7401  1.2318 22.4057
384 432  0.0451  4.1344 11.6732
408 432 -2.1394 -0.2735 14.7939
432 432 -2.7636 -0.1029 17.3207
456 432 -3.2049 -0.0553 16.8991
480 432 -5.7558  0.3035 16.3771
504 432 -4.0438  1.8114 15.3957
528 432 -3.6960  2.5558 17.5362
552 432 -4.6877  0.2038 13.3771
576 432 -5.2194 -3.2252 15.5979
600 432 -7.6227 -4.7422 11.6313
624 432 -9.1114 -4.4028 13.0384
648 432 -9.5794 -6.1974  8.7431
672 432 -4.4338 -2.6551 13.8001
696 432 -3.7965 -3.0470 16.8584
720 432 -1.1225 -1.0919 16.5700
744 432 -0.7245 -0.3856 17.3294
768 432 -0.7420 -0.2784 14.9701
792 432  1.4348 -0.6295 12.1065
816 432  3.6899 -0.8351 13.1308
840 432 -0.0321 -0.3456 18.6807
864 432  0.5811  0.0489 23.7691
888 432  1.3211  0.5257 14.9804
912 432  2.8551  3.2618 18.6228
936 432  2.3966  4.1121 15.9973
960 432  1.9919  3.1206 14.4960
984 432  2.9055 -0.0683  8.8251
 24 456  0.0724  0.0278 11.7220
 48 456 -0.0047  0.4709 17.4986
 72 456 -0.1360  2.0357 15.5351
 96 456  0.0595  5.0587 11.3049
120 456  1.9153  2.0130 13.2113
144 456  6.6200  0.9110 13.3384
168 456  7.1840  4.1253 12.9933
192 456  8.8524  4.8702 15.3576
216 456  6.7977  3.7901 14.2633
240 456  5.9376  4.1119 14.9116
264 456  2.6337  1.4444 14.2223
288 456  4.0479  0.2720 16.5484
312 456  7.5941  0.9739 17.7855
336 456  8.0909  0.4244 24.0302
360 456  8.1055  0.2086 19.0149
384 456  5.7488  3.3295 11.4037
408 456  4.0076  4.1373 14.3784
432 456 -1.7933  0.5064 17.7117
456 456 -2.0405  0.9618 18.1233
480 456  0.7984  2.9667 19.9746
504 456  1.2860  4.0855 23.0551
528 456 -0.0155  4.2866 18.0272
552 456 -4.3197  0.0182 12.3028
576 456 -5.2424 -0.8130 14.1582
600 456 -10.1620 -4.0002 10.0025
624 456 -9.5820 -5.7007  9.0792
648 456 -10.7981 -8.1545 13.0792
672 456 -10.0714 -3.7258 11.5748
696 456 -9.4525 -3.3130 11.9653
720 456 -5.8834 -2.6556 12.4801
744 456 -2.1400 -1.0842 14.9132
768 456 -2.6999 -0.3140 18.7086
792 456 -1.2191 -0.4059 15.0377
816 456  0.8243  0.6831 15.2887
840 456  0.6062  1.0050 21.8512
864 456  0.8671  0.7526 19.2312
888 456  0.8356  0.9215 15.1462
912 456  3.5926  5.5550 15.4140
936 456  3.8045  5.6322 16.8249
960 456  4.6274  1.1964 10.0782
984 456  2.8988  0.0040  8.2925
 24 480  0.0816  0.0052 11.2293
 48 480 -0.1674  1.8388 17.6112
 72 480  0.7751  2.9376 18.1567
 96 480  2.1071  4.9705 17.6664
120 480  3.8858  4.9927 12.8095
144 480  5.7739  3.7737 15.7710
168 480  6.6488  3.8535 16.8629
192 480  7.8713  4.3189 14.0002
216 480  7.6678  5.1535 15.8934
240 480  7.3948  4.8688 15.9218
264 480  3.9908  0.8326 17.0058
288 480  4.3756  1.0079 17.5877
312 480  6.8967  0.9378 16.1447
336 480  8.1387  0.9814 19.2675
360 480  7.9800  0.3708 16.5501
384 480  7.4460  2.7990 13.5442
408 480  4.9031  3.1785 14.5881
432 480 -0.7622  3.1694 13.0885
456 480 -1.6942  1.7851 20.6109
480 480  0.3222  3.5182 19.1570
504 480  0.8524  4.7386 22.7402
528 480  0.0871  4.4852 18.6768
552 480 -2.8244  3.4483 10.9637
576 480 -6.8749  0.3728 11.4349
600 480 -12.1455 -3.1042 12.8313
624 480 -9.9197 -6.6686  7.0409
648 480 -10.6950 -9.3897 11.1187
672 480 -10.3568 -3.4164  7.6269
696 480 -11.8599 -2.9278 11.9393
720 480 -5.5362 -1.8459 11.1214
744 480 -5.1924  0.2822 15.5124
768 480 -3.8617  0.3293 21.7070
792 480 -2.2734  0.0423 18.6103
816 480 -2.7090  3.7743 20.1147
840 480 -1.6613  3.1608 16.1150
864 480  0.7838  1.5721 18.1039
888 480  1.0230  2.1548 15.2018
912 480  4.4290  5.7918 14.8177
936 480  5.9484  5.0043 14.7753
960 480  5.8209  4.0797 10.3768
984 480  0.6396  0.0215  8.4732
 24 504 -0.0091 -0.0044 12.5601
 48 504 -2.3269  1.2241 17.0119
 72 504  0.7005  2.6191 14.4552
 96 504  3.5947  4.4051 14.2675
120 504  4.0893  5.0267 16.5283
144 504  5.5946  3.9916 17.4530
168 504  6.2716  3.4206 20.0773
192 504  6.5792  4.0974 15.3242
216 504  7.2155  4.8050 14.4289
240 504  7.9447  5.1609 13.4376
264 504  2.9152  2.6976 23.2605
288 504  3.5928  2.2147 19.5370
312 504  4.0833  1.2541 15.1310
336 504  5.7627  0.9744 16.1660
360 504  4.2658  1.1967 12.3635
384 504  6.9827  2.5419 12.5607
408 504  5.1397  2.3145 15.9470
432 504  0.1181  4.3334 12.0351
456 504 -1.7352  1.7668 18.5116
480 504 -1.4949  2.1702 16.7910
504 504 -5.8243 -0.2983 10.5257
528 504 -8.0031  0.7031 15.3679
552 504 -4.1806  1.4591 10.8658
576 504 -6.4777  2.1909 11.6058
600 504 -9.9403 -1.4330 12.1984
624 504 -9.1746 -4.6092  7.0840
648 504 -10.3398 -10.8102  9.0747
672 504 -8.9552 -12.3940  9.5985
696 504 -5.0997 -8.3575  8.8642
720 504 -7.6586 -12.4522 11.5375
744 504 -6.3287 -1.5294 12.7953
768 504 -5.6512 -0.1570 15.9476
792 504 -4.0000  0.8554 16.0999
816 504 -4.0890  2.1217 14.5732
840 504 -2.0811  2.5904 17.2493
864 504  0.3355  1.2327 18.0311
888 504  1.3634  1.9866 14.1235
912 504  6.2161  4.6614 13.3706
936 504  6.6868  5.1507 12.7785
960 504  4.0770  4.0986 12.1979
984 504  2.5375  0.0679  8.6665
 24 528 -0.0198  0.0043 12.8396
 48 528 -3.9981  0.4213 17.2359
 72 528 -1.6666  1.0332 16.7334
 96 528  0.8328  0.8064 14.5518
120 528  3.7803  5.4836 12.7341
144 528  5.8467  4.4742  8.1986
168 528  7.5779  3.1122 16.1971
192 528  5.8978  4.5032 15.9758
216 528  5.2483  5.0671 17.0524
240 528  2.1556  5.8074 11.0198
264 528  2.0242  6.5048 20.8746
288 528  3.0276  4.8469 17.0205
312 528  2.1648  2.4365 18.6716
336 528  3.6748  1.9267 18.7351
360 528  1.6517  1.2729 14.4023
384 528  1.0801  1.9135 16.1707
408 528 -0.7013 -1.1102 16.2795
432 528 -2.1913 -4.0340 17.3970
456 528 -1.8633 -4.5870 15.5029
480 528 -2.0669 -2.5299 14.3504
504 528 -5.2249 -0.4442 15.2659
528 528 -8.2049  1.1093 19.8589
552 528 -6.1873  3.0511 12.8858
576 528 -6.1039  2.7709 10.4725
600 528 -10.3005 -0.9017 13.9670
624 528 -6.0101 -5.1403  8.3016
648 528 -4.2412 -6.7694 15.8511
672 528 -5.2148 -9.5000 12.4252
696 528 -4.0499 -11.7719 13.5119
720 528 -2.8165 -11.6512 14.3662
744 528 -2.1823 -0.7273  8.7335
768 528 -1.3025  0.2769 12.3420
792 528  0.0707  0.2706 11.1945
816 528  1.6633  0.0493 12.2748
840 528  1.2807  1.1369 17.4019
864 528  2.7448  1.5884 17.2241
888 528  3.5819  5.4365 17.5651
912 528  2.5983  4.3452 16.1092
936 528  3.1407  4.7704 15.0926
960 528  1.2647  5.7645 11.9071
984 528  2.7285  0.0362  8.9471
 24 552 -0.0209 -0.0049 12.3700
 48 552 -2.8437  1.6370 20.3436
 72 552 -1.8515  0.9761 18.5120
 96 552 -1.6211  1.4190 16.1399
120 552  0.2242  7.6821 13.3085
144 552 -2.9824 12.1776 11.2710
168 552  9.0722  2.4998 13.2352
192 552  5.8163  2.7217  9.9941
216 552  2.5748  5.8547 10.4507
240 552  3.5685  5.5646 13.8506
264 552 -0.1138  0.7530 19.7123
288 552  1.2620  4.9393 12.0829
312 552  0.2686  2.0790 14.0054
336 552  1.4216  1.0326 14.2261
360 552  1.8415  1.1981 17.3757
384 552  1.8185  1.4619 16.6791
408 552 -0.1929 -1.6293 14.3512
432 552 -1.9932 -4.0975 10.7871
456 552 -3.1831 -5.7954 16.2927
480 552 -3.7945 -5.9044 15.2141
504 552 -2.3523 -1.2118 16.9289
528 552 -5.8212  4.0673 13.7839
552 552 -7.5144  3.1306 17.2734
576 552 -5.8792  2.1286 12.7114
600 552 -6.0076  0.5818 11.1191
624 552 -3.8548 -5.0769 10.1159
648 552 -3.5619 -6.2712 16.1054
672 552 -1.9923 -6.9764 13.6723
696 552 -3.0526 -10.0061 13.2221
720 552 -4.2150 -5.3985 10.2255
744 552 -0.1274  0.5390 12.6992
768 552  0.2642  0.4901 15.8039
792 552  2.3723  0.6623 15.3823
816 552  1.7971 -0.1313 14.8153
840 552  1.9217  0.6321 17.2636
864 552  1.9746  1.1535 12.8059
888 552  0.4968  5.8135 12.0975
912 552  0.9412  5.5469 17.5495
936 552  1.2224  6.2085 16.1779
960 552  1.5745  8.0101 13.4912
984 552  2.8137  0.0159  9.1363
 24 576 -0.0167  0.0198 11.6723
 48 576 -0.9584  0.2232 16.1092
 72 576 -2.8548  2.1703 16.7840
 96 576 -1.3272  2.8637 14.7746
120 576  1.1664  5.2959 12.3668
144 576 -0.8879  4.9373 10.0313
168 576 -0.5652  4.6481  8.6500
192 576 12.3573  0.6456 13.4453
216 576  0.1595  4.4983 12.5095
240 576  0.8607  3.2379 13.8118
264 576  0.3291  2.9581 18.6893
288 576  1.7423  3.9884 16.0385
312 576  2.3046  3.5031 13.4021
336 576  1.8345  1.3395 14.9207
360 576  2.0650  0.8009 16.3829
384 576  1.5725 -0.1970 16.2510
408 576  1.0627 -1.8127 14.7032
432 576 -0.1862 -3.6126 11.0473
456 576 -3.8340 -4.6655 12.6602
480 576 -4.4086 -4.2651 13.6862
504 576 -2.2088 -1.6106 15.0442
528 576 -0.1941 -1.1260 15.4163
552 576 -0.2081  0.2566 11.9497
576 576 -0.7838  0.3375 13.9681
600 576 -1.8860  0.2201 13.5629
624 576 -1.1034 -1.1606 13.9855
648 576 -0.2177 -1.2926 14.9132
672 576 -1.0646 -5.9727 14.8525
696 576 -1.1099 -6.0778 15.6894
720 576 -3.4175 -4.5802 15.8477
744 576 -1.1593 -2.0310 15.1158
768 576  1.1068  1.2715 15.1121
792 576  3.9652  2.9562 12.1529
816 576  4.8478  4.1519 12.6115
840 576  2.2512  1.1147 13.1801
864 576  3.1087  2.8970 10.3567
888 576  0.4494  6.4112 14.2238
912 576  0.4548  9.2481 14.7585
936 576  0.4641  8.0639 14.9367
960 576  1.2293  8.0562 11.4193
984 576  3.0454  0.0213  9.6628
 24 600 -0.0181  0.0972 12.7587
 48 600 -0.1359  1.4862 19.6262
 72 600 -1.6783  3.3436 16.7486
 96 600  0.7795  5.8533 12.7069
120 600  1.8582  6.9718 15.9110
144 600  1.9107  7.1253 11.3076
168 600 15.6020  6.5907  5.6525
192 600 12.2890  0.9749  6.9235
216 600  1.1728  4.5262 11.0149
240 600  0.7132  3.9460 14.3250
264 600  0.5498  3.2964 15.9193
288 600  1.4065  3.1916 15.4818
312 600  1.8239  3.2582 17.1070
336 600  2.3737  2.0728 16.8340
360 600  3.7390 -0.3167 18.3895
384 600  1.8738 -1.8985 20.1499
408 600  1.1462 -3.2349 18.7683
432 600  0.4952 -3.8811 15.9838
456 600 -0.9632 -3.0303 13.0307
480 600 -3.0942 -2.3737 10.9514
504 600 -0.2773 -1.2431 12.7553
528 600  0.0426  1.5468 11.8022
552 600  3.5726  4.8386 11.6236
576 600  1.0064  2.0803 12.0777
600 600 -1.9136  4.1928 13.1465
624 600 -2.2771  2.8316 13.8979
648 600  0.2295 -0.5043 16.2999
672 600  3.9704 -1.7586 12.2748
696 600  2.2440 -0.7802 10.7720
720 600  0.7556 -0.2105 14.9878
744 600 -1.3982 -2.7027  7.8595
768 600  3.4737  7.1644 14.8825
792 600  4.3099  6.9286 13.4197
816 600  5.1760  7.0339 11.6851
840 600  4.0519  4.9270 10.1311
864 600  4.5553  3.3590  9.7549
888 600  0.0843  3.1883  9.6210
912 600 -0.0217  9.5209 15.9709
936 600  1.1360  9.9946 19.2357
960 600  3.1892  9.5756 14.4745
984 600  3.0489 -0.0113  9.1556
 24 624 -0.0159  0.0312 12.6041
 48 624 -1.4875  0.3921 15.6235
 72 624 -0.0653 -1.8402 12.4528
 96 624  4.7021  2.2001 13.8616
120 624  2.3831  7.8727 14.3441
144 624  0.9028  7.4064 10.9642
168 624  8.0152  8.5646  7.3474
192 624  8.4972 10.8904 14.2933
216 624  7.7315 10.1994 10.5236
240 624  1.9529  2.7296 15.3606
264 624  1.9382  2.7914 19.1261
288 624  1.5385  3.1101 15.1664
312 624  1.7562  3.0099 17.0535
336 624  2.9687  2.4167 15.8259
360 624  4.2428  1.7811 18.5338
384 624  6.0705  0.0087 15.0035
408 624  4.5069 -2.7470 15.6713
432 624  2.9696 -4.9987 11.8242
456 624  0.9797 -2.5855 12.8848
480 624  1.7320  1.0496 13.2361
504 624  4.4294  5.9462 11.2241
528 624  4.8294  6.6758 15.5159
552 624  2.7153  4.8172 16.4153
576 624  3.2994  3.2423 10.1095
600 624 -1.0644  5.2354 13.2949
624 624 -1.3981  4.5913 13.6660
648 624  0.6307  1.9049 12.3722
672 624  4.9923  1.8261 10.9207
696 624  0.1144  4.8904 11.5298
720 624 -0.5978  3.8511 13.2761
744 624  4.9302 10.2197 13.0339
768 624  5.5841 10.1933 14.5234
792 624  5.7439 12.3476  9.8852
816 624  6.5935 14.2680 14.7886
840 624  6.0180 13.3307 10.7660
864 624 -2.4733  9.3869 13.1146
888 624 -2.3022  8.0378 14.9179
912 624 -2.1097  7.2559 15.9541
936 624 -2.0635  7.9105 10.4201
960 624  4.1257  4.7033 11.8719
984 624  0.4569  0.0751  8.0987
 24 648 -0.0070 -0.0562 11.5860
 48 648 -3.8527 -4.0077 13.0506
 72 648 -1.6554 -4.8087 13.5460
 96 648  5.6144  2.2174  9.1495
120 648  4.1485  8.3053  9.8557
144 648  2.0586  7.1710 11.3837
168 648  2.6055  6.6712 15.3272
192 648  2.7778  7.1416 15.2146
216 648  1.1157  8.2924 13.6543
240 648  2.4980  2.4563 17.3169
264 648  2.5875  2.6859 15.3445
288 648  2.5848  3.9405 13.8257
312 648  1.8423  2.6695 15.4470
336 648  3.4895  0.7012 13.6950
360 648  4.9143  2.5308 14.0147
384 648  8.4319  1.6549 14.8740
408 648  7.0419 -0.3419 13.2081
432 648  5.1057 -4.1596 15.8509
456 648  1.7618  2.1966 17.5408
480 648  2.0453  1.8890 20.3301
504 648  4.4041  6.8190 16.2810
528 648  5.1019  7.0999 18.1457
552 648  3.0443  6.9364 12.8783
576 648 -2.8537 13.7807  9.1107
600 648 -2.1263  9.8645 15.0792
624 648 -1.9842  6.4797 12.9352
648 648 -1.1375  4.9315 11.7356
672 648  0.0041  5.7706  8.1688
696 648 -0.1730  7.8723 10.0445
720 648 -1.6513  4.0702 11.7835
744 648 -0.1253  4.2457  8.8267
768 648 -8.1415 -23.9399  5.9140
792 648  4.0713 16.1777  6.9536
816 648  4.8384 15.1816  9.8257
840 648  2.4891 15.3331  8.2758
864 648  1.0126  9.3387 10.5621
888 648 -0.2561  9.0138 14.8698
912 648 -1.9575  8.2801 14.1834
936 648  4.4113  0.4852 14.1936
960 648  3.7639  3.5831 16.4741
984 648  0.4748  0.2225  8.6335
 24 672 -0.0048 -0.0588 12.0807
 48 672 -5.9077 -6.9821 14.6959
 72 672 -6.2832 -6.7439 15.9062
 96 672 -7.6076  1.2876 11.1108
120 672 -7.8322  1.6546 13.2948
144 672 -7.8552  1.1692 11.7500
168 672 -4.9458  0.4490 10.7025
192 672  2.4804  6.6051 12.8299
216 672  1.2607  7.7486 15.3658
240 672  2.0910  9.1949 11.8001
264 672  5.7281  9.1597 10.7048
288 672  7.7720  0.9341 10.8122
312 672  2.9745  0.3890 16.7294
336 672  4.3458  1.0490 15.7017
360 672  4.3556  1.4531 14.0801
384 672  7.9252  1.8563 14.8345
408 672  8.4995  0.1137 12.3769
432 672 11.9545  0.4014 11.6726
456 672  1.8988  1.1944 10.3818
480 672  1.9552  1.8571 15.6447
504 672  4.2039  7.6919  9.6755
528 672  4.8969  8.2002 10.4842
552 672  4.8303 18.1144  9.8477
576 672 -22.8778 -19.0918  7.0631
600 672 -2.1655  6.7419 11.3065
624 672 -1.5317  8.1030 13.5613
648 672 -1.3139 11.9863 12.1431
672 672  2.9429 15.0872 14.1368
696 672  3.3422 14.9128 14.5554
720 672  2.0337 12.9021  9.9748
744 672 -4.7455  9.8831 12.1955
768 672 -3.5390 11.9829 10.0064
792 672  2.3727 -19.0548  9.6426
816 672  2.9227 15.9970  9.7451
840 672  2.5514 15.0199 10.5201
864 672  1.9439  6.0158 16.3789
888 672  1.7584  5.6982 19.9802
912 672  2.2509  0.6231 15.0954
936 672  1.0929 -0.1289 13.6384
960 672  0.1867  0.3572 16.5909
984 672  1.1479  0.0924  9.1536
 24 696  0.0354 -0.0607 12.0642
 48 696 -0.1985 -7.7329 13.3342
 72 696 -3.8740 -4.5943 10.8727
 96 696 -11.7814  0.1100 12.2064
120 696 -7.5392  0.9094 14.0076
144 696 -6.8146  0.5946 19.2839
168 696 -6.1056  0.9923 16.7612
192 696 -6.1272  1.3038 19.0101
216 696 -3.9312  0.1399  9.8020
240 696  1.8216  8.0044 10.1999
264 696  5.8181  9.1221 12.6397
288 696  8.0662 10.7971  8.6164
312 696  0.2481  4.0978 10.1965
336 696  1.1928  4.1191 15.1791
360 696  2.3690  1.5880 17.4191
384 696  3.8964  1.2546 19.2907
408 696 10.7013  2.1400  9.8223
432 696 10.8269  2.0626 15.2403
456 696 10.0987  3.6433 13.7442
480 696 10.8771  5.9266  8.9743
504 696  7.5839 13.0716 13.9752
528 696  6.5965 14.4455  9.8320
552 696  5.2985 18.1564 11.2885
576 696  3.9947 20.9364 12.3508
600 696  3.4231 23.8910 16.1155
624 696  0.8400 13.8704 16.7375
648 696  0.9780 13.1090 17.6963
672 696  1.9548 16.8800 10.7490
696 696  2.3537 16.9504 14.1109
720 696  2.0710 16.0374 13.9667
744 696  0.1094 11.8222 10.2533
768 696 -5.2706 14.6758 12.4817
792 696 -5.0341 14.5973 15.8274
816 696 -3.5490 12.2277  8.8161
840 696  2.4376 11.9059 13.2254
864 696  2.8400  8.3994 15.1026
888 696  1.3631  6.5398  8.3106
912 696 -0.0821 -0.2836 10.7381
936 696 -1.0625 -4.7030 10.2705
960 696 -0.5273 -5.0476 15.0656
984 696  2.7280 -0.0235  9.6900
 24 720  0.0249 -0.0642 11.9041
 48 720  1.2145 -4.2945 12.4228
 72 720 -3.2057  0.1105 14.8529
 96 720 -4.7736  0.2359 13.0666
120 720 -5.3047  0.3242 11.4160
144 720 -5.7756  0.6290 14.9680
168 720 -5.5701  1.5546 16.3655
192 720 -4.8363  2.3990 13.3687
216 720 -2.0660 -0.0638  8.6205
240 720  2.8645  3.2514 13.9717
264 720  5.7556  1.9136  7.2689
288 720  5.1699 12.7875  9.2428
312 720  7.2755 14.6763 10.9360
336 720  4.9407  8.2252 12.3196
360 720  0.2130  0.9491 14.4500
384 720  0.1865 -1.8217 16.6908
408 720 -0.1455 -2.0210 11.3358
432 720  9.1872  2.3966 16.0863
456 720  9.6319  3.9942 10.9850
480 720  9.5415  8.0614 11.1373
504 720 11.1888 11.0340  8.9792
528 720 -18.0542 -21.9221  8.1664
552 720 10.3489 23.0674  7.4393
576 720 16.1238 -21.1724  8.9507
600 720 18.9619 -21.9629 10.6935
624 720  1.5375 13.8314 15.4185
648 720  1.3057 13.5316 15.9214
672 720  1.1142 19.8189 11.6617
696 720  0.0525 18.2471  9.7661
720 720 -2.9573 -34.3782  7.5329
744 720 -7.9969 16.0391  8.1473
768 720 -7.6988 10.1651  9.9076
792 720 -7.7404  9.9137 11.9022
816 720 -1.0304 10.3562 12.5219
840 720  0.2245  7.7815 11.0000
864 720  3.7157  9.5742 12.0054
888 720 -4.7463 -3.9285  9.5455
912 720  0.0172 -6.7129 12.9232
936 720 -13.7975 -4.7999 12.4444
960 720 -1.6324 -6.3459  8.9191
984 720  2.9025 -0.0251  9.2491
 24 744 -0.0305 -0.0793 12.5296
 48 744 -0.2775 -1.4517 14.2848
 72 744 -1.4039 -0.4326 15.3947
 96 744 -1.3156  0.0866 16.1730
120 744 -0.8632  0.9923 13.8670
144 744  0.1423  1.5966 14.3208
168 744  3.7288  2.3047 13.9530
192 744 -0.0579 -0.3869 13.5242
216 744 -0.7715 -0.8001 16.7030
240 744  1.8061  1.1893 16.5072
264 744  8.4962 14.6518  8.0313
288 744  8.1650 13.3982 14.6915
312 744  3.1233 11.8955  9.5782
336 744  4.5843  9.2336 10.4930
360 744  3.8367  7.3567 11.8832
384 744 -0.0019 -2.1773 19.8998
408 744 -0.0665 -1.7234 17.4519
432 744  2.3086  3.5915 13.2979
456 744  5.8849  8.6781 13.3435
480 744  8.2085  7.1171 11.4379
504 744 11.7804 10.9712 13.0208
528 744 10.9887 25.0402 13.5905
552 744 11.8054 25.6805 11.6087
576 744  4.2656 18.8358 10.5260
600 744  4.1308 17.7511 14.1783
624 744  1.0000  1.0000  6.9362
648 744 -0.9236 13.2608 11.1552
672 744 -2.1780 18.1679 11.7484
696 744 -2.9320 18.1234 13.9288
720 744 -6.8188 18.1400 15.8213
744 744 -8.9776 18.7327 14.4014
768 744 -7.6247  9.3305  8.2129
792 744 -7.3457  8.8151 11.6254
816 744 -7.3879  7.7964 13.3281
840 744 -1.9918  7.8507 12.6075
864 744 -1.7605 -2.7703 11.7175
888 744 -1.6721 -2.6040 10.2953
912 744 -0.0383 -6.8118 16.3063
936 744 -0.4365 -6.8937 14.7507
960 744 -0.4313 -6.5586 11.9101
984 744  2.7500 -0.0823  7.9812
 24 768 -0.0154 -0.1531 12.7911
 48 768  0.4038 -1.2391 21.0526
 72 768  1.3929 -1.6074 15.0471
 96 768 -1.0148  0.0941 13.9236
120 768 -0.3212  0.3836 12.7752
144 768  0.3054  0.1391 12.0382
168 768  4.7440  3.9179 13.3950
192 768 11.2700 10.5713  7.0437
216 768 -0.9508  0.1216 10.0036
240 768  8.9546  4.1106 15.1250
264 768 10.7498  4.9877 16.6199
288 768  9.6762 13.0139 10.6140
312 768  3.5892 13.0126  7.0994
336 768  3.7765  1.8230  8.4478
360 768  1.9075 -2.7420 14.0878
384 768  1.2738 -2.8148 19.3587
408 768  0.9286  0.0476 16.1163
432 768  1.0849  4.9336 14.4834
456 768  4.1377  7.5488 16.0708
480 768  4.0025  8.7877 12.8750
504 768  2.1704 10.0809 12.3264
528 768  9.1955 -27.7090  9.5073
552 768  5.6577 -28.8439 10.3486
576 768 -13.4724 -24.9068  8.6509
600 768  8.0577 19.5619  8.1069
624 768 20.2829  2.3131 11.1910
648 768 -7.5382 11.1209 10.0650
672 768  0.0016 -24.8309  6.1603
696 768 -16.2893  0.0110  9.4876
720 768 -6.7039 -29.5380  8.8870
744 768 -9.8879 -23.7717  9.3592
768 768 -16.7324  5.5038  9.6843
792 768 -16.6118  5.7431 16.9919
816 768 -9.7418  7.0752  8.0259
840 768 -0.2707 -2.0913 10.4406
864 768 -2.0240 -4.9344 29.7441
888 768 -1.9236 -5.2854 21.3120
912 768  0.1764 -7.1853 17.4874
936 768 -0.1907 -5.5279 18.4013
960 768 -0.2866 -5.5961 15.7768
984 768  2.6643 -0.0850  8.0271
 24 792  0.0039 -0.1549 11.9287
 48 792  0.4819 -1.9528 24.1845
 72 792  1.7433 -0.4639 16.6031
 96 792 -0.9950  0.2838 18.2466
120 792 -0.6863 -2.7633 14.0640
144 792  2.0902  7.5171 12.1908
168 792  7.1592  8.8568 11.8485
192 792 11.9470 12.8830 12.5541
216 792 13.0856 12.5609  9.9621
240 792  8.8611  5.1756 13.5225
264 792 10.2848  6.0996 17.0452
288 792  5.8879 10.6512 11.8512
312 792  4.4216 10.9798 12.9499
336 792  3.1359  1.3110 14.5466
360 792  2.6118  0.5641 13.5080
384 792  1.6860 -2.7085 15.8995
408 792  0.6941 -0.0078 15.7202
432 792 -0.5821  1.2696 13.2470
456 792 -0.1199  5.2572 12.3201
480 792  1.7245 10.5928 18.6124
504 792  1.6318 10.6086 19.7250
528 792  8.5397 16.4613 12.1506
552 792  9.6536 17.2001 17.9426
576 792  7.7841 20.6001 10.4306
600 792  5.5871 19.1403  9.7519
624 792 23.2540  3.6243  7.9068
648 792 -5.4715  9.3840 12.4538
672 792 -7.8678 12.1614 10.4372
696 792 -16.1387  0.2596  8.6838
720 792 15.6984  7.0182  7.1281
744 792 -21.0593 18.9389  8.9679
768 792 -17.3720  5.4180  8.7935
792 792 -16.7807  5.0378 12.1466
816 792 -10.1097  6.9161  7.1677
840 792 -9.8670  3.8821 10.6220
864 792 -2.1519 -4.9812 27.8039
888 792 -1.7333 -6.2569 20.0839
912 792  0.0397 -8.1462 21.1554
936 792 -0.2246 -5.3308 13.9187
960 792  2.8322 -2.3132 12.0463
984 792  2.6931 -0.0587  8.1268
 24 816 -0.0038 -0.0947 12.6117
 48 816  0.4114 -1.7055 22.5122
 72 816  1.5161  0.9279 16.2330
 96 816  0.1025  1.4652 16.3911
120 816  0.0264 -1.3035 15.9357
144 816 -0.6931 -2.3937 12.2451
168 816  5.0824  7.8273 10.4511
192 816 12.0879 13.1101  9.8034
216 816 12.2755  9.2018  9.1976
240 816 12.4574  7.8771 13.1205
264 816  9.2217  7.9411 13.6344
288 816  5.3176  9.8604 12.0865
312 816  4.3366 12.6937 12.2530
336 816  2.3493  0.7408 11.1171
360 816  1.1958  0.2549 10.1141
384 816  0.1817 -1.0434  9.3075
408 816 -0.9564  0.0809 22.0369
432 816 -1.7219  7.4393 13.0897
456 816 -1.8185  7.8166 20.5976
480 816 -1.1745  9.4979 11.1630
504 816 -0.8602  9.7303 10.2912
528 816  2.4097 10.1121  9.1483
552 816  2.6678  9.9311  8.6979
576 816  0.1862 10.0452  6.6790
600 816  3.9334 21.8647  9.8828
624 816  0.4700 15.8976 11.6007
648 816 -4.2475  9.0344 10.6673
672 816 -9.0275 12.9065 11.9924
696 816 -8.9364 13.3339  7.5592
720 816 11.7733  0.0244  8.5074
744 816 -20.8183 -8.6760 11.3703
768 816 -23.6256 -8.5304 15.6061
792 816 -18.5487  2.4869  8.2319
816 816 -16.9383  0.9642 13.7900
840 816 -15.1682  2.0641 11.3785
864 816 -3.9395 -6.8872 11.6033
888 816 -5.5288 -8.1660 11.1986
912 816 -3.0573 -7.9638 12.8287
936 816  2.5540 -1.9328 14.2008
960 816  2.3516 -2.6609 12.9367
984 816  3.0619 -0.0242  8.8405
 24 840  0.0052 -0.0815 12.7302
 48 840 -0.0066 -1.9617 19.7435
 72 840  1.1675 -0.0913 14.8614
 96 840 -3.0100 -5.2148  7.2336
120 840 -1.3172 -3.2377  8.3097
144 840  1.3815 -0.3142 15.3409
168 840  8.1294 11.0092 12.0921
192 840 10.5512 10.0505  7.2845
216 840 10.4357  7.0117  8.2469
240 840 12.5406  7.8067  9.4433
264 840  6.0631 10.6517 11.6816
288 840  1.9606 12.1372  8.3809
312 840  1.6631 12.5315 10.8733
336 840  1.8911  4.4607  7.1379
360 840  0.8757  1.6396  9.6135
384 840  4.1024 -0.0252 12.2794
408 840  3.9051  0.1577 15.8803
432 840 -0.3145  7.6248 11.6759
456 840 -3.5940  8.3752 14.3543
480 840 -4.1984  9.1686 17.0196
504 840 -6.1507  2.1351 19.6101
528 840 -6.8308  1.9288 19.2999
552 840  0.1575 10.5979 15.2812
576 840  0.1619 11.3637 13.2269
600 840  0.0878 15.8615 12.0781
624 840 -14.0033 -33.7093 11.2122
648 840 -16.7492 -32.9725  7.9834
672 840 -8.9947 19.8966  9.4198
696 840 -12.2184 11.9787  6.0330
720 840 -12.8944  8.8810 15.0847
744 840 -0.3458 25.2611  8.8536
768 840 -6.9889 28.0617 15.0599
792 840 -1.4426 26.5945  8.4680
816 840 -16.6815  1.0441 12.9037
840 840 -15.0700  2.0618 10.1708
864 840 -13.9764 -10.2905 14.3259
888 840 -14.1326 -10.6910 12.4841
912 840 -8.1782 -7.9722 11.3679
936 840 -9.6508 -7.7566 10.0611
960 840  0.0484 -1.4216 15.0844
984 840  0.4391 -0.1323  8.6962
 24 864  0.0088 -0.0738 12.3292
 48 864  1.1783 -4.6282 14.2109
 72 864  0.5751  1.1569 12.3366
 96 864  4.0851 11.7365 23.2625
120 864  3.7251 11.6602 17.7373
144 864  2.0651  7.6118  8.8085
168 864  7.7922 10.8406  9.3891
192 864  8.2266  5.7921  7.9036
216 864  8.3693  7.3855 10.1622
240 864  6.0027  9.9107 12.0172
264 864  5.2629 11.3072 13.8176
288 864  3.1549 14.6654 12.3025
312 864  1.8226 12.4104 11.1996
336 864  5.2849  5.7318 11.1163
360 864  3.8608  3.9339 10.2706
384 864  4.1177  1.9750 13.6732
408 864  4.5658  1.2663  9.4640
432 864 -1.3946  6.3680  8.8866
456 864 -2.9194 10.2311 11.9379
480 864 -4.0836  9.9388 13.3333
504 864 -6.3817  2.3188 15.8487
528 864 -6.7657  1.8260 19.5382
552 864 -1.5181  9.4958 13.5199
576 864 -1.8921  9.4439 14.2196
600 864 -2.1603  6.8615 16.8357
624 864 -3.5573  7.0708 11.4547
648 864 -9.4446 20.5624 11.6300
672 864 -7.4463 20.6373 11.9688
696 864 -7.0469 20.9568  9.8151
720 864 -9.8878  9.6774 11.3446
744 864 12.2800 10.2754 12.2240
768 864 16.1143  8.9292 12.4279
792 864 -12.1636  4.8495 11.4630
816 864 -14.9621  2.1595 14.7824
840 864 -10.9031 -1.6935 10.7687
864 864 -10.2565 -3.2702 10.6339
888 864 -16.6745 -10.8561  9.1152
912 864 -15.0663 -8.0555  8.4210
936 864 -9.6451 -5.2079 15.2967
960 864 -3.5830 -4.4839 12.5124
984 864  0.3664 -0.0965  8.0954
 24 888  0.0152 -0.0147 12.0199
 48 888  3.6024 -1.9352 11.3894
 72 888  0.7892  6.0174 27.9706
 96 888  0.5868  6.4682 16.5883
120 888  1.9839 12.2280 11.1801
144 888  2.1203 12.4373 16.5358
168 888  5.0690  7.4571 15.7082
192 888  5.6388  7.1069 15.2784
216 888  6.0924  8.8329 11.5269
240 888  1.9740 10.8333 15.3440
264 888  3.4909 11.9224 11.2098
288 888  4.0435 13.8337 11.3984
312 888  2.0659  4.0193  8.0734
336 888  4.2185  4.8862 11.9666
360 888  4.4586  4.7515 11.7423
384 888  4.0351  2.9701 12.7141
408 888  3.6139  2.0283  7.4504
432 888 -0.3115  6.0134  7.8215
456 888 -2.2280 10.9769 12.0790
480 888 -2.9553 10.8863 16.1713
504 888 -7.0099  1.6081 10.2168
528 888 -6.9187  1.3179 15.8550
552 888 -4.0449 -2.0198  8.1542
576 888 -2.6768  6.7750 13.5585
600 888 -2.4425  6.3826 21.3340
624 888 -2.7185  6.0326 11.4878
648 888 -10.9112 21.3803  8.7837
672 888 -4.4529 -10.9037  6.7948
696 888 -2.0995  4.8213  7.7118
720 888 -13.0568  5.9767 12.5728
744 888 -4.2031 11.0434 10.4355
768 888 -16.2103 -1.6348 11.0877
792 888 -15.0502  1.8325 15.3097
816 888 -12.1136  0.7139 13.2270
840 888 -8.1181 -1.1813 11.3899
864 888 -3.1982 -2.3531 13.8522
888 888 -2.3311 -1.0258 13.6792
912 888 -1.9720 -0.2647 10.2552
936 888 -8.2970 -4.9620 12.4673
960 888 -5.5843 -5.4109 11.9059
984 888  0.4936 -0.0323  8.0628
 24 912  0.0067 -0.0204 11.9057
 48 912  2.7144  0.7313  9.0304
 72 912  0.8342  6.0588 20.3663
 96 912  0.8767  6.1872 17.4531
120 912  3.5577 13.3274 17.5128
144 912  3.6823 13.2144 11.0572
168 912  6.4770  7.6890 11.4491
192 912  6.5258  8.0387 10.9694
216 912  6.4439 12.1254 12.4344
240 912  4.0932 11.1972 12.1118
264 912  2.6816 11.3668 12.0210
288 912  2.6974 14.4386  8.4953
312 912  3.7697 12.3387  8.2579
336 912  1.1437  3.7576 14.1228
360 912  2.3182  3.0151 13.2411
384 912  4.1156  6.0079 13.0315
408 912  4.1414  6.0765 11.6620
432 912  2.9306  4.0380  9.0846
456 912  0.2365 11.0373 10.6698
480 912 -0.9434  9.9060 14.8336
504 912 -2.4737  8.7794 17.6406
528 912 -1.7033 -0.6209 17.7013
552 912  0.3796 -0.7779 13.4579
576 912  0.2903  0.0385 14.5225
600 912  1.0289  0.9043 17.0000
624 912 -0.7760  8.3271 10.9402
648 912  0.0313 10.1174  9.8202
672 912 -12.1333  4.6170 15.4307
696 912 -14.8256  7.3939  9.2554
720 912 -16.9511  5.7686 11.1535
744 912 21.3923 34.1235  6.3683
768 912 -15.2029 -4.3119  7.3556
792 912 -16.1979 -3.3065 10.7332
816 912 -12.9003  0.0393 11.9508
840 912 -9.2106 -2.2555 10.9270
864 912 -5.0743 -2.7032 11.5569
888 912 -2.5905 -2.1019 12.8037
912 912 -1.0319 -0.3424 15.8371
936 912 -7.1301 -4.7576 11.8577
960 912 -6.5786 -5.2999 12.0410
984 912  0.3649 -0.1288  8.5123
 24 936 -0.0091 -0.0089 12.2872
 48 936  1.1453 -1.7920 13.2540
 72 936  4.6844 15.6567 13.5088
 96 936  5.1387 15.7923 13.4836
120 936  5.5745 14.2191  8.7857
144 936  9.2942 12.3940 14.7489
168 936  8.2455 12.6253 13.3672
192 936  6.2872 10.7931 16.0723
216 936  6.9782 11.5584 15.5942
240 936 -30.3751 -18.6887  8.2144
264 936  3.6731 11.3389 11.7511
288 936  4.2223 12.3295 13.2994
312 936  4.6778 11.5278  9.1149
336 936  0.8245  3.2584 13.6847
360 936  1.9074  2.7779 14.2663
384 936  4.1971  6.7083 14.8518
408 936  5.0063  5.1153 12.9191
432 936  1.2905 13.1753 11.0686
456 936  0.9680 12.8773 13.7101
480 936 -0.1189  9.7285 16.6325
504 936 -1.3857  7.6626 10.5571
528 936 -0.8898 -0.7157 11.9746
552 936  0.1864 -1.7709 14.1509
576 936  0.4247 -0.3443 15.0770
600 936  0.4336  0.6582 19.6372
624 936 -1.1004  7.6945 16.0503
648 936 -0.9120  7.1143 12.2190
672 936 -12.2434  4.5470 10.5971
696 936 -3.7537  0.3298  7.9493
720 936 20.0771 -31.7875  6.9475
744 936 -12.1861 -13.4733 16.3345
768 936 -12.2529 -12.9247 12.9810
792 936 -12.0205 -1.6444 11.8073
816 936 -13.5273 -0.0549 13.5544
840 936 -11.0982 -2.4505  8.7785
864 936 -4.8847 -4.3740 11.4673
888 936 -3.3073 -3.5825 12.3371
912 936 -2.5207 -1.3543 10.5223
936 936 -2.7939 -1.0544 11.0471
960 936 -7.3270 -4.8184 11.7351
984 936  0.4101 -0.1062  8.4956
 24 960 -0.0003 -0.0138 12.4984
 48 960  1.6520 -2.0923 16.2940
 72 960  3.2765 -0.1208 11.4464
 96 960  8.7750  2.9523  6.1552
120 960 10.1852 14.1335 10.2668
144 960 10.7522 15.1881 12.6868
168 960  6.8909 12.2076  9.9269
192 960  6.8344 11.5860 14.5017
216 960  7.9562 10.9770 11.4414
240 960  7.7914 11.2469 13.3375
264 960  4.9616 11.5232 11.9306
288 960  3.7767 11.4169 13.8751
312 960  3.0265  8.2209 11.7085
336 960  3.4773  7.8035 13.1327
360 960  3.4269  7.9705 12.0936
384 960  3.2297  8.1794 12.2676
408 960  1.3028 11.2756  8.3623
432 960 -0.0566 13.3932 14.5815
456 960 -0.3844 12.7494 10.5941
480 960 -1.3115  8.7295  9.7341
504 960 -6.2217  2.0685  8.7457
528 960 -6.2341 -3.7568 11.4698
552 960 -5.8740 -4.2380 13.3622
576 960 -2.9413 -0.8730 10.2585
600 960 -0.3582 -0.1926 11.1213
624 960 -2.9192  5.9286 13.3541
648 960 -5.9380  4.0560 10.2807
672 960 -6.6672 -2.3763 13.1480
696 960 -5.2136  4.0071 15.3490
720 960 -4.5531  2.9367 18.6866
744 960 -2.8705  1.9775 10.5528
768 960 -11.8979 -12.4786  8.0743
792 960 -10.9318  0.1719 15.1194
816 960 -11.1265 -0.2617 15.6958
840 960 -9.7181 -3.9212 10.8525
864 960 -6.9613 -4.7958 19.1812
888 960 -6.7344 -4.4648 17.6608
912 960 -3.9153 -1.0977 12.1188
936 960 -2.3335 -2.0728 11.0809
960 960 -2.2059 -3.0743 14.0895
984 960  2.9747 -0.0434  8.7488
 24 984 -0.0056  0.0001 14.8871
 48 984 -0.0180 -0.0030 12.3817
 72 984  0.0172  0.0150 12.5003
 96 984  0.0573  0.0178 12.3829
120 984  0.0230  0.0138 12.0545
144 984 -0.0276  0.0338 11.7409
168 984  0.0095  0.0294 11.9178
192 984  0.0004  0.0220 12.5789
216 984 -0.0123  0.0153 12.1896
240 984  0.0110  0.0132 11.8517
264 984 -0.0396  0.0253 12.2547
288 984  0.0101  0.0241 12.6694
312 984  0.1060  0.0272 12.6277
336 984  0.1210 -0.0053 12.0581
360 984  0.0661 -0.0285 11.4641
384 984 -0.0348  0.0011 11.9494
408 984 -0.0603  0.0273 12.5578
432 984 -0.0733  0.0188 12.3348
456 984 -0.0449 -0.0155 11.7224
480 984 -0.0482  0.0052 12.1094
504 984 -0.0578  0.0355 12.6093
528 984 -0.0466  0.0227 12.6880
552 984 -0.0193 -0.0123 11.8099
576 984 -0.0134 -0.0306 11.6732
600 984  0.0009 -0.0053 11.9493
624 984 -0.0351  0.0079 12.1494
648 984 -0.0598  0.0265 12.6556
672 984 -0.0704  0.0346 12.8028
696 984 -0.0287  0.0071 11.9064
720 984 -0.0297 -0.0131 11.5337
744 984 -0.0720 -0.0141 12.0988
768 984 -0.0669 -0.0077 12.3485
792 984 -0.0121  0.0122 12.5370
816 984  0.0006  0.0270 12.3863
840 984  0.0020  0.0244 12.0794
864 984  0.0296  0.0011 11.2895
888 984 -0.0483 -0.0357 11.3692
912 984 -0.0850 -0.0256 11.7659
936 984 -0.0068 -0.0110 12.2945
960 984 -0.0353 -0.0004 12.8273
984 984  0.3915  0.0326 12.5570
