 24  24  0.0225 -1.6572 13.0999
 48  24 -0.0301 -1.7109  9.6547
 72  24 -0.0062 -1.7110  9.6712
 96  24 -0.0074 -1.7819 10.0317
120  24 -0.0363 -1.7741  9.9701
144  24 -0.0112 -1.7317  9.7382
168  24  0.0144 -1.6905  9.4120
192  24 -0.0061 -1.7250  9.5808
216  24  0.0357 -1.8425 10.1133
240  24  0.0371 -1.8057 10.2870
264  24  0.0011 -1.7533 10.0965
288  24 -0.0048 -1.7172  9.7573
312  24 -0.0220 -1.7246  9.8422
336  24 -0.0189 -1.7153  9.8532
360  24 -0.0046 -1.7160  9.9947
384  24  0.0272 -1.6922  9.9541
408  24  0.0155 -0.4156  9.5057
432  24  0.0021 -0.3885  9.3764
456  24  0.0017 -1.6360  9.3817
480  24 -0.0506 -1.6781  9.5447
504  24 -0.0111 -1.7891 10.0344
528  24  0.0102 -1.6520  9.8558
552  24 -0.0367 -0.3989  9.6713
576  24 -0.0327 -1.6500  9.6204
600  24  0.0064 -1.6688  9.7017
624  24 -0.0197 -0.4480  9.5260
648  24 -0.0418 -0.3472  9.5196
672  24 -0.0634 -0.3594  9.6204
696  24 -0.0334 -1.6513  9.7728
720  24 -0.0234 -1.7627 10.1713
744  24 -0.0030 -1.7693  9.8323
768  24  0.0046 -1.7510  9.6251
792  24 -0.0509 -1.7557  9.7779
816  24 -0.0382 -1.6458  9.3371
840  24 -0.0245 -1.6397  9.2484
864  24 -0.0299 -1.7001  9.7414
888  24 -0.0119 -1.7181  9.6935
912  24 -0.0067 -1.7761  9.9062
936  24 -0.0039 -1.6993  9.7750
960  24  0.0139 -1.6195  9.3957
984  24  0.4742 -1.6385 11.0431
 24  48  0.0126  0.0164 12.3945
 48  48  6.1473  6.5994 16.7727
 72  48  6.1374  6.8453 18.6011
 96  48  5.9308  7.4071 12.0159
120  48  2.3400  1.4319 10.8991
144  48  1.0000  1.0000  8.5619
168  48  8.4812  2.6804 13.2779
192  48 -0.5577  0.0854 10.0079
216  48 -1.7006 -0.3474 11.7056
240  48 -5.2229  1.0856 13.7682
264  48 -4.1798  0.1532 19.3770
288  48 -1.0480  0.1101 19.5324
312  48 -1.0862  0.1894 20.0649
336  48 -3.9461 -3.2749 17.4306
360  48 -1.9115 -2.3884 13.9334
384  48  2.2062  0.8230 18.3355
408  48  2.7549  4.8436 18.6371
432  48  2.2638  3.5886 15.4455
456  48  0.6887  0.8408 16.5318
480  48 -0.7688  0.8156 17.8233
504  48 -0.1222  4.0174 13.8622
528  48 -0.0982  4.9464 16.6798
552  48 -1.0003  5.7653 17.1712
576  48 -0.8629  5.9894 13.3361
600  48 -0.8006  5.7021 13.4618
624  48 -2.9355  1.4370 15.7287
648  48 -2.2809  2.7280 16.9319
672  48 -2.4556  3.2424 20.1704
696  48 -3.6958  1.4147 13.3434
720  48 -5.9529  0.8247 15.8333
744  48 -7.7555  0.0006 17.0274
768  48 -5.2768  0.5357 13.8221
792  48 -6.2176  2.7618 12.4946
816  48 -5.8580  1.9791 13.5136
840  48 -5.8094  1.6792 15.4446
864  48 -5.6087  0.7405 15.8474
888  48 -3.9136 -0.7089 13.4396
912  48 -1.8329 -2.1508 15.4596
936  48  1.9439 -0.6915 15.6797
960  48  2.1660 -0.8171 17.3338
984  48  2.8422 -0.0123  8.4123
 24  72  0.0319 -0.0080 12.0936
 48  72 10.7656  8.8867 10.8544
 72  72  5.9240  6.8472 15.4085
 96  72  3.2766  6.9187  9.8189
120  72  3.7802  2.1784 20.9179
144  72  2.8653  1.1138 17.4900
168  72  6.3342  1.9690 16.3048
192  72 -0.1195 -0.1102 11.7237
216  72 -6.7237 -10.8321  9.4734
240  72 -6.7659  0.9949  9.0594
264  72 -1.9469 -0.6861 14.7440
288  72 -0.9071 -0.3210 18.5656
312  72  0.0150 -0.2275 17.3862
336  72  0.0994 -0.3006 14.4174
360  72 -1.7858 -2.2832 16.2972
384  72  2.3478 -0.1031 17.8656
408  72  2.2628  3.6751 15.8228
432  72  3.1482  2.9719 12.9586
456  72  3.8580  1.8585 16.3595
480  72  2.7888  1.3455 20.8870
504  72  1.2973  2.5033 22.3579
528  72  1.9159  5.0267 17.7134
552  72  1.0401  6.2658 14.5441
576  72 -0.2940  7.0046 15.3060
600  72 -1.6093  5.5036 14.5794
624  72 -3.5886  1.9909 12.7547
648  72 -3.0918  0.9510 16.4348
672  72 -1.9911  2.5142 17.8178
696  72 -1.0951  2.2308 14.4818
720  72 -11.9924  2.1164  8.6175
744  72 -9.9003  1.1647  9.3335
768  72 -8.2375  0.2442 14.1782
792  72 -9.7152  0.7858 15.9295
816  72 -6.0900  0.4276 14.7413
840  72 -5.1739  0.0841 16.1649
864  72 -4.7263  0.0057 18.3847
888  72 -3.9513 -1.1053 15.3028
912  72 -1.9268 -2.3072 16.6162
936  72 -1.5662 -2.2776 15.9598
960  72 -0.2593 -0.7171 17.1031
984  72  2.6660 -0.0114  8.5113
 24  96  0.0307 -0.0139 12.0324
 48  96 -6.0559  6.1136  8.9311
 72  96  2.0671  3.4727 11.7505
 96  96  2.1569  4.0074 12.3158
120  96  3.7015  2.0554 17.7885
144  96  2.8014  1.4016 20.5437
168  96  6.1700  1.9258 15.4169
192  96  6.4388  0.6663 15.7532
216  96  3.0756 -0.7516  8.3273
240  96  0.0958 -0.3843 12.8162
264  96 -0.0521 -0.6444 19.7499
288  96  0.6026 -0.7352 19.6772
312  96  0.6762 -0.6896 20.9986
336  96  0.4264 -0.9718 15.3218
360  96  2.1951 -0.4738 18.5071
384  96  1.8151 -0.7326 18.3408
408  96  2.5766  3.7683 18.6847
432  96  2.4365  2.6643 15.4842
456  96  4.0667  2.1730 15.0150
480  96  3.3817  2.3266 20.6986
504  96  2.5300  3.2244 20.7478
528  96  1.9663  3.8226 16.8656
552  96  0.1755  5.3430 12.8540
576  96 -1.5809  6.2863 14.2922
600  96 -1.5823  5.7502 13.3711
624  96 -2.3893  1.4209 13.6566
648  96 -2.8854  0.7940 14.5827
672  96 -3.2107  0.9312 13.4482
696  96 -6.7231  1.0145 14.6305
720  96 -7.1222  0.3754 11.2575
744  96 -10.2269  0.2550 10.5822
768  96 -8.0129 -0.0864 12.0161
792  96 -6.1470 -0.3441 13.4689
816  96 -5.3569 -0.4195 15.8874
840  96 -4.0394  1.0034 15.8040
864  96 -4.9364 -0.3156 16.2757
888  96 -3.7101 -1.2736 16.2350
912  96 -3.0865 -1.3689 17.5060
936  96 -1.3653 -1.7630 18.2086
960  96 -0.2899 -1.6065 17.1506
984  96  3.0903 -0.0065  8.6006
 24 120  0.0166  0.0017 12.1541
 48 120 -6.0944  5.9467 15.6862
 72 120 -0.1718  5.3479 15.5248
 96 120  1.7073  6.0069 18.1529
120 120 -0.0508  1.3474 16.9981
144 120 -0.1418  0.4813 21.8318
168 120  0.0949  0.0013 22.2968
192 120  1.0000  1.0000 12.1731
216 120  4.6429 -2.5083 14.6022
240 120  3.9697 -2.8903 14.8970
264 120  0.0457  0.2699 18.7810
288 120  0.3457 -0.2684 20.7174
312 120  0.7816 -0.7366 22.3599
336 120  0.9978 -0.9217 16.2899
360 120  3.7635 -0.0117 16.9439
384 120  3.1268  0.0619 19.1133
408 120  3.8969  2.4523 15.6577
432 120  5.6486  5.1362 14.3456
456 120  4.2007  2.3039 12.6766
480 120  5.0400  3.2065 15.5557
504 120  7.2994  4.3949 17.0593
528 120  7.1039  4.7071 20.9597
552 120  2.3948  4.8284 13.2529
576 120 -0.0144  4.8512 14.6344
600 120 -0.1711  4.3601 12.6718
624 120 -0.1957  3.8293 14.0757
648 120 -3.1781  0.9947 16.0581
672 120 -5.0535 -0.4404 17.4809
696 120 -6.0674  0.0501 17.7521
720 120 -6.6394 -0.1672 12.0617
744 120 -8.6605 -2.0190 13.8937
768 120 -7.7774 -0.9893 12.2974
792 120 -5.8005 -1.1845 16.8010
816 120 -5.2108 -1.6625 17.7070
840 120 -2.3158 -0.3600 17.0965
864 120 -2.9925  0.0661 19.7954
888 120 -2.2883 -0.9946 16.9737
912 120 -2.3266 -1.7428 20.3209
936 120 -2.0160 -2.0692 19.1418
960 120 -0.1644 -2.1100 16.9084
984 120  3.5507  0.0073  9.1265
 24 144  0.0223  0.0000 12.2101
 48 144 -1.3157  4.1643 15.3635
 72 144 -0.9529  4.4354 12.7281
 96 144  1.0800  4.0721 12.6926
120 144  0.2525  0.3715 19.5871
144 144  0.0581  0.2473 21.8572
168 144  2.9258 -0.8094 19.8779
192 144  5.6888 -0.8009 15.5470
216 144  5.6577 -0.9184 17.7041
240 144  2.3679  0.0983 14.0504
264 144  3.1071  1.7477 19.7906
288 144  3.2422  1.8757 16.1308
312 144  1.3800 -0.5386 17.7829
336 144  3.3781 -0.4234 19.6329
360 144  3.7949 -0.1579 19.8686
384 144  2.2521  0.6886 17.9875
408 144  3.8873  1.6166 15.4454
432 144  4.2798  4.1363 13.7645
456 144  4.3920  3.0043 15.6066
480 144  6.0241  4.0740 14.7800
504 144  7.0717  5.8111 17.5691
528 144  5.6126  6.9295 18.9151
552 144  3.1589  5.2329 14.6293
576 144  2.9437  5.2096 16.3784
600 144  0.2237  5.2494 17.4046
624 144 -1.4157  5.2473 19.4252
648 144 -1.5819  4.6812 15.2202
672 144 -1.4383  8.2754  8.9009
696 144  3.7376  9.2776  7.0451
720 144 -2.5909 -0.7297 11.6295
744 144 -8.0502 -2.3635 12.0002
768 144 -6.1911 -0.9936 12.6207
792 144 -5.7902 -1.0561 16.1298
816 144 -4.9540 -1.3833 16.0699
840 144 -3.6712  0.0939 17.4461
864 144 -2.2433  0.5092 19.4871
888 144 -2.5206 -0.2304 17.3318
912 144 -2.4149 -1.7523 19.5267
936 144 -2.1755 -2.6413 13.7551
960 144 -0.1782 -2.2578 13.7772
984 144  3.3793  0.0135  8.3305
 24 168  0.0127  0.0000 12.1272
 48 168  3.9146  5.9579 12.7264
 72 168  3.6444  2.6944 12.4254
 96 168  4.0929  2.3625 17.7569
120 168  1.0000  1.0000  8.9769
144 168  3.8438 -1.0864 19.7106
168 168  3.2882 -1.0815 19.5695
192 168  5.1766 -0.5037 15.9180
216 168  5.9720  0.7181 18.5441
240 168  2.6939  0.6440 17.8267
264 168  3.3265  1.6111 21.5411
288 168  3.4772  1.8139 19.1083
312 168  3.4639  0.3869 18.3319
336 168  3.3736  0.0924 21.4459
360 168  3.8060  0.8191 17.6955
384 168 -0.0145  0.4924 19.2369
408 168  0.0552  0.4607 14.0507
432 168  0.2259  2.8065 16.7566
456 168  1.7348  3.4206 17.2046
480 168  5.1287  3.2079 13.7378
504 168  5.1709  3.4589 15.0980
528 168  4.1147  6.2941 13.9736
552 168  4.1705  6.1158 14.6661
576 168  3.8080  5.1820 12.5549
600 168  5.5656  3.2712 10.8221
624 168 -0.9548  4.9548  9.7467
648 168 -1.9777  3.3573 13.5229
672 168  4.0631 -18.3151 16.0084
696 168  1.8137 -19.4486 16.3773
720 168 -5.5349  0.1664 15.5930
744 168 -3.0937 -0.4466 13.1547
768 168 -3.6534 -0.7574 16.9651
792 168 -3.9275 -1.1796 15.5897
816 168 -3.8432 -1.6967 15.8532
840 168 -3.0050  1.0733 15.6676
864 168 -2.7761  1.9771 19.4624
888 168 -2.2826  1.9092 14.5594
912 168 -2.6853 -2.1565 15.1088
936 168 -5.7690 -1.4278 11.4969
960 168 -5.8806 -0.7829 17.0285
984 168  2.9306  0.0119  8.3754
 24 192  0.0077  0.0615 11.9192
 48 192  5.8988  4.5807 12.2932
 72 192  4.1524  0.8610 14.9886
 96 192  4.1811  1.6052 19.5353
120 192  1.0000  1.0000  9.7622
144 192  0.2387 -1.6447 14.1333
168 192  1.1411 -0.8701 15.3128
192 192  0.2049 -0.6043 15.6199
216 192  0.2197  1.0137 12.6014
240 192  0.1822  0.9283 16.6446
264 192  0.0978  0.6893 14.1998
288 192 -1.9805  0.7747 12.1070
312 192 -2.6912  1.9438 14.1279
336 192 -0.3632  2.9603 15.6880
360 192 -0.1757  4.7456 15.7629
384 192  1.5179  4.3220 15.4169
408 192  2.0052  2.9260 18.0494
432 192  0.2546  3.1351 18.5443
456 192  2.6933  2.0551 21.3374
480 192  1.8199  0.4569 13.0160
504 192  3.7966  1.6542 13.3673
528 192  4.1155  4.1133 15.0906
552 192  5.1872  5.5272 14.9284
576 192  5.7915  4.8099 12.7015
600 192  5.3948  1.9191 11.3886
624 192  3.9982 -0.4802 13.6307
648 192  2.0168 -0.6872 11.0718
672 192 -9.2400 22.3365 11.7859
696 192 -5.2381  1.5455  9.1758
720 192 -4.7876  2.1881 14.9000
744 192 -3.1457  0.2720 18.8946
768 192 -2.7022 -0.0366 18.8390
792 192 -2.4868 -0.2435 16.1532
816 192 -3.1511  0.0510 14.1979
840 192 -2.6947  1.4867 15.7038
864 192 -2.8021  1.9000 15.7830
888 192 -2.0839  3.6700 15.9522
912 192 -2.0697 -0.1918 11.8626
936 192 -5.9417 -1.3817 15.8058
960 192 -5.8348 -0.6820 20.3085
984 192  3.5095  0.0121  8.9286
 24 216  0.0098  0.0198 11.9574
 48 216 -0.0220  0.7841 14.5996
 72 216 -0.0348 -1.1884 17.8522
 96 216  1.9412  0.4262 14.9842
120 216 -0.1665  1.7178  8.2793
144 216  0.9004 -3.7750 16.9673
168 216  0.8444  0.2957 14.6772
192 216 -1.0887  0.1679 18.5363
216 216 -1.4353  0.8892 16.0960
240 216 -1.8325  0.3327 18.3308
264 216 -1.8478  0.2359 21.5714
288 216 -2.0085  0.3479 20.1088
312 216 -1.2049  1.2525 18.7563
336 216 -1.0649  4.2124 17.9256
360 216 -0.2310  5.0466 20.1027
384 216  0.4179  5.1383 17.7627
408 216  0.8849  4.6258 20.4911
432 216  1.6221  3.6783 23.4787
456 216  1.9972  2.0271 20.1148
480 216  2.3416  0.9923 16.5961
504 216  1.4339 -0.2247 12.6370
528 216  4.0339  3.2425 16.8461
552 216  4.1378  3.8621 14.9873
576 216  5.6190  4.7650 15.0982
600 216  5.5703  4.0562 14.4659
624 216  3.8808  0.0641 15.6891
648 216  2.1665  1.8594  9.4819
672 216  0.0139  7.7974  6.8543
696 216  0.1742  3.7206  9.6622
720 216 -1.9853  1.3749 14.6833
744 216 -2.4285  0.8536 15.4217
768 216 -2.7986  0.2888 15.5767
792 216 -3.0896  0.0819 18.0050
816 216 -3.3766  0.5469 14.3421
840 216 -3.9686  2.4129 16.7717
864 216 -3.5628  4.0164 16.9106
888 216 -1.7484  3.4797 14.0651
912 216 -0.1734  0.6952 13.6666
936 216 -0.2690 -0.4224 12.5472
960 216 -2.7929 -2.1235 12.5632
984 216  3.0480  0.0244  8.5719
 24 240 -0.0006 -0.0276 12.2578
 48 240  0.0304  0.8871 17.7479
 72 240  0.1432 -1.9450 15.4940
 96 240 -3.9235 -1.8749 16.5954
120 240  0.0450  1.6311 13.8722
144 240  1.2548 -3.9864 20.4705
168 240  0.9713 -4.8208 20.6056
192 240 -0.7601  0.8996 12.4703
216 240 -1.2756  0.8773 18.8068
240 240 -2.1473  0.8686 17.5575
264 240 -2.2108  0.2391 14.8174
288 240 -4.6071  1.1788 18.1112
312 240 -1.3910  1.3758 14.4402
336 240 -1.0664  6.0380 18.9044
360 240 -0.7291  5.8219 17.5583
384 240 -0.0857  5.5521 16.9867
408 240  0.7622  4.7761 23.0895
432 240  1.1546  4.0234 19.2377
456 240  2.0010  2.3115 19.5255
480 240  2.4539  0.5977 18.4201
504 240  2.2756 -0.3962 20.3256
528 240  2.5174  0.3592 15.5469
552 240  2.7322  2.2303 15.1277
576 240  3.7323  3.0544 15.2078
600 240  4.3277  2.5502 16.2210
624 240  3.7730  2.0317 18.6276
648 240  1.7225  2.9462 21.0272
672 240  1.3053  4.3193 16.4227
696 240  1.6756  4.2060 15.6777
720 240  1.1451  3.6638 11.8650
744 240 -0.0565  2.4301 13.6335
768 240 -0.8784  1.6730 16.0525
792 240 -2.8103  0.1152 22.3409
816 240 -3.1511  0.5074 15.1029
840 240 -3.1193  3.0900 15.2109
864 240 -2.9951  5.3162 13.3776
888 240 -2.9459  6.1587 13.3757
912 240  0.0123  0.9623 17.8502
936 240 -0.0268  0.5608 20.5556
960 240  0.0806 -1.4478 19.9934
984 240  2.6578  0.0102  8.3219
 24 264 -0.0013 -0.0040 12.3171
 48 264 -2.9400 -4.5979 19.5979
 72 264 -2.7684 -1.7853 12.0118
 96 264 -6.0637 -1.8812 18.6811
120 264 -6.2096 -4.7492 13.9126
144 264 -3.8295 -3.4903 11.3223
168 264 -9.7888 -1.9051 14.6714
192 264  1.0000  1.0000  7.1906
216 264 -7.2334  2.8656 13.6379
240 264 -7.7917  2.4680 14.3630
264 264 -3.9559  0.2668 16.9100
288 264 -4.0225  0.4550 16.4605
312 264 -1.9937  3.1759 13.9668
336 264 -1.2523  6.2128 21.7934
360 264 -0.9653  5.9974 15.0530
384 264  0.0746  5.8058 12.2389
408 264  2.7361  5.8146 13.6042
432 264  2.5731  4.0964 13.8161
456 264  4.7248  1.8185 16.9435
480 264  4.2401  1.0148 15.9235
504 264  3.3110  0.0136 18.6570
528 264  2.2916 -0.0247 17.9283
552 264  1.4323  1.5822 19.0456
576 264  2.1003  1.4192 14.9867
600 264  2.3579  1.7526 15.8944
624 264  1.9594  3.0784 20.1882
648 264  1.6183  3.4105 21.2386
672 264  0.6186  4.7025 20.9232
696 264  0.0703  4.7869 15.5621
720 264  0.0764  4.1825 17.7049
744 264 -0.1814  4.6013 14.0561
768 264 -0.6489  3.8379 18.0562
792 264 -2.6923  0.3651 16.7314
816 264 -2.6425  1.3461 16.6525
840 264 -2.0871  2.4759 17.3245
864 264 -2.7363  5.4082 15.8330
888 264 -0.2704  5.2579 17.3476
912 264  0.0590  1.7460 18.4345
936 264  0.1378  0.8771 16.8787
960 264  0.0997  0.6646 15.0120
984 264  2.5953  0.0023  8.6733
 24 288 -0.0022 -0.0172 12.2803
 48 288 -3.0433 -4.4395 17.8991
 72 288 -2.0369 -6.2538 12.4159
 96 288 -6.1791 -2.2594 16.8345
120 288 -3.9868 -4.2131 13.2549
144 288 -7.2103 -0.3345 16.1658
168 288 -7.1091 -0.1496 12.0076
192 288 -0.0591 -1.2527 12.0172
216 288  0.4518 -1.0472 13.2593
240 288  1.9591  0.1477 12.7850
264 288 -5.6616 -0.2210 18.5549
288 288 -4.1223 -0.2097 18.7942
312 288 -2.1512  0.2758 17.6016
336 288  0.0922  0.1022 11.5520
360 288  4.2537 11.9150 13.1908
384 288  5.0423 11.9852 11.7931
408 288  3.4220  6.7425 13.1152
432 288  4.4336  4.2688 12.9856
456 288  5.6740  3.1261 14.6886
480 288  5.8895  2.5261 13.3429
504 288  3.7925  0.4895 13.3665
528 288  2.8936  0.5379 17.0326
552 288  0.4434  0.2564 17.2610
576 288  0.6131  0.6411 16.2380
600 288  0.8932  2.2729 15.3164
624 288  1.5409  3.4396 18.5841
648 288  1.3857  3.7087 17.6801
672 288 -0.1589  4.2669 18.5293
696 288 -0.4455  4.4634 15.4082
720 288 -0.1196  4.2659 15.7634
744 288 -0.3497  5.0013 13.6013
768 288 -0.3762  5.1823 15.9160
792 288 -0.2541  4.3405 14.4761
816 288 -2.2280  3.3471 13.4559
840 288 -2.2024  3.4945 12.1877
864 288 -2.0595  4.3286 15.1761
888 288 -1.9754  4.4133 16.4399
912 288 -0.0640  2.8057 17.7017
936 288  0.6168  0.9255 14.1897
960 288  0.3416  1.0134 15.2027
984 288  3.1529 -0.0180  8.7194
 24 312 -0.0069 -0.0062 12.6142
 48 312 -0.7633 -4.0950 11.6441
 72 312  1.9442 -6.1589 13.1679
 96 312  3.1851 -9.0021 14.8909
120 312 -0.3438 -2.8637  9.5001
144 312 -5.8921  1.1194 14.5759
168 312 -2.0457  0.0052 14.0139
192 312 -0.1656 -1.0659 16.0531
216 312  0.3518 -1.3229 15.8710
240 312  1.1664 -1.5938 18.2583
264 312  1.7187 -0.4930 13.7299
288 312 -4.0439 -0.4330 15.4980
312 312 -0.0217 -0.4460 16.5514
336 312  2.8585 -0.5223 19.8474
360 312  4.8853 -0.7316 11.9519
384 312  7.9650  0.5677  9.0284
408 312  4.8084  3.5521  9.7423
432 312  4.9226  3.6891 13.2214
456 312  4.7665  2.1155 13.8174
480 312  5.6673  1.9811 15.6230
504 312  5.7470  1.5739 14.9795
528 312  4.5972  2.4019 12.7109
552 312  0.7422  0.4186 13.4508
576 312  0.3954  0.8299 18.6646
600 312  0.4705  2.3062 16.0378
624 312  0.1824  2.8052 21.4192
648 312 -0.4348  2.6664 17.6541
672 312 -1.1265  2.3454 20.6678
696 312 -2.8905  2.1784 13.5281
720 312 -2.0206  4.5513 13.1017
744 312 -1.6863  4.8831 13.0206
768 312 -0.3013  5.5128 13.4893
792 312 -0.1213  5.1624 17.3692
816 312 -0.7892  5.0897 14.0142
840 312 -1.0277  5.1962 13.9597
864 312 -0.4841  5.0036 14.1137
888 312 -0.7336  3.6638 17.5686
912 312 -0.0171  3.3874 15.6244
936 312  2.8857  1.8979 13.9011
960 312  1.9045  0.8017 12.6479
984 312  0.4240  0.0180  8.1727
 24 336 -0.0018 -0.0283 12.7216
 48 336  2.1207 -4.7584 19.8910
 72 336  2.1853 -5.9931 16.9419
 96 336  3.3405 -9.1155 16.5323
120 336  3.1620 -2.9749 17.7616
144 336  2.9675 -2.0988 21.9020
168 336  3.8410 -1.0992 16.5486
192 336  1.0023 -4.2484 11.2761
216 336  3.1029  0.8011 13.6280
240 336  2.5542 -0.7614 18.6329
264 336  0.1470 -0.7789 15.3564
288 336 -2.0795  1.0524 16.5154
312 336 -0.1913  0.0169 16.1450
336 336  5.7524 -1.0695 18.8758
360 336  5.1912 -1.4484 20.9532
384 336  7.7542 -0.0379 11.4206
408 336  8.8295  1.1881  8.0411
432 336 -1.1780 -1.2369 12.3228
456 336 -0.6793 -1.2217 14.0753
480 336  3.5996  1.0495 15.7800
504 336  2.8363  1.1319 16.6281
528 336  1.9615  1.8567 13.5305
552 336  1.1255  0.8008 14.1305
576 336  1.5690  0.8071 17.7493
600 336  1.8344  2.5666 17.8880
624 336  0.3414  2.8076 21.8019
648 336 -0.2648  2.0315 17.8900
672 336 -1.1068  1.9707 15.7174
696 336 -2.1019  2.2954 15.5949
720 336 -3.2775  5.6028 16.9112
744 336 -3.1027  6.2107 16.4848
768 336 -2.8732  5.9494 14.0956
792 336 -1.0625  4.3734 13.4116
816 336 -1.2459  5.1089 13.6160
840 336 -1.0875  4.8546 15.9643
864 336 -1.1418  3.9865 17.1738
888 336 -0.7064  3.6104 19.0951
912 336 -0.2862  2.4807 20.8167
936 336  0.1949  1.5699 15.0964
960 336  0.7982  1.7678 15.2643
984 336  0.3829  0.0446  8.1230
 24 360  0.0102 -0.0251 12.4434
 48 360  6.9905 -2.9350 12.6747
 72 360  6.0683 -5.3742  9.2275
 96 360  4.0518 -5.3463  9.1681
120 360  1.0767 -2.9930 15.3745
144 360 -6.6123  2.0332 15.5666
168 360 -5.8168  1.8938 20.3428
192 360 -5.9706  0.8132 14.7379
216 360 -6.4711  0.7211 18.0822
240 360  0.2182 -0.1186  9.2789
264 360 -0.3580 -0.4502 19.0245
288 360 -2.3807  0.8247 19.1559
312 360 -0.1833  0.0547 13.7529
336 360  5.7982 -1.9006 16.8640
360 360  5.4296 -2.7746 16.5614
384 360  4.2794 -2.3322 11.4805
408 360 -2.6565 -8.2850 14.1738
432 360 -1.7762 -2.8740 12.9435
456 360 -1.4956 -1.5499 16.1001
480 360 -0.7650 -0.5277 19.4145
504 360  0.0790  0.4280 17.5871
528 360 -0.0947  0.8369 20.1610
552 360  0.0991  1.5089 17.7876
576 360  1.8639  0.9262 15.4727
600 360  2.8632  1.8010 14.6454
624 360  3.3329  3.2233 15.2149
648 360 -0.1906  1.8673 10.3294
672 360 -1.3651  0.7112 11.3875
696 360 -1.4186  0.3003 10.7434
720 360 -5.5842  5.6087 13.8394
744 360 -4.0802  5.8006 17.3906
768 360 -2.3530  6.0137 20.5029
792 360 -2.2131  5.7704 14.7093
816 360 -1.8299  3.6937 18.2175
840 360 -1.5238  3.9109 16.7873
864 360 -2.9642  2.9933 16.4874
888 360 -1.4466  1.0624 17.3968
912 360 -0.4303  2.4076 23.4097
936 360 -0.2545  2.0040 16.8794
960 360  0.4417  1.2927 18.0014
984 360  3.1054  0.0768  8.4557
 24 384  0.0065 -0.0049 12.3204
 48 384  7.0388 -3.2792 15.2581
 72 384  6.8475 -3.9095 17.6775
 96 384  4.8985 -0.8062 16.6067
120 384 -0.2649 -3.8234 10.8481
144 384 -6.8315  1.7946 15.2862
168 384 -5.9588  1.7914 18.0051
192 384 -8.0638  0.2895 13.8617
216 384 -7.9093  0.5769 18.1659
240 384 -6.1253 -0.2656 14.8011
264 384 -5.2681 -1.9262 15.2281
288 384 -0.1037 -1.0270  8.7623
312 384  4.1775 -4.9106 10.9738
336 384  6.2253 -5.9185 15.0354
360 384  7.0221 -7.1923 13.2797
384 384  6.2387 -8.1656 11.7299
408 384 -2.0092 -8.6218 18.4337
432 384 -1.9265 -3.4950 16.0692
456 384 -1.5307 -2.7386 17.4674
480 384 -1.1831 -0.9276 16.8149
504 384 -0.4957 -1.3110 19.5416
528 384  0.2198 -0.7178 15.4264
552 384  0.2137  1.1617 15.0285
576 384  3.5495 -0.0015 15.9085
600 384  4.0906 -0.3976 17.7253
624 384  2.8778 -1.1903 16.9227
648 384  0.6980  0.1315 13.9842
672 384 -0.2505  0.0007  9.7225
696 384 -3.4450  2.0476  8.4322
720 384 -5.9207  3.4999 15.7658
744 384 -3.4600  4.8592 16.4577
768 384 -2.8585  4.8106 18.4877
792 384 -1.6711  5.9313 14.3874
816 384 -1.0460  3.6254 17.8912
840 384 -0.1319  4.9419 14.5303
864 384 -2.3819  4.4208 14.3105
888 384 -2.3740  3.2893 15.6101
912 384 -1.7962  1.7914 17.7431
936 384 -1.6899  2.1102 15.0249
960 384 -0.1616  1.6764 14.6209
984 384  3.4351  0.0602  8.6159
 24 408 -0.0044  0.0223 12.2652
 48 408  5.1634 -3.3796 16.8682
 72 408  5.4984 -3.3285 17.2026
 96 408  5.9221 -2.6198 20.3515
120 408 -6.2824  3.3712  9.7184
144 408 -8.1530  0.2056 12.1141
168 408 -0.0486 -2.9305 11.3740
192 408 -0.0209 -2.5930 13.3553
216 408 -9.3403 -0.7347 14.8140
240 408 -5.2125 -1.5161 12.9859
264 408  0.1838 -4.1099 13.8874
288 408  3.9956 -4.9774  8.6937
312 408 14.0006  0.0682  8.8322
336 408  4.0495 -4.9875  8.4274
360 408  8.0493 -6.1326 18.4691
384 408  8.3232 -6.1110 16.8997
408 408  3.0601 -2.9306  8.7689
432 408  1.4047 -2.0915 12.9718
456 408  1.4635 -3.3934 14.4706
480 408  1.6326 -3.1549 16.0339
504 408  1.8938 -3.5323 17.3796
528 408  2.5640 -3.7118 16.2631
552 408  2.7472 -2.0985 17.1503
576 408  2.7933 -0.8759 15.0257
600 408  4.2084 -2.1174 16.5342
624 408  1.7092 -1.3649 15.8328
648 408  0.1528 -1.1237 20.3079
672 408 -1.2623 -0.4878 18.5712
696 408 -3.4114  2.1968 16.1139
720 408 -4.1673  3.2468 13.4758
744 408 -1.2871  4.3174 16.7760
768 408 -2.1889  4.3324 16.4757
792 408 -0.7287  5.3727 13.4156
816 408 -1.2417  4.4028 10.8263
840 408 -1.9085  4.1909 11.3318
864 408 -2.8700  4.1450 15.4955
888 408 -1.8985  2.3772 19.9348
912 408 -2.3712  2.1175 16.0112
936 408 -3.2826  2.2281 18.3088
960 408 -2.0469  2.0347 16.7541
984 408  2.6571  0.0105  8.4063
 24 432 -0.0012 -0.0077 12.3201
 48 432 -1.7672 -5.0799 12.6917
 72 432  5.8370 -3.8859 15.2172
 96 432  5.9323 -3.0170 16.3183
120 432  5.9656 -3.9247  9.9276
144 432  1.8477 -4.7391 13.1540
168 432  1.9267 -2.6082 18.1200
192 432  1.5848 -2.4965 13.1091
216 432  1.0000  1.0000 13.6837
240 432  1.6974 -4.1902 16.7046
264 432  1.1905 -4.6157 21.0511
288 432  1.4222 -4.7535 19.3246
312 432  1.0000  1.0000  8.9919
336 432  1.0000  1.0000  9.0536
360 432  8.7984 -6.4984 18.3278
384 432  9.5408 -5.7765 16.5110
408 432  3.9781 -3.8151 13.3950
432 432  2.9685 -3.2563 18.1966
456 432  1.8880 -4.1986 20.0173
480 432  1.3433 -3.7328 16.4381
504 432  1.9983 -4.4298 13.3088
528 432  1.7914 -4.4317 14.8094
552 432  1.9230 -3.0265 19.0083
576 432  1.8025 -2.6765 15.0327
600 432  2.1320 -2.1049 15.3459
624 432  1.0128 -1.3520 20.1259
648 432 -0.1680 -0.9949 20.2933
672 432 -1.3713 -0.2569 18.3618
696 432 -1.8010  0.6071 14.2572
720 432 -1.8295  2.6434 15.0527
744 432 -1.1347  5.1040 15.7496
768 432 -1.9943  5.4232 13.1539
792 432 -2.7448  4.9155 12.3370
816 432 -1.0070  6.1084  7.8960
840 432 -2.3124  7.0829  9.2961
864 432 -0.2048  3.9131 14.1020
888 432 -0.1570  3.6135 18.8033
912 432 -1.2348  3.2753 14.7398
936 432 -1.8853  2.5509 15.6797
960 432 -1.1770 -0.2794 17.4372
984 432  0.4293  0.0283  8.2252
 24 456 -0.0076 -0.0096 12.9776
 48 456  1.1053 -5.2711 14.9693
 72 456  2.4209 -6.6105 17.0436
 96 456  2.0311 -6.6885 16.7385
120 456  0.6161 -5.2695 15.1538
144 456 -0.2193 -5.2107 15.4572
168 456  0.3434 -5.7708 16.5911
192 456  1.0000  1.0000  8.8851
216 456  1.7247 -5.1650 11.6952
240 456  1.8248 -4.2884 22.1362
264 456  1.5936 -4.2225 23.2718
288 456  1.1809 -4.9254 21.9159
312 456 10.1975 -1.0413  7.2339
336 456 -0.6726 -3.1347  9.6889
360 456  1.9351 -6.8380 11.8400
384 456  3.0679 -3.9327 14.3017
408 456  3.1192 -3.7626 17.5379
432 456  1.8465 -4.1703 13.6994
456 456  1.6629 -3.8735 21.9779
480 456  0.3819 -3.6493 21.4189
504 456  0.8546 -5.9356 18.3694
528 456  1.1323 -5.7348 20.7301
552 456  0.4727 -2.6782 18.6786
576 456  0.2562 -1.5889 16.9324
600 456  0.3989 -1.0949 18.2116
624 456  0.1341 -1.0109 21.8848
648 456 -0.2038 -1.1496 23.7824
672 456 -1.0230 -1.2485 20.9367
696 456 -1.5431 -0.7454 17.7083
720 456 -1.6207  3.9106 13.2726
744 456 -1.5864  5.5024 13.6950
768 456 -1.7508  6.9773 12.0683
792 456 -11.6345 -12.6531  9.7046
816 456 -21.9491 -4.0866  7.2457
840 456 -0.8263  8.1461  9.1570
864 456 -1.5218  6.8664 14.8315
888 456 -0.3652  5.6706 14.2059
912 456 -0.2457  3.7408 13.7181
936 456  0.3195  2.8278 15.4462
960 456 -0.9347  0.2393 13.9059
984 456  0.4432 -0.0242  8.2167
 24 480 -0.0082 -0.0115 12.9545
 48 480  3.0321 -5.3151 18.1934
 72 480  0.3649 -6.5910 17.3949
 96 480  1.0827 -6.9773 17.4729
120 480  0.2955 -5.7893 19.3439
144 480 -1.1325 -4.4521 16.7098
168 480 -1.1954 -4.9619 19.2264
192 480  0.2081 -5.8317 14.0759
216 480  1.0871 -0.3569 14.0217
240 480  0.4971 -3.1828 19.7979
264 480  0.6166 -3.3616 15.5288
288 480  1.0000  1.0000  8.8008
312 480  1.0000  1.0000  9.0150
336 480  2.1797 -4.9534 11.2629
360 480  3.9113 -7.7474 12.7635
384 480  4.9401 -3.1308 21.0285
408 480  4.9465 -3.2291 16.1979
432 480  2.1125 -4.0675 12.3037
456 480  3.5826 -4.1938 14.5146
480 480  3.1651 -4.8669 14.1610
504 480  1.0505 -5.6441 17.3293
528 480  1.0444 -5.6334 19.0717
552 480  0.0444 -2.9872 17.0508
576 480 -0.2786 -2.2938 20.4823
600 480 -0.1094 -1.9522 16.9841
624 480  0.1839 -1.6527 17.7174
648 480 -0.0395 -1.7850 19.2434
672 480 -0.0706 -1.8500 21.1216
696 480 -0.0198 -1.8074 17.1876
720 480  0.0698  1.9459 10.3004
744 480 -0.2869  4.5418 13.0752
768 480 -1.7947  7.4155 12.8535
792 480 -2.2336  7.6354  8.7618
816 480 10.8706 21.7357  8.2407
840 480  1.5961  8.6825  7.6430
864 480 -1.1799  7.1595 17.3863
888 480 -1.3375  6.5406 20.1565
912 480 -0.2633  3.7075 15.2546
936 480  0.1427  2.8702 18.0680
960 480 -0.0133  1.3376 16.8608
984 480  3.4884  0.0032  8.7535
 24 504 -0.0110 -0.0393 12.5721
 48 504  0.1697 -5.8676 14.3873
 72 504  0.0784 -6.7463 15.0546
 96 504  0.5400 -4.7607 14.8967
120 504  0.1133 -4.7450 16.5079
144 504 -0.0930 -4.8695 21.8509
168 504 -0.1591 -4.8215 18.1905
192 504  0.7605 -3.9404 17.1931
216 504  0.8152 -3.5901 15.0304
240 504  1.8507 -2.7750 14.1576
264 504 11.0207 -9.3273 10.7045
288 504  9.8707 -7.1138 12.0033
312 504 10.0388 -6.5562  9.3309
336 504  9.8079 -6.3760 14.9041
360 504  9.6380 -6.6333 12.8657
384 504  5.0896 -2.3246 15.1669
408 504  6.0748 -2.9139 12.4989
432 504  5.1789 -5.7150 13.7072
456 504  4.3148 -5.0125 14.6403
480 504  3.8533 -5.1376 14.9499
504 504  1.5907 -5.1229 17.7587
528 504  0.2490 -5.2030 17.3353
552 504 -0.3190 -4.1729 16.5063
576 504 -0.2307 -2.8225 17.5734
600 504 -0.2701 -1.9557 18.7702
624 504  0.6094 -2.4268 16.4646
648 504  0.0273 -3.1075 19.2832
672 504 -0.2098 -3.1649 19.3685
696 504 -0.2690 -2.6675 17.3201
720 504 -0.6446 -1.8498 16.4455
744 504 -0.1820  3.7104 13.4278
768 504 -0.2767  3.2727 15.6371
792 504 -0.1094  8.0346 11.2864
816 504 -1.9883  7.1515  9.7892
840 504 -1.0984  7.8858 12.6166
864 504 -1.0831  7.3092 16.8349
888 504 -2.0974  2.8091 16.0649
912 504 -1.7505  1.7876 15.5035
936 504 -2.4726  0.8577 18.9182
960 504 -0.1692  0.3929 17.5705
984 504  2.0583  0.0077  8.5874
 24 528  0.0072 -0.0454 12.2705
 48 528 -0.2723 -4.7652 17.0857
 72 528 -0.6700 -4.1170 13.1561
 96 528 -1.9600 -8.9434 15.7742
120 528 -0.5379 -3.9116 15.5198
144 528 -0.0912 -3.1984 16.7467
168 528  0.0150 -1.1172 17.6960
192 528  1.7130 -3.7490 16.8330
216 528  1.9936 -3.4855 16.0240
240 528  6.0724 -3.9015 10.8316
264 528  6.4140 -7.5661 12.8101
288 528  7.5238 -8.0962 14.8576
312 528 -0.7401 -1.0999  9.7224
336 528  9.0584 -5.8450 10.4223
360 528  8.7522 -5.2650 10.2887
384 528  8.9329 -6.6010  9.8613
408 528  8.3931 -4.0772 14.1336
432 528  6.6364 -1.8726 12.0049
456 528  3.2069 -3.1937 15.9246
480 528  3.5271 -4.9120 16.9472
504 528  3.7101 -4.6363 22.2321
528 528  3.5175 -4.2772 17.5294
552 528  1.0604 -4.9607 13.8160
576 528  1.5106 -3.6526 15.8019
600 528  1.7055 -2.2992 15.5701
624 528  1.3429 -2.1510 15.0872
648 528  0.9191 -2.5014 18.3659
672 528  0.0681 -3.4509 17.5291
696 528 -0.1799 -2.9065 18.0692
720 528 -1.2758  0.8976 16.5797
744 528 -1.1844  2.0425 14.0018
768 528 -0.6795  2.0204  7.7221
792 528 -0.5446  9.7793  7.6324
816 528 -0.9912  6.0035 13.3649
840 528 -1.3080  6.9519 18.2454
864 528 -1.1000  7.1300 14.0681
888 528 -2.0592  2.6769 17.0495
912 528 -1.7118  1.6362 19.5311
936 528 -0.7999 -0.2551 19.1705
960 528 -0.1514 -0.0984 19.4201
984 528  0.7465 -0.0391  8.4948
 24 552  0.0342 -0.0377 11.4951
 48 552 -1.0695 -5.7076 16.8945
 72 552 -0.9982 -6.1675 20.7787
 96 552 -1.8119 -8.0220 14.6869
120 552 -1.8830 -3.8136 15.3899
144 552  0.2429 -2.2176 17.3020
168 552  1.8893 -3.4524 15.2204
192 552  2.0398 -4.3848 14.8901
216 552  2.0720 -4.6044 13.2483
240 552  5.9396 -3.7611 15.5824
264 552  6.0080 -8.0381 11.2215
288 552 -0.9424  1.1578 12.6701
312 552  1.2054 -0.3859 14.8101
336 552  1.6888  0.6927 14.9279
360 552  7.9972 -5.2082 15.6304
384 552  8.0457 -4.8956 10.3792
408 552  7.1626 -3.8709 14.8945
432 552  9.1661 -1.1174 14.5988
456 552  8.4598 -1.0627 17.1025
480 552  4.0449 -4.0716 15.4367
504 552  3.9121 -4.2168 20.5633
528 552  3.4847 -3.8767 17.4078
552 552  4.3492 -4.4147 17.3435
576 552  4.6574 -3.5238 14.3043
600 552  3.7713 -1.9858 13.4408
624 552  3.6150 -2.4118 13.8938
648 552  2.4875 -2.5126 17.0272
672 552  1.8044 -1.6650 17.7240
696 552 -0.1902 -0.2510 15.3245
720 552 -0.8208  1.1231 19.0096
744 552 -1.8340  1.7017 14.3491
768 552 -19.3097 -4.3264 14.4179
792 552 13.0206 22.4851 12.8817
816 552  2.7953  6.9939  8.8045
840 552 -2.9195 -0.1459 12.5218
864 552 -4.2855 -2.8489 18.4129
888 552 -2.8474 -0.0814 15.5342
912 552  0.1022 -0.9351 19.6182
936 552  0.7790 -1.5534 21.4085
960 552  0.7288 -1.3810 18.7803
984 552  2.7338  0.0022  8.4204
 24 576  0.0237 -0.0227 11.6558
 48 576 -1.9774 -5.1304 16.4543
 72 576 -1.5540 -5.5659 16.7512
 96 576 -3.9394 -3.9562 16.7517
120 576 -4.0379 -3.0658 17.1533
144 576  0.1726 -2.7650 16.1029
168 576  2.0940 -3.0319 13.6885
192 576  2.0030 -4.9171 12.4818
216 576  3.0003 -5.7491 13.1991
240 576  3.8760 -5.9447 10.8910
264 576 27.1773 -4.2257 19.8470
288 576  2.5205  0.0751  9.9538
312 576  3.8398 -1.4298 12.9716
336 576  7.4479 -4.7500 16.2975
360 576  6.9739 -4.7857 16.1279
384 576  8.1239 -4.6544 14.8795
408 576  7.9492 -4.4749 14.7757
432 576  6.8833 -2.9155 16.7866
456 576  8.2467 -0.9437 17.7890
480 576  5.7574  0.0056 13.5548
504 576  4.1879 -2.1992 16.1955
528 576  4.1924 -2.5952 17.1588
552 576  5.1022 -3.7323 14.2005
576 576  7.0154 -4.0360 13.5158
600 576  6.2774 -2.2183 14.4648
624 576  5.5922 -1.9835 16.0557
648 576  3.9444 -2.0102 18.0010
672 576  3.1034 -1.0196 18.0403
696 576  0.9194  2.1380 16.3276
720 576  0.6974  2.8124 16.8057
744 576  0.0651  1.7850 16.4993
768 576 -5.5680  9.0887 12.8759
792 576 -4.3391  8.5022  9.8073
816 576 -3.0951  9.8134  6.8235
840 576 -5.1605 -1.1069 10.1155
864 576 -5.8786 -3.4224 15.7485
888 576 -5.7149 -3.2061 15.9076
912 576  0.1149 -2.0003 17.2570
936 576  0.8688 -1.7094 22.9028
960 576  0.8034 -1.8745 16.0694
984 576  3.0228 -0.0132  8.4357
 24 600  0.0064 -0.0658 12.4420
 48 600 -1.4263 -5.9700 18.6930
 72 600 -1.2351 -5.3155 17.9239
 96 600 -1.7976 -3.7544 18.1924
120 600 -2.3644 -3.2176 14.7154
144 600 -4.5483 -2.8420 14.5730
168 600 -4.9335 -3.0053 13.3213
192 600  3.0739 -4.9945 14.9856
216 600  2.8419 -5.4157  9.6290
240 600 -16.6601  9.6068 18.2753
264 600 22.2164 -15.3147 17.3054
288 600  7.8334 -2.2358 12.3833
312 600  5.6661 -2.6619 13.8940
336 600  6.2121 -4.9594 20.8721
360 600  6.4139 -4.8190 16.6397
384 600  8.1851 -4.2557 16.2117
408 600  8.1865 -4.2771 18.1242
432 600  8.3133 -3.6813 13.8326
456 600  7.2685 -1.7093 14.8236
480 600  5.3739  0.2816 14.3898
504 600  5.0741 -0.3173 19.7117
528 600  6.1285 -1.5800 17.5250
552 600  8.2470 -3.1451 17.6361
576 600  7.9419 -2.5202 16.4456
600 600  6.6578 -2.0257 16.2019
624 600  5.0315 -0.4722 13.3370
648 600  3.8953 -0.2551 16.2500
672 600  2.3442 -0.6314 16.0668
696 600 -0.3953  1.0473 15.4770
720 600  0.1757  2.5854 13.8855
744 600 -2.7505  8.2325 13.1084
768 600 -3.8358 10.3861 17.5115
792 600 -4.2256  9.7624 16.2926
816 600 -3.9635  8.4132 10.9938
840 600 -2.9793 -2.9126 13.6613
864 600 -3.4214 -3.2188 22.0010
888 600 -4.2075 -3.0208 16.7466
912 600 -5.0398 -2.7849 15.7320
936 600 -0.5158  1.3848  9.8128
960 600 -4.0071 -3.6916 12.2479
984 600  3.5172  0.0201  8.4465
 24 624 -0.0030 -0.0535 12.9049
 48 624 -0.4988 -5.9243 11.0182
 72 624 -0.4647 -5.3788 15.3446
 96 624 -1.9457 -2.9749 14.8224
120 624 -2.1496 -2.7890 13.7029
144 624 -4.6977 -2.5718 14.6383
168 624  0.0745 -4.9642 14.5503
192 624  0.2430 -5.0252 17.7006
216 624  0.3913  0.1706  6.9670
240 624 -19.6682  3.6792 18.7107
264 624  8.3527 27.9243 10.8415
288 624  8.1203 -1.8457 17.0379
312 624  8.1596 -1.6433 14.2606
336 624  7.8404 -1.7275 13.5748
360 624  7.0419 -4.4632 13.7071
384 624  8.1600 -5.9697 14.9634
408 624  8.0012 -4.4112 14.5877
432 624  7.8250 -3.0339 15.0121
456 624  6.8818 -2.0760 16.3879
480 624  6.9482  0.2484 14.4893
504 624  5.0585 -0.2792 15.5726
528 624  6.8566 -2.3777 13.1729
552 624  7.3147 -3.9877 12.5195
576 624  7.7218 -1.3854 14.9345
600 624  5.8938 -1.8445 10.9377
624 624  2.3812  1.1835 15.7659
648 624  1.9558  0.6092 13.8299
672 624  0.7375 -0.1573 19.0382
696 624  0.1244  0.9689 18.1904
720 624 -1.6917  1.0907 11.5808
744 624 -0.9672  8.0722 11.1779
768 624 -4.2006 10.0134  8.7794
792 624 -1.9550  8.7496 13.1312
816 624 -2.6029  6.4103 13.6085
840 624 -3.0722 -2.4916 15.0519
864 624 -3.3409 -2.8273 23.4639
888 624 -3.2882 -2.8572 14.8629
912 624 -1.2433 -7.1650 15.5639
936 624  1.9381 -7.8528 16.5084
960 624 -3.6257  0.0755 15.3455
984 624  3.5209  0.0392  8.7694
 24 648  0.0104 -0.0180 12.3737
 48 648 -4.1800 -5.1026 16.1877
 72 648 -4.2744 -4.7954 12.0121
 96 648 -1.8519 -1.9023 12.3546
120 648  0.8288 -6.4372 12.6776
144 648  2.1285 -5.0287 16.7702
168 648  2.2097 -2.9505 18.0686
192 648  2.9040 -0.0361 13.4800
216 648  3.1542 -2.6641 15.3001
240 648  3.0085 -2.8723 18.7400
264 648  2.2290 -3.7548 18.1551
288 648  8.0967 -1.1039 13.1316
312 648  8.0088 -0.6997 20.5264
336 648  7.6293 -1.8152 14.4690
360 648  7.4968 -4.0248 18.3898
384 648  7.4037 -5.1119 11.8763
408 648 10.7120 -3.2528  9.9925
432 648  6.1197 -0.1462 16.9776
456 648  7.4388 -2.7145 20.1032
480 648  6.9987 -3.5153 17.2402
504 648  8.1122 -1.8736 13.8865
528 648  7.2604 -4.2142 12.6576
552 648  3.5998 -5.0977 13.3735
576 648  1.1997 -2.2479 16.1114
600 648  0.9628 -0.7267 17.1784
624 648  1.3296  1.4303 19.5572
648 648  1.0794  0.3593 15.5466
672 648  0.3936  0.0443 19.2300
696 648 -0.0698  0.3585 14.1886
720 648 -1.7801  7.2439 11.9299
744 648 -0.3064  7.9438 16.2207
768 648 -1.1646 13.9502 10.2796
792 648 -2.7907  7.8358 13.2743
816 648 -1.8655  6.3606 16.6297
840 648 -2.9257 -2.3322 11.2571
864 648 -3.4656 -1.8627 19.7141
888 648 -3.2588 -1.6944 18.7197
912 648 -2.9308 -6.8891 14.3342
936 648  0.0476 -6.8560 13.1410
960 648 -2.1476 -0.2823 15.0205
984 648  3.1238 -0.0531  8.7436
 24 672 -0.0122 -0.0063 12.6350
 48 672 -4.9502 -6.6745 16.8297
 72 672 -4.6842 -6.1831 14.4673
 96 672 -3.9632 -6.5364 16.0567
120 672 -2.2196 -5.9767 16.7418
144 672 -1.1376 -5.1529 13.2322
168 672  1.9089 -3.7638 16.9458
192 672  1.5301 -3.9603 15.1694
216 672  2.9822 -1.8953 14.7895
240 672  2.2513 -4.8215 17.0120
264 672  3.2126 -6.8332 17.4572
288 672  2.0853 -8.6255 17.0795
312 672  7.7558 -0.5054 17.2394
336 672  8.0374 -2.5127 15.7805
360 672  7.1357 -2.1700 15.2605
384 672  8.9437 -8.3005 12.8667
408 672  7.8896 -6.2952 11.6530
432 672  7.9264 -2.7921 16.4446
456 672  5.9835 -3.0867 18.2823
480 672  5.3646 -3.8194 18.9376
504 672  3.9811 -6.5827 13.4889
528 672  4.1620 -6.6325 13.9049
552 672  2.5706 -4.1851 16.1878
576 672  0.9217 -3.5395 20.7387
600 672  0.3082 -1.1673 19.0144
624 672  0.8985  1.0279 20.6819
648 672  0.9837 -1.5980 13.8353
672 672  0.9970 -1.8594 19.4226
696 672 -1.1602 -2.0644 13.2117
720 672  0.2712  6.0047 12.6244
744 672  0.4169  6.5743 14.8614
768 672  0.1327 10.9656 10.7756
792 672 -1.0753 13.8103  9.2494
816 672  1.4518  5.3887 12.0124
840 672 -3.6746  2.9439 12.1752
864 672 -3.8385 -0.1451 15.9020
888 672 -5.1168 -0.8260 17.0108
912 672 -3.2632 -6.4285 25.8176
936 672 -3.0722 -7.1567 23.5126
960 672 -0.3453 -6.9866 13.9692
984 672  2.5581 -0.0693  8.5202
 24 696 -0.0208 -0.0050 12.9196
 48 696 -2.0682 -6.6533 16.2857
 72 696 -2.3593 -6.7706 12.7001
 96 696 -2.3155 -7.1735 16.6785
120 696 -2.0234 -6.6197 16.0449
144 696 -1.7132 -5.8337 19.0008
168 696 -1.8070 -2.6339 18.5175
192 696  1.9091 -2.4792 16.2555
216 696  0.2046 -4.6421 16.8774
240 696  0.4030 -5.2382 16.3050
264 696  1.8857 -6.4540 17.6390
288 696  2.8635 -7.1939 19.3492
312 696  7.1399 -3.5504  7.7824
336 696  8.1291 -2.4636 15.6792
360 696  7.8474 -2.2181 13.6794
384 696  8.0533 -6.3508 13.8174
408 696  7.8180 -6.2503 12.5701
432 696  7.5514 -2.3749 14.8539
456 696  6.8830 -1.3369 12.6432
480 696  5.2355 -4.1071 16.4594
504 696  6.0112 -6.0267 14.7443
528 696  3.2235 -4.7081 18.8092
552 696  2.8495 -4.1417 17.9358
576 696  2.0189 -3.2665 14.9667
600 696  2.2981 -5.7740 14.5814
624 696  2.8439 -6.2766 15.7709
648 696  1.3504 -1.7247 11.7953
672 696  1.6416 -2.4639 16.9460
696 696  2.1014 -3.3151 14.8607
720 696  1.1905 -1.0480 11.7160
744 696  1.6818  4.6889 15.6241
768 696 -2.1034  9.5961 14.1038
792 696 -0.0807  9.1124 11.3618
816 696 -1.0300  7.1715 16.3457
840 696 -1.0395  7.6131 17.6264
864 696 -1.2145  3.2021 17.2192
888 696 -1.2085  1.7404 14.0104
912 696 -3.2185 -5.6249 19.3124
936 696 -3.1996 -6.4464 19.4838
960 696 -1.6919 -6.9115 18.3600
984 696  3.5043  0.0218  8.6467
 24 720  0.0025 -0.0221 12.2938
 48 720 -1.9116 -4.3646 19.5827
 72 720 -1.8135 -4.6987 17.0040
 96 720 -0.9163 -6.4011 14.7980
120 720 -1.0891 -6.3137 15.7999
144 720 -0.2612 -4.9484 14.6464
168 720 -1.3930 -2.9421 17.2563
192 720 -0.8217 -2.4939 20.5032
216 720 -0.5810 -3.9917 15.7679
240 720  0.0632 -4.4361 15.3014
264 720  0.3384 -7.4465 14.8785
288 720  0.9597 -6.9387 13.9568
312 720  1.1092 -6.3900 13.8852
336 720  2.1290 -5.9266 16.4410
360 720  6.0431 -4.8168 10.5984
384 720 11.1771 -5.1655 15.5192
408 720 -0.0007 -4.2559  8.7425
432 720 11.8835 -3.0215  9.0391
456 720 11.9593 -3.7238 14.9338
480 720 10.8078 -2.7876 14.6643
504 720  8.0197 -4.3327  8.0308
528 720  4.1988 -2.2199 10.0364
552 720  5.7867 -8.1523 16.3231
576 720  5.0261 -8.9238 16.6693
600 720  3.8843 -6.5472 19.9869
624 720  2.2487 -6.1552 21.6719
648 720  3.9979 -1.4496 13.7665
672 720  3.2734 -2.0099 22.0344
696 720  2.7720 -3.0323 17.4913
720 720  1.2355 -1.7722 13.2157
744 720  1.9016  5.0287 13.2051
768 720 -1.8254  8.2668 10.5960
792 720 -6.2830  4.9437  9.5205
816 720 -2.3562  5.7113 12.7003
840 720  0.0703  5.2794 13.7010
864 720 -0.6350  2.4822 17.1668
888 720 -0.6956  2.2053 14.9753
912 720  0.0402 -3.6007 13.1515
936 720  0.6349 -4.9075 10.9241
960 720 -1.6914 -6.0438 16.1958
984 720  3.1884  0.0171  8.3282
 24 744 -0.0136 -0.0972 13.0538
 48 744 -0.7515 -2.0210 17.8482
 72 744 -0.4035 -2.6972 16.5696
 96 744 -1.0544 -4.0608 13.4135
120 744 -4.7679 -6.9950 13.0130
144 744 -0.6085 -4.1207 13.2049
168 744 -0.3514 -3.8348 14.0996
192 744 -0.3317 -3.4108 17.8018
216 744 -1.0457 -2.1894 17.7199
240 744 -1.8370 -2.6786 17.7621
264 744 -0.7429 -6.2376 12.0453
288 744 -1.9945 -6.2473 14.6701
312 744  1.7849 -7.0635 15.3782
336 744  1.9893 -6.2395 16.0342
360 744  5.5053 -8.5402 14.6517
384 744 11.8575 -4.0214 13.4035
408 744 12.2331 -5.9711  8.9056
432 744  1.0000  1.0000  8.4706
456 744 10.3044 -3.7474 14.7517
480 744  9.9258 -2.0105 18.5693
504 744  1.0000  1.0000  8.4197
528 744  1.0000  1.0000  8.7460
552 744  5.2017 -8.9316 17.9782
576 744  4.8750 -9.5545 16.9330
600 744  4.0687 -6.1940 13.4044
624 744  0.0367 -4.7534 13.5376
648 744  1.9724 -0.3546 14.4904
672 744  3.2079 -1.9816 19.8895
696 744  3.8905 -3.2981 17.7732
720 744  8.1068 -3.7602 14.8886
744 744  6.6623 -8.4264 12.8050
768 744  2.1145 -7.0195 10.5223
792 744  1.9978  5.8692  8.0219
816 744 -2.9739  5.6515 12.4291
840 744 -3.6015  5.3942 13.1457
864 744  2.1285  5.4886 17.8885
888 744  2.6431  5.2316 16.2335
912 744  4.0466 -0.6285 13.7507
936 744  3.5261 -0.9678 11.8213
960 744 -5.7260 -10.3133 10.6572
984 744  3.5038 -0.0153  8.4604
 24 768 -0.0092 -0.0719 12.8015
 48 768 -1.5573 -2.0190 19.6466
 72 768 -0.3840 -1.9427 20.9246
 96 768  0.1161 -2.8147 16.0574
120 768 -3.1376 -5.3302 15.8926
144 768 -3.0761 -5.7929 14.8950
168 768 -0.0116 -3.1005 13.5609
192 768 -1.8005 -3.9719 17.6010
216 768 -1.0632 -2.2952 15.6508
240 768 -1.5957 -2.5219 17.1120
264 768 -0.0714 -2.7135 13.9492
288 768 -1.9425 -6.3164 17.1804
312 768  2.1043 -7.3493 15.7627
336 768  4.0331 -9.8629 10.7738
360 768  5.0007 -8.6712 12.4080
384 768  9.9188 -4.7448 13.3960
408 768  6.2876 -8.2980 12.3820
432 768 -0.0266  0.7879  8.6371
456 768  1.0000  1.0000  9.7362
480 768  8.9642 -2.9247 12.6044
504 768  8.2001 -0.6569 11.3163
528 768  8.0819 -0.5227 16.3170
552 768  6.7414 -3.2614 17.3519
576 768  9.1108 -2.0485 16.7150
600 768  5.9214 -2.8265 10.2722
624 768  2.1271 -3.2834 19.0100
648 768  2.8833 -2.1159 15.8121
672 768  5.1476 -0.8193 15.8577
696 768  5.0749 -0.9412 14.4256
720 768  6.9054 -8.6332 12.3515
744 768  6.6039 -7.8869 13.2694
768 768  3.9672 -5.5185 16.1144
792 768 -0.5458  1.8198 11.8590
816 768 -2.0587  4.2715 10.6196
840 768  3.0765 10.2137 11.4129
864 768  1.9712  7.5955 14.6757
888 768  1.4050  6.7774 13.5266
912 768  3.2331 -0.0448 15.8559
936 768  3.1103 -0.1237 14.5468
960 768  3.1770 -0.0061 10.3090
984 768  3.5156  0.0187  8.8606
 24 792 -0.0132 -0.0725 11.9324
 48 792 -1.5730 -2.6145 15.8445
 72 792 -0.3090 -2.9858 16.6490
 96 792  0.1088 -3.0708 17.2033
120 792  0.0036 -3.0949 14.9278
144 792 -1.7436 -6.8866 16.3195
168 792 -2.4732 -6.3653 15.8682
192 792 -1.1839 -4.3464 18.6349
216 792 -0.9801 -4.8363 20.9112
240 792  0.5853 -3.0402 15.4313
264 792  0.3541 -2.4272 14.7567
288 792  1.7825 -4.7346 16.1036
312 792  1.8206 -5.4977 16.3749
336 792  5.9686 -4.5628 12.9719
360 792  5.9510 -4.9330 14.5520
384 792  9.1002 -4.8863 15.2205
408 792  8.3105 -5.5195 13.4796
432 792  8.2060 -5.6036  9.7087
456 792  7.0614 -0.8853  9.2421
480 792  6.2948 -1.4015 14.7165
504 792  6.0068 -0.1680 16.9005
528 792  8.1120  0.0395 18.3338
552 792  7.9283 -3.5758 16.5165
576 792  9.0368 -2.4615 20.1067
600 792  3.8650 -2.2265 12.4598
624 792  3.6795 -3.1074 18.1910
648 792  3.6779 -3.1862 16.8465
672 792  6.0128 -0.1800 16.4386
696 792  5.0229 -0.2021 11.9321
720 792  4.5264 -6.4688 12.2896
744 792  4.7904 -3.8936 13.2570
768 792  4.2568 -4.6662 17.2458
792 792  3.0147 -1.5777  8.2123
816 792  2.2626 12.1063  8.8864
840 792  3.5793 11.4717 10.2064
864 792  3.0411 11.0588 13.3274
888 792  2.3516  6.9099 13.3007
912 792  2.6494  3.6129 14.6442
936 792  3.7493  2.3323 15.4443
960 792 -0.0091  0.4937 21.6954
984 792  1.0610 -0.0422  8.6348
 24 816 -0.0318 -0.0297 12.6840
 48 816 -1.2700 -2.1115 21.0400
 72 816 -0.2282 -2.6580 17.8359
 96 816  0.1210 -2.2744 22.8755
120 816  0.2629 -1.9487 18.5460
144 816 -0.1934 -6.1410 14.8007
168 816 -0.1633 -9.4423 13.3893
192 816 -0.9962 -6.1405 19.2627
216 816 -0.9911 -6.1195 19.2752
240 816  0.3279 -4.4933 15.4946
264 816  1.7585 -3.9380 18.7951
288 816  1.9963 -4.4086 17.8039
312 816  2.0486 -4.2757 14.3349
336 816  5.9569 -4.9414 14.4403
360 816  8.0053 -3.8896 12.7346
384 816  8.1173 -4.0140 12.1574
408 816 11.8560 -3.9595 13.5761
432 816  5.8778 -4.0335  8.5105
456 816  7.5943  0.8425 14.1982
480 816  7.8811  1.0347 16.5665
504 816  7.8019  1.1022 16.5602
528 816  9.1775  1.5541 18.0734
552 816  8.1597 -0.4116 11.9378
576 816  8.9098 -2.3734 14.9787
600 816  4.9621 -0.5776 12.9070
624 816  4.1946 -2.7794 13.9493
648 816 -12.0519  3.8270  7.2966
672 816  6.2908  0.4676 13.5684
696 816  4.2632  0.0178 12.1359
720 816  4.1972 -6.2296 15.3998
744 816  6.0539 -5.9940 12.1000
768 816  8.8680  2.7496 12.5831
792 816 10.4446  4.0874 11.8756
816 816  5.9547 13.6225 14.9266
840 816  5.8757 12.9776 15.3191
864 816  4.4921 13.2637 13.2304
888 816  1.3134  2.1591 11.3148
912 816  3.1769  4.0092 18.7656
936 816  3.3804  3.8003 18.4396
960 816 -0.1023  0.2128 16.2284
984 816  2.9465  0.0206  8.7798
 24 840  0.0024 -0.0601 12.5098
 48 840 -1.0720 -1.9012 18.4790
 72 840 -0.0406 -1.5517 24.1191
 96 840  0.0428 -1.6117 22.4560
120 840  0.1685 -1.7076 23.4775
144 840  2.8384 -1.8313 16.8398
168 840  0.9357 -6.0852 12.2174
192 840 -0.4146 -8.0167 14.7240
216 840 -0.1606 -7.7381 18.2645
240 840  0.7820 -5.4117 18.0800
264 840  1.0237 -3.9822 18.3710
288 840 -0.8083 -3.1657 17.4967
312 840  2.1241 -4.5633 13.4513
336 840  0.0213 -7.9792  9.4516
360 840  9.6434 -2.7522 11.2924
384 840  9.9390 -3.7237 15.0817
408 840  9.3834 -3.9785  9.1526
432 840  8.0661  4.9235 15.5785
456 840  9.3347  3.8313 18.4920
480 840  6.9149  1.7135  9.4398
504 840  7.7887  0.9561 10.0240
528 840 10.4603  1.5243 18.2360
552 840  7.9902  1.1104 10.3094
576 840  5.0176  0.9656 17.0591
600 840  7.1648  2.1914 14.2071
624 840  8.9840 -1.5090 12.0502
648 840  7.7100  6.5392 11.7387
672 840  5.9506  5.9394 18.2589
696 840  4.3562  4.9771 15.9119
720 840  4.7128 -4.2199  9.4479
744 840  1.7886 13.1148  7.1230
768 840  7.9985  4.1400 16.1078
792 840  8.0546  4.1363 14.2841
816 840  5.7514 13.7836 14.5624
840 840  5.8515 12.4792 14.7041
864 840  4.1160  1.8477  9.3675
888 840  4.5669  4.1326 14.5796
912 840  4.1932  4.7306 16.6926
936 840  3.7318  4.9104 18.1226
960 840  0.9260  5.9614 16.1134
984 840  3.3900  0.0762  8.8935
 24 864  0.0177 -0.0377 12.8486
 48 864  1.0232 -0.1382 17.4643
 72 864  0.8707 -0.2976 23.1082
 96 864  0.1999 -0.7333 20.6079
120 864  0.9256 -0.8976 22.0938
144 864  2.8449 -2.0114 22.2169
168 864  2.7009 -2.1113 15.3146
192 864 -0.8618 -6.8689 16.1131
216 864 -0.9616 -7.4499 14.8390
240 864  0.5208 -4.9652 14.6133
264 864  0.8787 -4.2459 18.6636
288 864  0.3590 -5.2233 18.6851
312 864  2.9734 -2.7542 10.5680
336 864  5.1207 -3.2459 14.3709
360 864  5.7299 -3.0811 13.6333
384 864  6.1899 -3.0348 17.0806
408 864  6.7196 -4.1621 13.3043
432 864  8.1955  4.7993 14.9596
456 864  9.6468  3.3698 17.7808
480 864  7.0559  2.3413  8.1285
504 864  7.0771  2.1656 10.7732
528 864 11.5476  0.4946 15.0671
552 864  6.0222  4.8066 11.2311
576 864  4.7461  4.5751 16.5982
600 864 10.3078 -3.8198 11.4459
624 864 11.3445 -2.5784 11.4791
648 864  7.8450  8.6643 15.6582
672 864  6.2467  6.1403 17.5029
696 864  4.2841  4.4904 15.3400
720 864 -18.4069  2.1439  7.1294
744 864 -15.8747 -1.6513 17.6665
768 864 -14.1046 -2.1600 13.8125
792 864 -25.6836 -0.1295 11.3084
816 864  6.0777 10.1207 11.5290
840 864  6.1355 10.0831 11.9860
864 864  5.9988 15.7182  9.3401
888 864  3.6984  4.6854 14.5750
912 864  3.6275  4.8700 16.1099
936 864  3.6564  5.2806 13.9545
960 864  2.0275  4.0091 10.7043
984 864  2.7364  0.0462  8.3751
 24 888  0.0088  0.0171 12.5526
 48 888  0.9843  0.8334 19.8625
 72 888  0.1332 -0.2740 22.3483
 96 888 -0.5327 -0.9612 19.2116
120 888 -0.2007 -1.1923 19.9611
144 888  0.1595 -1.1486 16.8219
168 888 -1.9752  0.2490 10.3179
192 888 -3.3530 -4.8732 13.0885
216 888 -3.2723 -5.3672 15.0660
240 888 -0.8082 -4.0912 14.4575
264 888  0.0132 -5.1103 17.5249
288 888  0.8652 -5.5282 14.7159
312 888  4.2972 -4.8085 14.6524
336 888  5.8395 -3.1630 15.4773
360 888  6.0428 -0.0984 13.2036
384 888  6.2314 -0.0828 15.1576
408 888  7.3086 -1.4120 12.7748
432 888  8.8436  3.3236 14.6643
456 888  9.5960  2.7374 12.8282
480 888  6.9714  3.7156  9.0313
504 888  8.0502  5.3646 11.3034
528 888  6.3223  4.6936 12.9043
552 888  6.7544  5.9333 18.3352
576 888  7.2574  8.1007 17.5818
600 888  9.5896  8.2191 12.7660
624 888  7.7535  9.6171  8.4436
648 888  8.0888  8.4664 14.8603
672 888  8.1603  9.8666  9.7776
696 888  4.3230  3.7732 13.2860
720 888  2.0259 -0.1077 10.0162
744 888 -16.0944 -1.1641 12.9659
768 888 -14.3600 -1.0915 11.4469
792 888 -26.0971 -1.8808 11.4291
816 888  8.3815 13.1021 12.7877
840 888  8.3093 14.8860  9.5147
864 888  6.2376 16.6103  7.8008
888 888  3.0659  5.2714 16.0296
912 888  3.3206  4.8587 17.3315
936 888  4.8097  6.0849 13.5468
960 888  2.9794  5.7221 12.8763
984 888  0.8736  0.0533  8.4897
 24 912 -0.0019  0.0234 12.1477
 48 912  0.8358  3.8630 17.7092
 72 912 -0.1529 -0.1207 21.7324
 96 912 -1.0210 -0.6113 22.0252
120 912 -1.8428  0.0126 22.6312
144 912 -2.1276  0.6166 17.4641
168 912 -5.4739  0.9892 10.9490
192 912 -5.1245 -3.5201 12.5847
216 912 -4.7854 -4.0434 17.8683
240 912 -2.1501 -3.2638 12.6028
264 912  0.6793 -2.7660 17.2300
288 912  1.8977 -4.0081 13.9025
312 912  3.8483 -2.7411 11.6870
336 912  4.0333 -0.9893 11.3697
360 912  4.9663  0.6620 15.4615
384 912  5.8374  0.2636 13.8662
408 912  6.6826  0.0260 14.2031
432 912  6.0255  3.6860 11.8476
456 912  3.7638  9.1211 14.1626
480 912  4.5741  9.9706 12.5530
504 912  5.7777  6.0388 12.7785
528 912  5.2025  6.6492 15.9699
552 912  5.1909  6.8904 19.3229
576 912  7.2799  6.9888 15.3776
600 912  7.1612  6.9143 11.6617
624 912  6.9014  7.2710 15.1642
648 912  8.0431  9.7068 19.7214
672 912  8.9143 11.3552 14.0866
696 912  4.8173  3.1252 13.2071
720 912  1.1118 -3.0364 14.3026
744 912  0.3583 -5.2395 19.3110
768 912  0.0592 -5.0281 10.5737
792 912  8.2579 11.3951 12.4446
816 912 10.3077 13.3647 14.5806
840 912  9.0274 15.3595 10.6961
864 912  8.8178 19.2378  7.9913
888 912  5.1577  7.6090 11.8078
912 912  5.7271  6.7605 14.3980
936 912  3.6556  5.0919 13.8271
960 912  5.3883  6.9163 10.9961
984 912  0.4788  0.0235  8.6164
 24 936 -0.0113  0.0371 12.5736
 48 936 -0.3958  0.7009 17.3771
 72 936 -0.2707 -0.0008 19.5371
 96 936 -0.8282 -0.3870 16.1698
120 936 -2.7760  1.6180 19.1690
144 936 -1.4203  1.7924 18.8091
168 936 -1.3296  2.0896 20.8060
192 936 -1.3989  1.9089 15.3722
216 936 -4.9385 -3.8459 17.0771
240 936 -2.9823 -1.0334 14.8340
264 936  0.1626 -2.7024 16.0450
288 936  1.1449 -3.1274 16.9232
312 936  2.1488 -3.3330 12.7814
336 936  3.1813 -2.1165 11.8607
360 936  5.0101  0.1356 14.5169
384 936  6.0953  0.2028 16.3792
408 936  8.9169  1.8194 13.5223
432 936  1.0265  6.2740 13.1455
456 936  3.5235  6.9349 15.2673
480 936  3.2899  7.3741 11.8415
504 936  5.1883  7.2726 14.1039
528 936  5.1190  6.4536 15.6504
552 936  4.4544  6.6616 11.9721
576 936  5.8992  4.2690 12.1305
600 936  6.2236  4.1027 13.8254
624 936  7.5745 10.1082 17.5923
648 936  7.6993  9.8841 13.2562
672 936  8.7076 11.6511 10.1951
696 936  7.9786  6.2065 10.8876
720 936  4.3179 -0.1021 11.2495
744 936  0.4937 -5.0015 13.9061
768 936  0.6905 -4.2263 11.4153
792 936  7.4060  6.8353 11.8747
816 936  7.5407  7.1306  9.0073
840 936  9.8044 16.8829  9.3834
864 936 13.9427 12.1661  6.6618
888 936  8.2230  4.8160  8.5109
912 936  5.9689  4.0586 12.4356
936 936  3.7659  5.1499 11.6582
960 936  6.2347  7.2175 12.3851
984 936  0.4484  0.0089  8.5049
 24 960 -0.0032  0.0149 12.2751
 48 960 -1.6234  0.9847 16.3681
 72 960 -0.1249 -0.8611 14.7044
 96 960 -3.0680  0.8013 12.8835
120 960 -2.6899  1.7432 16.9100
144 960 -1.7533  2.9382 17.6257
168 960 -1.3199  2.4648 23.0034
192 960 -1.6060  2.2021 22.1114
216 960 -0.2060 -0.1962 12.1958
240 960 -0.0355 -0.9241 20.9494
264 960 -0.0265 -1.7708 19.9703
288 960  1.2179 -3.3596 17.7586
312 960  0.8079 -5.1682 15.6232
336 960 -0.0612 -5.0526 15.4455
360 960  0.2354 -2.8450 12.6835
384 960  9.1155  0.0906 15.8441
408 960  6.0985  3.2019 11.5684
432 960  3.1238  6.0002 14.4707
456 960  3.8156  7.1292 16.4089
480 960  4.6846  8.6204 13.1766
504 960  5.7199  9.9394 12.8042
528 960  3.9912  7.9942 12.8069
552 960  2.5781  8.1393 13.6731
576 960  4.0728  4.5166 16.6646
600 960  6.1801  3.8940 16.0088
624 960  5.7719 10.3051  9.3305
648 960  3.7092 11.0843  9.2572
672 960 10.2949 15.3664 13.8341
696 960  7.9800  6.5481 12.4782
720 960  6.1164 -0.9586 13.8663
744 960  6.0317 -0.8255 17.4868
768 960  5.3476  1.6031 20.0947
792 960  6.5414  6.0857 20.2908
816 960  6.8816  6.3642 16.1293
840 960 12.0490 16.0077 12.0779
864 960 12.9251 15.2662 12.3558
888 960 11.6883 12.4715  8.2249
912 960  7.1658  9.7862  9.4167
936 960  6.9582  8.6158 12.6086
960 960  6.1941  8.8899 11.6330
984 960  0.4553 -0.0253  8.4628
 24 984 -0.0013 -0.0038 15.2573
 48 984 -0.0019  0.0121 12.4542
 72 984 -0.0010  0.0041 12.5099
 96 984 -0.0221 -0.0134 12.3983
120 984 -0.0146 -0.0058 12.4008
144 984 -0.0130  0.0070 12.4786
168 984 -0.0060  0.0139 12.6009
192 984 -0.0141  0.0172 12.8165
216 984 -0.0057  0.0095 12.7458
240 984 -0.0076  0.0044 12.6101
264 984 -0.0020 -0.0062 12.3887
288 984 -0.0045 -0.0147 12.3136
312 984  0.0236 -0.0083 12.2750
336 984 -0.0112 -0.0003 12.3729
360 984 -0.0115 -0.0023 12.3304
384 984 -0.0230 -0.0133 12.1830
408 984  0.0040  0.0054 12.6128
432 984  0.0289  0.0152 12.7020
456 984 -0.0184  0.0205 12.5835
480 984 -0.0430  0.0206 12.5612
504 984 -0.0273  0.0000 12.2187
528 984  0.0051  0.0053 12.3910
552 984  0.0140  0.0076 12.6830
576 984  0.0008 -0.0106 12.2763
600 984  0.0239  0.0059 12.3903
624 984 -0.0084  0.0099 12.2538
648 984 -0.0065 -0.0057 12.4502
672 984  0.0139  0.0022 12.5894
696 984 -0.0095  0.0087 12.5120
720 984  0.0109  0.0077 12.5132
744 984  0.0457  0.0004 12.2703
768 984  0.0187 -0.0040 12.0221
792 984  0.0452 -0.0124 11.5952
816 984  0.0172 -0.0098 11.7856
840 984  0.0264  0.0062 12.1805
864 984  0.0406  0.0122 11.9770
888 984 -0.0266  0.0168 12.3934
912 984 -0.0056  0.0128 12.5781
936 984  0.0319  0.0053 12.5442
960 984  0.0353 -0.0065 12.6148
984 984  0.5702 -0.0206 12.5662
