 24  24  0.0177 -0.4177 13.1907
 48  24 -0.0836 -1.7430  9.8015
 72  24 -0.0276 -1.7907 10.0083
 96  24  0.0357 -1.7267  9.7374
120  24 -0.0129 -1.7077  9.4930
144  24 -0.0638 -1.6392  9.3281
168  24 -0.1323 -0.4424  9.4772
192  24 -0.0011 -1.5520  9.6924
216  24  0.0255 -1.7696  9.7888
240  24 -0.0632 -1.7578  9.7950
264  24 -0.0230 -1.6214  9.2779
288  24  0.0248 -0.4090  9.1333
312  24  0.0579 -0.3937  9.4346
336  24  0.0148 -1.6908  9.5315
360  24 -0.0032 -1.7364  8.9303
384  24  0.0098 -1.6127  9.2378
408  24 -0.0323 -1.7202  9.7355
432  24 -0.0285 -1.6689  9.5323
456  24 -0.0244 -1.7040  9.3643
480  24 -0.0224 -1.7761  9.5959
504  24 -0.0512 -1.6769  9.5388
528  24 -0.0172 -1.7310  9.7154
552  24 -0.0905 -1.6772  9.5569
576  24 -0.0639 -0.3937  9.2724
600  24  0.0162 -0.4667  9.3311
624  24 -0.0262 -1.7005  9.8186
648  24 -0.0373 -1.8420 10.1832
672  24  0.0243 -1.6850  9.6484
696  24  0.0272 -0.4223  9.3187
720  24 -0.0204 -1.7609  9.6658
744  24 -0.0379 -1.7764  9.4445
768  24 -0.0623 -1.6157  9.1479
792  24 -0.0689 -1.8434  9.4221
816  24  0.0407 -1.8552  9.0348
840  24  0.0452 -1.7784  8.8548
864  24  0.0359 -1.7426  9.1451
888  24  0.0281 -1.7097  9.4392
912  24  0.0167 -1.7479  9.5988
936  24  0.0077 -1.6975  9.6614
960  24 -0.0383 -1.7240  9.6772
984  24  2.1669 -1.6460  9.7164
 24  48 -0.0036 -0.0381 11.6228
 48  48 -3.3518  0.9298 10.6526
 72  48 -5.2035  2.9065 16.1418
 96  48 -6.0376  4.6100 14.0620
120  48 -3.6311  7.8938 12.7008
144  48 -2.7470  6.4978 15.0302
168  48 -2.0212  5.3001 18.4651
192  48 -1.9221  5.7232 15.5341
216  48 -2.3771  1.9858 12.9041
240  48 -2.1694  0.8584 22.6245
264  48  0.2143  2.7957 16.3262
288  48  0.5285  3.3352 14.9976
312  48  1.9461  4.3264 15.2050
336  48  2.1165  4.3533 14.8141
360  48  0.7021  1.9822 14.2400
384  48  0.1459  2.6168 15.7010
408  48  0.8989  4.8401 15.7301
432  48 -0.1946  4.1676 14.3136
456  48 -1.3788  2.4067 19.6032
480  48 -1.7824  1.5973 18.4906
504  48 -0.2161  2.7765 16.2676
528  48 -0.1893  0.2316 18.2492
552  48 -2.0039 -0.4161 16.8467
576  48 -3.2075  0.7264 16.9457
600  48 -4.0941  0.9634 19.5754
624  48 -3.9568  1.6640 16.3776
648  48 -4.5776  1.0617 14.9230
672  48 -3.9749  1.2334 15.3038
696  48 -4.0408  2.5372 13.1225
720  48 -6.8469  3.2306  9.5627
744  48 -3.8087 13.2684  5.8999
768  48 -8.6766  0.1498  8.3580
792  48 -5.8776 -0.1850 13.9206
816  48 -1.1599 -0.8055 11.1248
840  48  0.8344 -0.5935 15.7247
864  48 -0.1906 -0.4449 14.6674
888  48 -3.4918  1.4209  8.4140
912  48 -11.8431  4.9527 12.8480
936  48 -8.2411 -2.3198 13.7809
960  48 -1.4051 -0.7277 13.0065
984  48  6.6783 -0.0448  6.6414
 24  72  0.0063  0.0546 11.4229
 48  72 -5.6393  2.8768 17.8770
 72  72 -5.6908  4.0602 12.6699
 96  72 -5.6645  5.2309 14.9324
120  72 -3.4300  5.5538 13.3056
144  72 -0.4111  4.1176 14.2937
168  72 -0.8976  4.6205 17.5333
192  72 -1.5890  5.3079 17.1436
216  72 -1.9823  2.1216 16.6462
240  72 -2.4268  1.0481 23.2814
264  72 -0.6732  2.9225 16.4461
288  72 -0.2698  3.9059 18.8311
312  72 -0.7169  4.2247 18.9911
336  72 -1.1985  4.4193 18.7665
360  72 -1.7711  1.3548 17.3033
384  72 -2.1315  2.1603 21.7479
408  72 -1.6417  2.9919 17.3211
432  72 -0.8337  3.0213 16.4900
456  72 -1.7087  1.4434 18.9708
480  72 -1.2248  1.2641 16.0112
504  72 -0.3562  1.7896 16.3384
528  72 -1.6461  2.0434 17.7938
552  72 -1.9998  1.6959 17.4072
576  72 -2.2085  0.4097 16.8465
600  72 -3.7091  1.3326 15.2567
624  72 -1.1101  1.5516 14.7496
648  72 -1.6912  1.1163 13.8007
672  72 -1.4272  0.5944 13.9057
696  72 -3.4202  0.6742 13.3705
720  72 -3.7674  6.1031 10.2804
744  72 -4.5017  7.0532 10.0067
768  72 -5.1758  5.7194  7.2024
792  72 -3.8039 -1.7250 13.8456
816  72 -0.6002 -2.4087 14.4757
840  72 -1.6504  0.0237 12.5143
864  72 -4.3572  0.9891 14.5989
888  72 -6.9392  1.6802 11.8494
912  72 -10.6623  2.3236  8.4287
936  72 -8.1706 -2.3160 12.7455
960  72 -1.2428 -3.4292 11.3960
984  72  6.7241 -0.0709  6.6334
 24  96  0.0047  0.0456 12.1081
 48  96 -6.2886  3.0147 14.2727
 72  96 -4.1370  4.1213 12.2123
 96  96 -3.9291  4.8041 14.9604
120  96 -0.3647  2.6668 14.9339
144  96  0.1256  2.9155 19.6523
168  96 -0.2946  3.2814 19.9354
192  96 -0.1642  3.5567 13.9602
216  96 -1.7853  0.2201 16.6519
240  96 -2.2811  0.5664 19.7979
264  96 -3.1948  1.5193 15.7552
288  96 -2.1708  5.0614 15.6074
312  96 -2.0216  3.8405 13.4751
336  96 -1.6786  2.6966 15.1708
360  96 -2.0230  1.0459 19.3052
384  96 -1.6897  1.3908 18.4531
408  96 -0.6029  1.6071 14.3503
432  96 -0.4533  2.1904 15.4862
456  96 -0.3643  2.0739 18.3081
480  96 -0.1427  1.8616 15.7848
504  96  0.0647  1.3358 15.8592
528  96 -0.1209  0.3148 16.5355
552  96  0.7138  0.5873 15.8724
576  96  2.8300  1.0540 18.0423
600  96  1.4475  0.9209 20.8218
624  96  1.0962  1.2758 18.0583
648  96  0.1185  2.2007 17.4541
672  96 -0.0388  0.9188 15.4632
696  96 -1.9448  1.1516 13.3177
720  96 -0.9224  3.9517  9.3461
744  96 -2.2646  2.9089 10.1380
768  96 -3.6783 -0.1800 13.9004
792  96 -1.9086 -0.8219 14.1658
816  96 -0.1991 -1.7665 15.7806
840  96 -3.3159 -0.3483 14.0758
864  96 -5.3229  0.6914 15.8454
888  96 -5.9452  0.1082 13.2184
912  96 -3.6057 -7.0549 10.7001
936  96 -4.0546 -7.8172 12.9232
960  96 -4.1911 -7.0674 13.2236
984  96  6.7916 -0.0189  6.8123
 24 120 -0.0035  0.0270 12.3781
 48 120 -7.4149  3.2480 12.5673
 72 120 -2.0349  4.7543 12.9387
 96 120 -1.7374  3.5772 15.9959
120 120 -0.0967  1.9513 16.2955
144 120 -0.2261  2.2866 19.1135
168 120 -0.9140  3.0468 16.9915
192 120 -1.2125 -0.1141 15.0368
216 120 -1.2334 -0.4193 16.7664
240 120 -2.2315  0.6657 19.7731
264 120 -3.9756  1.6636 15.3122
288 120 -4.0749  2.1720 12.4220
312 120 -3.8731  2.5278 14.1032
336 120 -2.6029  0.2536 18.8317
360 120 -2.3786  0.8507 22.2014
384 120 -1.1126  0.6695 17.0647
408 120  0.5221  0.0596 14.9041
432 120 -0.8972  1.1757 20.1656
456 120 -1.1216  1.2400 19.3567
480 120 -0.6862  1.0870 14.2060
504 120 -0.0587  1.9402 13.2514
528 120 -0.0712  1.2831 18.0257
552 120 -0.2793 -0.6967 13.5250
576 120  1.5609  0.8099 14.0849
600 120  1.7016  1.2473 18.0852
624 120  1.2132  2.6399 18.1409
648 120  1.7233  1.5429 15.1114
672 120  0.4340  1.3442 14.5197
696 120 -1.8038  1.0058 16.6343
720 120 -1.1238 -0.2981 13.4203
744 120 -0.9726 -0.4527 15.1292
768 120 -2.0510 -1.1186 17.1363
792 120 -0.4965 -0.4260 17.2948
816 120 -0.3529 -0.1838 17.7421
840 120 -2.4576 -0.1649 14.0307
864 120 -3.8951  0.0379 13.1507
888 120 -3.7006 -0.7823 10.9718
912 120 -3.1727 -7.8751 12.4175
936 120 -3.2621 -8.9099 12.3027
960 120 -2.7234 -7.1617 10.8126
984 120  6.7551 -0.0679  6.8373
 24 144  0.0055  0.0270 12.2056
 48 144 -0.7576  1.5697 11.8135
 72 144 -1.2816  2.0926 14.6509
 96 144 -0.4766  3.5936 15.8640
120 144  0.1990  3.7039 16.9182
144 144 -1.7086  2.6535 19.4346
168 144 -3.2681  3.5625 18.8060
192 144 -7.2002 -1.7429 15.7550
216 144 -6.9015 -1.4669 14.6256
240 144 -5.8782  0.6372 16.6818
264 144 -6.0007  0.8733 15.2976
288 144 -6.6570 -0.2805 13.9365
312 144 -5.9774 -0.8654 13.9990
336 144 -4.8325 -0.7193 16.1740
360 144 -2.7606  0.1376 13.3439
384 144 -4.8540 -1.7565 17.1439
408 144 -4.8281 -1.6502 18.4085
432 144 -2.1169 -0.0913 17.9340
456 144 -1.0245  0.5984 19.5725
480 144 -1.0213  0.8946 18.3417
504 144 -0.3768  2.2461 16.3839
528 144 -0.0959  1.9150 17.8361
552 144 -0.6050  0.6315 16.2572
576 144 -2.1808  0.8687 14.2009
600 144 -2.7880  0.5306 13.8237
624 144  0.2570  1.2451 15.4206
648 144  0.2065  1.7638 15.3435
672 144 -0.0641  2.0751 15.6968
696 144  0.0435  1.2674 16.2575
720 144 -0.2636 -0.3622 13.7033
744 144 -0.4334 -1.6783 15.8463
768 144 -0.2511 -1.1802 17.1504
792 144 -0.1548  0.0460 20.7418
816 144 -0.2550  0.5022 20.0218
840 144 -0.7427 -0.6271 14.2090
864 144 -0.2116 -2.1591 12.0679
888 144  0.1888 -4.0742 15.2529
912 144 -0.8863 -7.6936 11.9809
936 144 -0.3818 -8.1750 14.6649
960 144 -0.2147 -7.5000 12.5368
984 144  0.4515  0.0185  6.2861
 24 168  0.0095  0.0510 12.2293
 48 168 -0.4868  1.8963 14.9991
 72 168 -1.3180  1.9413 18.8804
 96 168 -2.6954  3.8349 18.1883
120 168 -4.7728  4.8220 16.9561
144 168 -4.2336  4.1517 18.8931
168 168 -3.9927  3.1761 16.0878
192 168 -5.9857 -1.3384 17.8395
216 168 -6.6058 -1.4664 18.1397
240 168 -5.8014  0.0803 17.6329
264 168 -6.6200  0.1096 16.6930
288 168 -7.6192 -2.0452 17.9021
312 168 -7.0150 -1.9950 17.1021
336 168 -6.7412 -0.7942 14.6479
360 168 -6.7049 -2.1722 17.6667
384 168 -5.7466 -2.3749 16.3603
408 168 -5.4043 -4.1431 11.1194
432 168 -5.8508 -3.2863 12.1311
456 168 -4.0460 -1.0751 13.5815
480 168 -3.9078 -0.5597 16.1415
504 168 -1.7080  1.6333 16.5483
528 168 -0.2116  1.3018 15.5321
552 168 -0.5500  0.9992 12.4750
576 168 -0.2602  1.8115 14.9833
600 168  0.0201  1.2290 14.6238
624 168  0.1107  0.9258 15.6614
648 168 -0.1972  1.3304 17.6023
672 168 -0.3795  1.7581 17.8118
696 168  0.2986  0.8080 14.3747
720 168  1.6839 -0.8653 12.9676
744 168 -0.2150 -2.4733 14.8703
768 168 -1.6135 -1.8835 19.1929
792 168 -0.6620 -0.1889 14.0464
816 168  0.4320  0.7579 15.5052
840 168  1.8192 -1.6982 14.3134
864 168  2.2998 -3.7615 13.1641
888 168  2.5130 -3.6764 12.1155
912 168  0.3407 -8.0780  9.6190
936 168  0.1948 -8.3326 14.2576
960 168  0.1706 -5.8750 15.4642
984 168  0.3529  0.0263  6.3075
 24 192 -0.0140  0.0446 12.3196
 48 192 -1.8485  2.8599 14.2986
 72 192 -3.0107  3.0871 16.6532
 96 192 -4.5770  2.1136 16.5666
120 192 -5.2284  2.2716 16.8447
144 192 -4.1082  3.5657 13.5287
168 192 -4.3156 -1.7031 15.1747
192 192 -5.8329 -1.8986 17.6570
216 192 -6.2128 -1.7394 17.1955
240 192 -4.4165 -0.2504 19.3182
264 192 -4.5389 -0.2924 15.2199
288 192 -7.3078 -1.7000 18.6670
312 192 -7.2327 -1.7073 20.8775
336 192 -6.9791 -1.2606 17.4946
360 192 -6.8537 -1.5049 16.5509
384 192 -7.6849 -2.6587 12.9366
408 192 -14.1967 -8.0875 10.3367
432 192 -13.3357 -7.9074  8.5094
456 192 -5.4627 -2.1533 11.5203
480 192 -4.1544 -1.0691 18.0608
504 192 -3.1229 -0.0086 14.2062
528 192 -1.7133  0.5582 14.3363
552 192 -1.4482  0.4352 13.5251
576 192  0.2261  2.0903 12.5322
600 192  1.7672  1.0457 18.8840
624 192  1.2315  1.1682 15.7615
648 192  0.8886  1.2101 16.7799
672 192  0.2235  0.4315 21.1958
696 192  0.9974 -0.3335 16.5360
720 192  1.8265 -1.1957 20.0960
744 192  0.5831 -1.6828 14.6693
768 192 -0.8553 -2.3993 17.1260
792 192 -0.4884 -0.5730 13.4878
816 192  2.0742  1.0731 13.2008
840 192  3.7214 -0.9184 12.6719
864 192  7.2818 -8.6209 10.9735
888 192  5.9408 -0.3157 10.5975
912 192  8.0936 -1.3670 12.1536
936 192  4.1721 -3.6610  9.3139
960 192 -2.2337 -3.5930 18.6091
984 192  0.4114 -0.1273  6.4756
 24 216 -0.0175  0.0280 12.4181
 48 216 -3.8338  2.2137 14.1445
 72 216 -3.1527 -2.6854 13.7237
 96 216 -3.8155  0.0946 16.5047
120 216 -5.3069 -0.5553 13.7441
144 216 -5.9034 -2.8293 14.2443
168 216 -4.9912 -2.3962 17.1689
192 216 -5.8555 -2.1046 23.7011
216 216 -5.9133 -2.2216 19.6747
240 216 -5.9490 -1.6914 15.2383
264 216 -4.3983 -0.1649 13.4661
288 216 -5.0371 -1.7037 13.2076
312 216 -7.0261 -1.5126 14.3276
336 216 -11.2994 -6.0247 11.8394
360 216 -11.2558 -3.8363 15.0347
384 216 -10.6591 -1.4387  9.2747
408 216 -8.3671 -3.7442 11.5535
432 216 -8.2136 -4.3146 11.1194
456 216 -1.9536 -0.1996 13.2066
480 216 -3.8093 -1.2229 13.2757
504 216 -3.0436 -1.1350 11.3441
528 216 -3.1408 -0.7911 12.1413
552 216 -2.6755 -1.0935 14.6365
576 216  1.2243  2.7007 12.8315
600 216  2.7403  1.6462 16.5510
624 216  2.4623  1.8497 14.7502
648 216  2.9239  2.6375 14.4914
672 216  2.3037  1.7145 17.8524
696 216  2.6441 -0.1866 14.3771
720 216  1.5437 -0.6370 12.3092
744 216  2.6361 -0.2296 15.5054
768 216  3.1358 -0.1956 17.1833
792 216  3.1038 -0.5094 16.2483
816 216  4.0440  0.0546 15.5729
840 216  4.3931  0.7535 13.0423
864 216  5.0844 -7.3323 11.3617
888 216  0.2018 -0.8502  9.6151
912 216 -0.1652 -0.8933 15.2582
936 216 -2.4859 -3.7423 16.9818
960 216 -3.8517 -3.9137 16.7981
984 216  6.8206 -0.0304  6.7115
 24 240  0.0078  0.1079 12.6336
 48 240  0.3032  2.9793 17.6485
 72 240 -3.9324 -1.9248 17.3825
 96 240 -1.2060 -2.9800 16.9798
120 240  0.0448 -4.2606 15.1167
144 240 -0.9781 -4.2525 14.9615
168 240 -4.2103 -3.9340 12.5633
192 240 -5.6616 -2.3077 14.8612
216 240 -5.6992 -2.6845 18.4922
240 240 -6.2453 -2.2860 14.3746
264 240 -5.9638 -1.8663 19.6676
288 240 -5.9804 -1.5984 21.5064
312 240 -5.6873 -0.8867 17.3241
336 240 -10.9547 -6.6780 13.8219
360 240 -11.1675 -5.6800 18.4353
384 240 -12.3216 -4.8568 11.0238
408 240 -11.1262 -5.0108 11.5101
432 240 -11.1507 -4.9497 14.1406
456 240 -1.3652  0.0660 15.0501
480 240 -2.0148 -0.9387 13.7541
504 240 -1.6443 -1.2909 13.7333
528 240 -1.7048 -2.3970 16.1506
552 240 -1.1974 -2.0594 16.0398
576 240 -0.3876  0.8207 10.9475
600 240  0.2349  1.3221 12.2112
624 240  2.0016  2.0222 14.4512
648 240  3.2157  2.7306 17.6997
672 240  3.2106  2.6716 17.2680
696 240  3.4249  0.7645 14.2083
720 240  3.9388  0.2968 15.8321
744 240  3.3401 -0.2119 14.4570
768 240  3.5922 -0.2791 15.5809
792 240  3.6860 -0.6720 16.6016
816 240  3.5018 -0.7141 14.6433
840 240  4.1822  0.2932 13.5713
864 240  4.8498 -4.8408 13.8080
888 240  0.6685 -0.3245 15.2539
912 240 -0.7292 -1.1793 15.3232
936 240 -2.8062 -4.3782 15.6875
960 240 -3.8250 -4.3483 17.5201
984 240  6.8188  0.0086  6.7316
 24 264  0.0038  0.0799 12.6687
 48 264  0.1767  2.1846 23.2943
 72 264 -2.0154 -1.7457 18.5016
 96 264 -0.2013 -4.6818 15.7711
120 264 -0.0931 -4.9818 20.1333
144 264 -1.1941 -3.7000 22.0375
168 264 -1.4444 -3.8710 19.2266
192 264 -4.3628 -5.8588 14.4034
216 264 -6.4682 -3.1150 15.6327
240 264 -6.0739 -1.9379 14.3944
264 264 -6.2013 -1.8685 17.5661
288 264 -6.8175 -1.6425 20.8927
312 264 -8.0292 -1.6634 19.7392
336 264 -9.8115 -5.1315 13.7050
360 264 -12.1460 -4.6978 16.4613
384 264 33.3716 -12.2296  9.0039
408 264 -14.9617 -6.1168 13.1327
432 264 -12.4422 -5.6880 12.0622
456 264 -9.6176 -7.8073 10.1834
480 264 -2.0103 -1.5035 13.2452
504 264 -1.5765 -2.0472 18.0753
528 264 -0.7810 -2.1077 13.4206
552 264 -0.3565 -0.2061 13.3408
576 264 -0.4714  1.5116 12.7291
600 264 -0.0938  1.1793 19.9250
624 264  1.2357  1.5045 15.8178
648 264  2.3579  2.1168 19.1682
672 264  3.3162  1.7202 20.7107
696 264  3.9119  1.0782 16.2715
720 264  4.2014  0.1267 18.3770
744 264  4.0674 -0.0329 14.5709
768 264  4.0818  0.0491 14.6866
792 264  3.5790 -0.4769 16.6769
816 264  3.5436 -0.9708 12.8778
840 264  4.2898 -0.8100 17.4565
864 264  3.9518 -2.2413 14.3686
888 264  0.3537 -0.8414 17.5761
912 264  0.0347 -2.7981 16.6359
936 264 -0.5772 -4.9065 15.6074
960 264 -3.5168 -1.7501 13.4014
984 264  0.4685  0.0157  6.3070
 24 288  0.0111  0.0235 12.2581
 48 288 -0.4538 -0.0774 15.0365
 72 288 -1.3286 -0.8555 16.5531
 96 288 -0.7405 -1.1162 14.8901
120 288 -0.5097 -2.1010 12.5271
144 288 -1.0050 -3.2493 21.3382
168 288 -1.2048 -3.2457 18.3223
192 288 -5.4033 -4.4085 14.5397
216 288 -2.1641 -0.7141 11.5264
240 288 -5.7253 -2.4234 14.7655
264 288 -7.4826 -0.8778 15.1258
288 288 -7.6697 -1.5813 16.3130
312 288 -7.9006 -2.1755 19.2346
336 288 -9.9766 -2.0012 14.8356
360 288 -11.7545 -3.1961 13.7832
384 288 -11.9822 -5.9387 10.9389
408 288 -14.8115 -5.9598 10.0828
432 288 -8.3460 -9.0994  8.4545
456 288 -8.9787 -8.6300 10.4260
480 288 -8.1239 -7.1565 11.7089
504 288 -2.1166 -3.9796 14.2187
528 288 -0.3198 -1.1179 12.9714
552 288 -0.4222  0.2772 14.1390
576 288  0.0062  1.0291 15.9564
600 288  0.4354  1.1996 19.1644
624 288  1.6932  1.1527 17.8692
648 288  2.2553  0.9767 17.0652
672 288  2.1839  0.3476 18.4176
696 288  2.9547  0.5662 16.5886
720 288  2.3794  0.1227 14.3455
744 288  4.1278  0.0562 14.6772
768 288  5.0350  1.0731 15.5494
792 288  4.7250 -0.6477 12.7510
816 288  3.1030 -1.1803 13.2638
840 288  2.6989 -0.9234 14.2282
864 288  2.0416  0.4674 15.2886
888 288  0.7642 -0.3952 16.6248
912 288 -0.3132 -3.6991 16.5781
936 288 -0.3252 -4.5790 18.5251
960 288 -4.0229 -1.6573 15.8723
984 288  0.4138  0.0600  6.6201
 24 312  0.0139  0.0031 11.7398
 48 312 -0.1807 -1.2489 13.0858
 72 312 -0.4572 -0.1585 13.7696
 96 312  0.2066  0.9410 19.0026
120 312  0.1785 -0.3371 15.9836
144 312  0.1664 -1.2000 19.1632
168 312 -0.7548 -2.9748 13.3501
192 312 -4.0593 -2.9108 11.3154
216 312 -2.2968 -2.6239 11.1635
240 312 -8.2275 -2.6193 14.1254
264 312 -9.0217 -0.9483 19.4696
288 312 -7.7753 -1.3544 13.7578
312 312 -7.3461 -2.0489 16.0191
336 312 -8.7887 -2.3440 13.8285
360 312 -10.1238 -3.1124 13.3411
384 312 -10.3837 -5.2846 15.0980
408 312 -10.2977 -5.6762 11.9691
432 312 -6.6966 -9.3334 12.4765
456 312 -6.7235 -9.1739 15.0782
480 312 -5.3407 -6.5930 11.7982
504 312 -4.2873 -4.9144 13.3672
528 312 -1.0222 -0.9837 12.4554
552 312 -1.4750  0.2047 17.2258
576 312 -0.4777  1.0005 18.1666
600 312  0.2808  1.3220 17.5356
624 312  1.0241  1.2263 18.8847
648 312  0.9815  1.0690 14.7252
672 312  0.6599  0.4021 14.4303
696 312  1.9349  0.5137 13.9970
720 312  2.3678  1.1432 16.6196
744 312  3.6337  1.9738 16.8493
768 312  4.1403  1.5359 14.8566
792 312  3.2198 -0.6833 14.5398
816 312  2.5980 -1.2878 18.2273
840 312  0.8769 -0.2684 15.9356
864 312  1.2450  0.3226 15.4429
888 312  0.8057 -0.2850 13.6836
912 312 -3.8157 -3.3113 10.6470
936 312 -6.2702 -1.7324 13.4758
960 312 -4.0250 -1.5572 15.1153
984 312  0.4221 -0.0334  6.5568
 24 336  0.0140 -0.0392 11.8391
 48 336  9.1467 -5.5620 13.1609
 72 336  0.0207  1.6572 12.4818
 96 336  0.6985  1.8887 19.4600
120 336  1.5606 -0.1468 17.7129
144 336  1.8031 -1.8526 18.0011
168 336  0.3190 -3.8763 12.0458
192 336 -4.4753 -3.1190 12.2790
216 336 -7.0650 -2.9662 12.3835
240 336 -9.5448 -3.2467 15.8344
264 336 -9.2979 -1.9705 15.7238
288 336 -8.9951 -1.9547 14.9058
312 336 -9.9458  0.2257 19.0136
336 336 -7.5813 -0.8853 10.3558
360 336 -6.6211 -1.7498 14.4915
384 336 -7.7618 -2.8622 12.1985
408 336 -8.0085 -3.9010 14.3969
432 336 -5.2237 -7.0612 12.6563
456 336 -5.8922 -7.9204 12.6203
480 336 -5.2562 -5.6442 12.3263
504 336 -4.6668 -4.1315 12.5016
528 336 -2.3773 -0.0399 14.0725
552 336 -2.9366  1.2174 16.5790
576 336 -1.1500  2.9245 16.2454
600 336  1.7964  2.0373 12.2004
624 336  2.5432  1.9034 18.9030
648 336  1.7375  1.1855 14.8964
672 336  1.7369  0.6790 14.7107
696 336  2.9561  1.3899 16.6718
720 336  2.7472  1.6964 19.8998
744 336  4.1742  1.8904 20.6622
768 336  4.2522  1.7202 17.2203
792 336  4.2023 -0.2023 13.8597
816 336  2.6573 -1.0299 13.5366
840 336  0.8919  0.4846 13.9121
864 336 -0.1855  2.6819 15.3207
888 336 -5.0279 -0.1089 10.4639
912 336 -6.4412  0.0485 13.2034
936 336 -3.1309 -0.4878 12.2019
960 336 -0.4389 -0.9547 14.4013
984 336  0.4489 -0.0221  6.4810
 24 360  0.0127 -0.0320 12.2089
 48 360  2.9344 -2.0601 11.3685
 72 360  2.2176 -0.1844 13.6996
 96 360  2.6101  1.7659 14.3742
120 360  2.8429  0.1061 15.6834
144 360  2.1434 -1.6084 16.6230
168 360 -0.0508 -1.0877 11.7997
192 360 -6.6586 -2.3008  9.8405
216 360 -7.7478 -1.5245 10.4987
240 360 -9.6144 -2.7323 13.8158
264 360 -9.1367 -2.7375 11.3791
288 360 -9.3934 -1.7554 14.8302
312 360 -10.4309  0.1958 21.2810
336 360 -7.5708 -1.0630 11.0545
360 360 -5.4303 -1.6992 14.8016
384 360 -7.2983 -1.8242 13.5689
408 360 -7.3606 -2.9994 14.4383
432 360 -4.3966 -5.5869 15.2650
456 360 -2.8861 -5.2565 14.8829
480 360 -4.5554 -3.9675 14.6126
504 360 -4.9606 -3.3072 17.6637
528 360 -3.1625  1.0852 15.8591
552 360 -2.7182  2.1561 20.6472
576 360 -0.4554  2.9933 20.4565
600 360  3.5953  2.7258 14.6421
624 360  4.3484  2.9713 15.2231
648 360  4.7067  2.3398 14.7113
672 360  3.4712  1.4165 15.8700
696 360  2.4018  2.3024 13.2010
720 360  2.1091  0.4442 16.5058
744 360  3.2834  0.2304 16.4886
768 360  4.0842  0.4494 14.1335
792 360  5.5542  0.0716 12.0666
816 360  4.3599  0.3227 13.8904
840 360  1.5957  2.8106 15.4113
864 360  0.1597  3.5032 17.7431
888 360 -1.6503  2.7579 15.1034
912 360 -3.1440  0.4575 18.4488
936 360 -0.4073 -0.6584 19.7977
960 360 -0.1466 -0.5677 19.7447
984 360  0.4321  0.0276  6.5166
 24 384 -0.0146  0.0146 12.2036
 48 384  5.9549 -1.0075 12.8600
 72 384  4.1768 -1.5901 15.3445
 96 384  4.0877  0.4814 14.0915
120 384  3.7767  0.1765 15.7698
144 384  1.8192 -1.1167 14.8323
168 384  0.8800 -0.5353 11.9642
192 384  5.9789 -19.2421  9.6749
216 384  3.2749 -21.0158 11.2840
240 384 -7.5745 -1.0553 11.9201
264 384 -10.0021 -2.0728 12.1701
288 384 -8.1679 -3.0315  8.1809
312 384 -11.0560 -1.4975 16.0580
336 384 -11.5126 -3.0132 12.6670
360 384 -5.1436 -1.4801 11.3109
384 384 -6.6586 -2.2675 16.4720
408 384 -6.8562 -3.7718 16.0109
432 384 -5.8302 -3.9908 13.7819
456 384 -4.7318 -3.6739 14.5861
480 384 -4.2684 -2.9241 14.6952
504 384 -4.7055 -2.6971 18.1131
528 384 -3.8857 -0.0953 16.2361
552 384 -1.8430  1.3521 18.8918
576 384 -0.1330  1.6376 21.3264
600 384  2.8763  1.1413 15.1736
624 384  5.3203  3.0697 14.8349
648 384  5.4069  2.7353 14.5872
672 384  5.6941  1.8594 14.9424
696 384  6.0488  1.9532 14.2602
720 384  2.1022  0.8526 12.0174
744 384  1.1988 -0.2958 19.1423
768 384  1.2968 -0.8918 12.6683
792 384  8.2666  0.4102 14.9394
816 384  9.5704  0.2549 14.3013
840 384  1.0082  3.1398 13.7331
864 384  1.5942  3.1814 23.1286
888 384  1.4349  3.0717 18.8044
912 384 -2.5025  1.2321 17.8447
936 384  0.0574  0.2825 17.9697
960 384  0.0037 -0.0833 17.8055
984 384  0.4601  0.0769  6.5501
 24 408 -0.0005  0.0213 12.0103
 48 408  8.0667 -7.1162 10.1225
 72 408  7.7515 -1.0317 13.4308
 96 408  7.2832 -1.2900 11.8965
120 408  8.7651 -4.2982 13.3430
144 408  7.9026 -4.9745 12.8462
168 408 -0.1382 13.9794 13.5160
192 408 -4.4151 11.2280 16.7296
216 408 -4.6268 10.5335 13.7910
240 408 -2.0743 -1.4636 14.3074
264 408 -3.4891 -2.4776 14.1303
288 408 -5.3678 -3.2886 13.1266
312 408 -7.7134 -3.3147 14.3005
336 408 -7.0807 -3.8221 14.8235
360 408 -5.0549 -3.4298 14.4071
384 408 -5.3060 -1.7563 16.8671
408 408 -6.2062 -3.2568 17.9640
432 408 -6.1361 -2.2506 16.3086
456 408 -5.9904 -2.0552 17.0949
480 408 -6.1081 -2.8871 15.9895
504 408 -6.2354 -2.3178 16.4211
528 408 -4.2017  0.1768 13.2318
552 408 -1.0337  1.1081 18.1504
576 408 -0.4845  1.4199 17.3892
600 408  2.0832  1.1340 14.6262
624 408  4.1423  1.6367 17.1767
648 408  4.4945  1.7146 13.6663
672 408  6.1967  1.6032 16.8330
696 408  5.1831  2.6526 15.9804
720 408  5.2235  3.1282 13.7901
744 408  2.8588  0.6207 11.7494
768 408  3.1098 -0.4267 12.8941
792 408  8.2294  0.5412 13.8204
816 408  8.4934  2.0706 15.1999
840 408  3.8147  4.1336 11.7688
864 408  1.9976  3.0944 22.1773
888 408  1.9143  2.9158 19.1708
912 408 -0.1699  2.2969 20.3453
936 408 -0.5438  1.3870 17.3523
960 408  0.4600 -0.3745 21.1665
984 408  0.4835  0.0438  6.5608
 24 432  0.0040 -0.0300 12.1807
 48 432  8.4023 -7.7583 10.1376
 72 432 -4.9644 -15.7401  7.7345
 96 432  8.0041 -6.6821  9.4800
120 432  8.1954 -5.3661 18.8514
144 432  7.7879 -6.4226 16.7064
168 432  0.8803 -3.1102  8.9396
192 432 -7.0865  7.5037 12.4260
216 432 -8.0313  7.2148 11.5019
240 432 -0.4504 -2.6250 13.5872
264 432 -1.8947 -2.2693 13.9778
288 432 -6.1110 -2.9995 12.8416
312 432 -4.2328 -4.8476 18.4324
336 432 -5.4592 -4.9670 15.2979
360 432 -7.9077 -3.6287 15.2841
384 432 -7.9622 -2.7397 14.2404
408 432 -7.5812 -1.0013 13.5207
432 432 -6.1119 -1.2208 22.3936
456 432 -6.0271 -1.0661 20.4033
480 432 -5.4832 -1.8725 16.0834
504 432 -5.9039 -1.3244 15.2006
528 432 -3.8372 -0.3323 17.7258
552 432 -2.3442  2.4509 16.6934
576 432 -1.4062  2.5381 18.7941
600 432  1.9525  1.2331 18.3563
624 432  3.2359  0.8245 16.9042
648 432  3.4148  0.9454 16.6344
672 432  4.8017  2.2483 17.4908
696 432  4.4280  2.5734 16.3212
720 432  5.8102  3.0659 17.6001
744 432  7.5628  1.1191 13.6816
768 432  3.8328 -1.8592 14.0031
792 432  3.9185 -1.9578 10.3715
816 432  7.1775  2.1169  9.7831
840 432  3.6754  2.5325 17.5615
864 432  3.2264  1.8191 16.3424
888 432  1.1502  1.7441 16.7157
912 432  0.7096  1.5404 17.0660
936 432  1.4083  0.8466 19.4411
960 432 -0.3537 -0.7029 22.1546
984 432  0.4930 -0.1257  6.4392
 24 456 -0.0049 -0.0418 12.5046
 48 456  7.3143 -5.9286  7.7001
 72 456  3.8883  6.3464  6.9766
 96 456  7.5563 -8.0991  9.8149
120 456  7.9837 -6.7478 12.0471
144 456  7.6964 -7.2582 12.2736
168 456  1.8202 -4.7996 13.6483
192 456  0.8949 -4.2260 14.3483
216 456  0.4805 -4.1430 14.2474
240 456  0.1626 -5.3915 15.4514
264 456 -0.0853 -5.1535 15.7967
288 456 -4.1739 -5.5523 17.3675
312 456 -4.5050 -5.6631 18.1280
336 456 -6.1008 -4.0648 12.9551
360 456 -8.4676 -0.9072 18.2470
384 456 -8.1911  0.1829 10.5764
408 456 -7.6543  0.8158 19.2108
432 456 -5.5337 -0.6311 19.4643
456 456 -5.8440 -0.5153 20.5013
480 456 -5.6911 -0.3079 20.4797
504 456 -2.1637 -1.1706 15.2311
528 456 -2.3469 -1.1653 15.6985
552 456 -3.2860  2.6985 21.3484
576 456 -1.8794  3.2313 25.5866
600 456  0.0061  1.8108 23.1122
624 456  1.5138  0.4916 13.1241
648 456  2.2565  0.7381 16.0390
672 456  0.2055  2.1365 12.5448
696 456  0.3625  1.5352 12.6521
720 456  4.7430  3.0957 12.2991
744 456  5.9253  2.6357 10.2798
768 456  2.4011 -2.0206 13.2910
792 456  1.8408 -4.8018 13.8432
816 456  3.2479 -0.0831 10.7151
840 456  2.8553  1.2017 16.7123
864 456  2.7056  1.1924 16.5370
888 456  0.6494  2.0504 19.3840
912 456 -0.3049  1.1590 21.0242
936 456 -0.5244 -0.1779 17.3395
960 456  1.7651  1.4743 13.5296
984 456  6.7439  0.0210  6.4321
 24 480 -0.0004 -0.0160 12.5065
 48 480  7.7145 -4.4887  9.0867
 72 480  8.3582 -6.1051 10.1594
 96 480  7.8687 -8.3091 13.3431
120 480  3.7735 -5.4465 13.6695
144 480  2.1373 -7.4631 20.3035
168 480  1.3210 -6.2346 14.6995
192 480  1.2806 -4.1868 14.2867
216 480  0.9661 -4.4463 15.5603
240 480 -0.1203 -5.0223 17.0789
264 480 -1.3064 -5.7911 17.1003
288 480 -2.0750 -5.9655 16.4515
312 480 -3.6218 -6.0682 14.3175
336 480 -3.3195 -6.3972 15.1241
360 480 -0.8782 -6.4069 11.4393
384 480 -1.8503 -0.8407 12.2999
408 480 -4.0983 -0.2116 15.6729
432 480 -1.7529 -1.1044 15.1104
456 480 -2.1072 -1.0270 19.0064
480 480 -2.0573 -0.3059 15.5901
504 480 -2.9433  0.7012 17.8432
528 480 -3.1593  0.3405 22.3467
552 480 -3.1479  0.3098 22.0707
576 480 -0.2217  1.6069 17.3397
600 480 -3.2724 -13.3982 11.6677
624 480 -6.3508 -12.4297  9.7214
648 480 -2.2088  6.8529 11.7808
672 480 -3.9377  2.4933 11.5365
696 480 -2.3418  0.7341 14.9659
720 480  0.0497  2.1818 10.4307
744 480  3.3366  1.5696 13.0456
768 480  2.9131 -1.0722 16.5327
792 480  0.4840 -4.9520 12.8985
816 480 -0.2806 -6.9456 13.7405
840 480  1.8388  0.1222 13.3536
864 480  2.2546  1.1262 16.2496
888 480  0.2734  2.9149 14.4477
912 480 -0.4399  1.9588 17.3368
936 480  0.1201  1.3782 16.1027
960 480  2.3287  1.5762 18.4038
984 480  0.4896  0.1485  6.4578
 24 504  0.0176  0.0550 12.1892
 48 504  6.0431 -4.0084 11.8272
 72 504  4.7628 -5.3971 14.6175
 96 504  5.6942 -6.7145 12.2507
120 504  2.2246 -7.9970 12.6924
144 504  2.1640 -7.7856 15.7090
168 504  1.5786 -7.8613 14.7584
192 504  0.8739 -3.3430  8.6362
216 504 16.9670 -5.3798 10.0309
240 504  2.5324 -6.9691 11.2205
264 504 -1.5663 -5.7013 13.3184
288 504 -1.2370 -6.7954 11.0521
312 504 -18.9683 -5.1415 12.0586
336 504 -19.4901 -4.9299  7.6756
360 504  1.6753 -11.2774 10.1675
384 504 -0.9376 -1.4195 15.1007
408 504 -1.2562 -1.8979 16.5829
432 504 -1.2164 -2.1207 18.0045
456 504 -2.5656 -1.0860 22.1485
480 504 -1.4003  0.8881 19.0566
504 504 -1.3737  1.1202 18.1131
528 504 -2.7157  0.6451 20.6956
552 504 -2.8102  0.4176 17.7248
576 504 -1.3091  0.9886 15.2786
600 504  0.1728 -16.6327 13.3276
624 504  0.0321 -17.1976 11.6296
648 504 -3.3770  6.1915 15.6901
672 504 -1.9926  4.1379 12.0393
696 504 -1.9287  0.9244 15.9137
720 504  2.0548  2.9846 12.4190
744 504  3.8594  2.1880 16.1825
768 504  3.7181 -0.3286 13.9322
792 504  1.8964 -5.4214 16.3703
816 504  0.6455 -7.0511 18.4145
840 504  0.4193 -6.9222  9.4127
864 504  2.1891  2.0630 13.5987
888 504  0.2775  3.2336 15.1216
912 504  0.0460  2.9571 18.2641
936 504  1.0832  2.2078 14.2112
960 504  2.0695  1.8542 16.8272
984 504  0.3841  0.1029  6.4822
 24 528  0.0235  0.0282 12.4010
 48 528  4.0145 -3.1912 15.6933
 72 528  2.5844 -5.0826 10.6844
 96 528  2.7070 -7.3233 10.6482
120 528  2.9867 -9.1590 10.4865
144 528  1.8874 -9.8793 13.6171
168 528  1.1328 -10.8583  9.2309
192 528  8.2396 -13.2454  9.9234
216 528  6.5947 -12.0006  9.0856
240 528 15.0711 -4.6521  9.4192
264 528  4.9117 -9.3230 12.0717
288 528  4.3633 -9.5149 13.6588
312 528 -18.3736 -4.2927  8.6552
336 528 -22.6852 -7.5743  8.0495
360 528 19.7873 -18.1321  9.4496
384 528  0.1494 -1.7340  9.7457
408 528  0.5313 -2.9864 13.9129
432 528 -0.7089 -3.2305 15.9843
456 528 -2.0239 -0.4552 23.0262
480 528 -2.5390 -0.2976 18.1676
504 528 -1.0635  0.9585 21.4735
528 528 -2.2819  0.5818 15.8544
552 528 -2.4899  0.1172 18.8380
576 528 -1.1817  0.3713 14.5794
600 528  4.3224 22.4665 11.2334
624 528 -0.0554 23.0835 10.0375
648 528 -2.8081  5.7017 14.5722
672 528 -0.7578  2.8550 17.0740
696 528  0.2985  2.8185 17.5013
720 528  1.5816  2.3565 17.2962
744 528  3.2835  2.1219 19.2121
768 528  3.8900 -0.2110 13.3573
792 528  4.0311 -3.1999 12.6539
816 528  4.2091 -3.2086 15.7444
840 528  3.6058 -3.0963 10.1921
864 528 -0.7972  2.2953 15.2780
888 528  1.7597  4.9086 13.9065
912 528  1.7265  5.8070 13.8510
936 528  1.1576  2.0707 10.8334
960 528  3.7615  4.8853 10.2638
984 528  0.3506 -0.0181  6.4214
 24 552 -0.0016 -0.0385 12.8582
 48 552  2.8322 -2.4700 15.3072
 72 552  6.0102 -12.3234 10.9462
 96 552  8.0153 -13.2587 16.0280
120 552  7.6168 -18.0747  8.9673
144 552  8.0411 -18.3303  7.5569
168 552 -6.7897 19.2390  9.8662
192 552  6.5779 -14.3484 10.8660
216 552  5.7976 -13.1274 16.9979
240 552  4.2250 -13.9184 16.6193
264 552  5.2278 -10.2690 16.2402
288 552  4.5977 -10.2690 14.6407
312 552  4.5925 -10.0754 15.4003
336 552  4.8736 -9.4187 11.9940
360 552  4.1765 -7.2086 13.7748
384 552  2.9278 -4.7444  9.7407
408 552  4.2077 -2.2931 14.7632
432 552  2.0801 -2.6800 13.9326
456 552 -1.0977 -1.1259 19.8384
480 552 -1.3259 -1.6012 18.6161
504 552 -2.1677  0.8501 17.9831
528 552 -2.3734  0.6557 13.7672
552 552  0.5391 -0.4907 13.6177
576 552 -0.5929  1.4005 12.1010
600 552 -3.1728  6.1411 13.0229
624 552 -2.6983  6.4859 12.9243
648 552 -2.2387  3.6289 16.4989
672 552 -1.0525  2.5195 15.8476
696 552  0.9436  3.8541 18.3994
720 552  1.9158  2.9210 15.8255
744 552  1.6211  0.4157 16.9947
768 552  5.0888 -2.7417 12.4726
792 552  4.9623 -2.2983 17.2484
816 552  4.7406 -2.1095 17.9884
840 552  3.3458  0.3162 10.6121
864 552  3.5408  2.8642 12.7122
888 552  4.5407  8.6927 11.8185
912 552  6.9306  7.8629 17.2046
936 552  5.7638  5.7443 15.9842
960 552  3.8884  4.6701 13.4551
984 552  0.7499  0.1006  6.4627
 24 576  0.0139 -0.1238 12.3290
 48 576  3.1275 -2.0666 10.0422
 72 576  8.9386 -12.5156 11.3376
 96 576  8.3168 -13.1172 10.9493
120 576  2.7191 -17.5914  9.3844
144 576  1.9253 -17.0417 15.2416
168 576  2.1239 -16.9520 11.7420
192 576  3.9561 -17.7423  9.4347
216 576  5.2935 -16.4069 14.2048
240 576  4.4780 -14.9713 12.9865
264 576  2.3664 -11.6229 12.5814
288 576  2.6935 -9.6906 13.0404
312 576  2.2709 -11.8198 12.9787
336 576  1.6865 -11.7935 12.6395
360 576  1.9435 -9.8503 15.8032
384 576  2.0141 -7.7516 12.5892
408 576  3.5969 -3.1458 16.9572
432 576  0.0233 -3.6960 16.9446
456 576 -0.9673 -2.6033 13.8408
480 576 -1.5451 -1.8944 19.5035
504 576 -3.2256  0.8277 19.2841
528 576 -0.5119  1.2220 14.1586
552 576  0.7494  1.9678 14.2017
576 576 -0.9973  4.0209 11.7869
600 576 -2.1868  6.0196 13.7844
624 576  0.0510  6.3822 15.1728
648 576 -0.0181  6.5185 18.9745
672 576 -0.1311  5.3895 19.5466
696 576  0.1595  4.7139 22.5041
720 576  0.8113  3.4007 17.6716
744 576  1.8604  1.8637 12.6179
768 576  3.8304 -6.2304 14.1101
792 576  5.0524 -1.8142 13.6091
816 576  5.4442 -1.4275 14.4857
840 576  7.3143  6.7816 11.4645
864 576  6.3796  6.6474  9.6072
888 576  5.4559  6.3112 14.1366
912 576  7.5213  8.3102 14.6524
936 576  6.1228  5.1933 13.8875
960 576  4.8030  2.0927 10.2144
984 576  2.1985  0.0019  6.7073
 24 600  0.0060 -0.0626 12.4194
 48 600  7.9186 -4.3466 11.0461
 72 600  2.1419 -8.3456  8.7433
 96 600  2.0356 -16.4478  9.6797
120 600  2.3957 -16.8955 12.6183
144 600  2.1372 -15.5485  8.7503
168 600  6.1316 -14.9735 10.4525
192 600  5.5116 -16.7084 10.3981
216 600  6.1135 -17.0811 12.7696
240 600  1.0495 -13.8044 15.2162
264 600  0.6813 -13.1072 22.6158
288 600  0.3734 -13.7171 18.0966
312 600  2.2752 -14.0485 14.1916
336 600  1.1804 -12.2602 16.7668
360 600  0.9850 -11.7112 15.3695
384 600  0.3540 -7.7892 11.6831
408 600 -0.1082 -6.9074 15.6047
432 600 -0.3803 -6.0542 15.5534
456 600 -0.9265 -2.6336 14.3278
480 600 -6.7410 -2.5652 15.6783
504 600 -6.2996  0.2720 18.7442
528 600  0.0313  0.4911 13.7948
552 600  0.2048  3.7162 17.0862
576 600  1.9798  5.6393 14.2444
600 600  2.9577  7.7288 15.3052
624 600  3.7541  9.7449 15.5225
648 600  0.1790  6.1652 10.1663
672 600 -0.4406  6.8439 19.4278
696 600 -0.1865  5.9168 19.7612
720 600  0.0739  3.4810 19.4157
744 600  0.0165  0.2540  9.9399
768 600  3.4636 -4.2777  9.9348
792 600  3.5949  6.2367 20.3040
816 600  4.8177  6.4608 15.5145
840 600  8.0920  5.9248 16.7876
864 600  9.3854  6.0835 10.5664
888 600 16.8424  1.5616 13.5776
912 600 14.2950  0.0824  7.8250
936 600  9.9569  5.8932  7.4289
960 600 -6.1168 15.0612  8.3942
984 600  2.9515 -0.1175  6.7315
 24 624 -0.0083  0.0456 12.5347
 48 624 11.0040 -9.1192 11.1063
 72 624  3.3396 -12.0781 15.2248
 96 624  3.2429 -13.3588 11.7929
120 624  1.9955 -14.1322 10.5881
144 624  3.2698 -17.9653 13.6954
168 624  5.2363 -17.2328 10.0440
192 624  2.8193 16.7940  9.3628
216 624  7.7724 -17.8317 12.4462
240 624  0.3830 -13.6431 10.9972
264 624  1.1621 -14.2884 17.1521
288 624  1.7433 -14.4891 12.5394
312 624  3.2974 -16.8935  9.5957
336 624  3.8633 -14.8538  8.8575
360 624  1.6330 -13.8998 11.6010
384 624  0.0542 -8.0925 14.4980
408 624 -0.7381 -8.0566 16.3564
432 624 -1.7121 -6.9218 15.6770
456 624 -4.8544 -0.8734 12.8739
480 624 -6.0913 -2.4392 20.9068
504 624 -5.7178 -2.7855 15.2981
528 624  0.9136  2.7253 16.6643
552 624  0.8415  2.6255 14.5558
576 624  1.7233  6.1596 14.3444
600 624  2.3111  6.8512 15.1051
624 624  4.1628 12.9711  9.6226
648 624  3.5615 13.8011 15.6068
672 624  1.0286  8.7597 18.5859
696 624  0.9488  7.9322 22.3808
720 624 -1.0404  2.0253 12.1964
744 624 -3.7408  0.8699 14.6826
768 624 -0.1811  4.1472 10.9945
792 624  1.2065  6.1465 17.2031
816 624  2.5045  5.2280 13.5391
840 624  7.3104  3.6141 14.2673
864 624  7.4246  2.5893  8.3928
888 624 15.3279  1.5149 15.9375
912 624 14.9878  1.6773  8.7130
936 624  8.1092  8.9160 10.7417
960 624  9.3361 -1.2686  6.4616
984 624  1.4042  0.0380  6.5778
 24 648  0.0075  0.0194 12.2614
 48 648 11.9275 -8.0558 12.7562
 72 648  7.9467 -11.7548 10.0499
 96 648  8.1290 -11.7826 10.0130
120 648  5.2785 -15.5593 12.3392
144 648  5.3353 -15.4337 14.8303
168 648 10.1684 -12.9772 13.7436
192 648 -10.1601 -9.9867  5.7476
216 648  5.1336 -18.9608  7.1429
240 648  1.3900 -14.1528  8.7583
264 648  1.3904 -14.6934  9.6678
288 648  2.0637 -15.9087  9.6283
312 648 -0.0945 -14.1381  9.4446
336 648 -0.9491 -15.4466 13.7847
360 648 -0.9852 -13.4968 13.7823
384 648  0.2226 -9.3105 13.8509
408 648 -1.0052 -5.4473 12.8555
432 648 -3.1582 -2.4795 19.1905
456 648 -2.1929 -1.4165 17.3795
480 648 -1.0443 -3.4175 20.9098
504 648 -0.2661 -2.9602 16.2266
528 648 -0.0153  1.0214 13.7200
552 648  0.9328  2.9158 12.8767
576 648  1.3208  6.2519 15.2165
600 648  3.7411  8.0309 11.6485
624 648  1.8312 12.4385  7.3175
648 648  1.8257 12.9268  9.0293
672 648  1.8128 11.0570 13.0136
696 648 -0.1446 10.1613 14.4735
720 648 -1.4301  9.0534 13.0041
744 648 -0.3123  5.2308 14.8462
768 648  0.0958  4.7058 11.5755
792 648  5.1489  3.6970 13.7946
816 648  6.2276  3.4825 17.7132
840 648  7.8487  3.3270 16.2889
864 648  8.3102  3.6472 13.1833
888 648  2.2612  2.0674 10.6062
912 648  0.1333  7.3346 12.6844
936 648  1.0301  8.4339 13.0140
960 648  4.3584  9.3901 12.5051
984 648  0.4842  0.0264  6.5803
 24 672 -0.0061  0.0057 12.4468
 48 672  7.9574 -9.7973 17.0543
 72 672  8.3887 -10.9502 14.8188
 96 672  7.1279 -10.2078 12.4827
120 672  6.9700 -11.7339 11.5759
144 672  8.0799 -12.3364  9.8742
168 672 13.2912 -13.8727 16.1209
192 672 12.7682 -14.0790  7.3364
216 672 17.6505 -11.9035 12.1102
240 672 -28.0873 -2.7426  7.8173
264 672  1.6896 -16.2193 10.4977
288 672 -1.3605 -14.1345 18.5459
312 672 -0.5048 -14.1196 14.6499
336 672  0.1458 -13.9113 13.4408
360 672 -0.2838 -10.7612 11.4042
384 672 -0.1571 -9.7219 13.3765
408 672 -2.5956 -2.9898 24.6189
432 672 -2.6602 -2.4575 23.4143
456 672 -1.6494 -2.0019 16.8324
480 672  0.8387 -1.7974 14.5762
504 672  0.2490  0.5457 13.6964
528 672  0.1072  1.1976 13.2610
552 672  2.9778  7.8842 10.5461
576 672  3.1209  8.4359 12.8934
600 672  9.3727  6.8485 11.5847
624 672  9.2136  6.8212  8.7694
648 672  2.8895 12.1478  8.6074
672 672  3.6103 13.2562 15.9177
696 672  2.2789 10.1270 10.5075
720 672  5.7239  5.2345 12.0179
744 672  5.3076  4.0598 11.4786
768 672  5.4248  4.1701 11.8040
792 672  5.8093  1.4807 11.6281
816 672  6.3656  2.8424 19.3785
840 672  7.1051  3.4736 16.4659
864 672  5.6742  4.9027 15.4714
888 672  3.2256  6.7786 15.4213
912 672  0.1327  6.4498 15.4643
936 672  0.2121  7.9337 15.6790
960 672  0.1766  9.1143 11.9647
984 672  6.8634  0.0815  6.6394
 24 696 -0.0180 -0.0674 12.6564
 48 696  7.6600 -9.3319 15.7527
 72 696  7.8612 -10.2745 14.6523
 96 696  6.8581 -10.2418 17.4585
120 696  4.9493 -12.0356 12.8823
144 696  3.3929 -9.9349 13.8373
168 696  3.2284 -9.8296 10.4178
192 696  2.3345  6.5374  8.6620
216 696 11.9687 -10.8352 16.9659
240 696 11.0020 -6.1885  7.1475
264 696 10.6907 26.1792  7.0702
288 696 -2.8787 -14.7833 11.0301
312 696  0.9040 -12.1935 12.5674
336 696  1.9501 -11.9195 12.0269
360 696 -0.0769 -5.7900 12.9357
384 696  0.0007 -4.9792 14.2494
408 696  0.8975 -1.1265 15.0526
432 696  1.1752 -1.1529 15.8323
456 696  1.6328 -2.6869 15.5107
480 696  2.0244 -2.5733 14.3044
504 696  4.2506  1.1093 13.7884
528 696  7.2994  5.9288 13.7870
552 696  9.2455  7.9516 12.3976
576 696 10.4597  8.7325 18.4793
600 696 10.3877  6.6767 13.2954
624 696  4.7566 -1.8482  8.5307
648 696  3.4112  7.8333 12.3915
672 696  3.6207  8.2551 13.7475
696 696  4.0435  8.6722 13.4012
720 696  5.7622  4.8780 13.4602
744 696  6.4050  4.6007 13.2168
768 696  6.2045  3.9505 11.9371
792 696  6.0328  1.0973 12.3014
816 696  5.9611  2.7865 17.0076
840 696  5.6438  4.0732 15.0725
864 696  3.8868  6.3857 22.1345
888 696  3.8098  6.9966 22.0209
912 696  2.8238  8.1176 16.9540
936 696 -2.0404  8.8148 15.1984
960 696 -1.6486  8.5877 11.0940
984 696  6.8845  0.0639  6.9013
 24 720 -0.0089 -0.0199 12.6103
 48 720  3.9639 -9.1265 16.7468
 72 720  3.3420 -8.9153 13.8294
 96 720  2.0439 -11.4155 11.8126
120 720  3.5541 -10.1962 16.3764
144 720  3.0938 -9.8232 22.0373
168 720  3.0961 -10.0050 18.2542
192 720 10.9265 -9.9456  9.0746
216 720 10.8290 -9.3386 15.2245
240 720  1.0000  1.0000  6.3296
264 720  8.6585 -23.2832 12.3930
288 720  9.9480 -22.2320 10.3661
312 720  3.9754 -11.2050 10.5811
336 720  3.7244 -10.0421 17.5364
360 720  1.0131 -4.1515 17.8435
384 720  1.0036 -3.9650 16.6359
408 720  2.1091 -2.3598 14.8082
432 720  2.0029 -2.0274 19.3949
456 720  1.8205 -2.2608 15.4199
480 720 -3.6272 -4.9182 11.7639
504 720 -4.1605 -4.9802 10.6300
528 720  6.0664  6.7887 14.9256
552 720  8.2037  7.2396 13.3993
576 720 10.7423  8.3647 18.8769
600 720 11.1615  4.3383 14.6943
624 720  7.9308  0.0061  9.0812
648 720  3.2926  7.9558 10.6012
672 720  3.1907  8.0589 13.2432
696 720  2.6937  7.5235 12.2161
720 720  2.9042  5.4926 11.1519
744 720  3.0210  4.7781 11.2621
768 720  4.2227  5.9215 10.1393
792 720  6.2862  2.8782 13.5844
816 720  4.6997  4.1693 12.6030
840 720  3.0126  5.5439 15.2928
864 720  3.3897  4.5080 17.0957
888 720  3.4087  4.1439 13.1736
912 720  6.6747  8.1841 10.6498
936 720  7.6821  7.9536 13.1226
960 720  7.9326  7.1821 13.5263
984 720  6.7501 -0.0267  6.7135
 24 744  0.0210  0.0207 12.1161
 48 744  3.0811 -8.1164 10.8709
 72 744  1.2233 -7.0706 14.5556
 96 744  3.9664 -8.2731  9.7035
120 744  6.9515 -8.9112  9.1309
144 744  7.3085 -11.9905 12.4680
168 744  7.2419 -12.1971 16.3932
192 744  5.2763 -12.8424 13.7284
216 744  2.7065 -11.6425 17.2386
240 744  2.8365 -11.8148 13.2440
264 744  9.5001 -22.6234 10.0001
288 744  9.2677 -21.7336 14.8786
312 744  4.0230 -11.6939 11.6571
336 744  3.7360 -10.6721 13.6458
360 744  1.7806 -3.1421 15.5114
384 744  1.8731 -2.9786 18.2207
408 744  2.6610 -0.9186 19.2099
432 744  1.3266 -1.0893 17.5259
456 744  0.9829 -0.8093 17.2514
480 744  0.4700 -4.2364 17.0640
504 744  1.9918 -4.6255 17.3732
528 744  3.7652 -4.1863  8.2820
552 744  6.8656  8.9568 11.5183
576 744  8.3600 10.1627 14.1517
600 744  6.6541  4.8757  9.0896
624 744  8.1027  3.6590 13.2375
648 744  3.8103 14.0142  9.2297
672 744  3.8281 13.9597 11.7162
696 744  3.7822  6.9065 16.1655
720 744  2.6150  5.3692 16.3206
744 744  2.1309  3.4938 12.8147
768 744  5.6164  2.9764  8.7658
792 744  6.4042  2.5531 14.0628
816 744  5.9452  4.1816 11.3564
840 744  4.4748  5.7178 13.0250
864 744  3.1297  7.3772 15.8112
888 744  3.0655  8.1097 13.0813
912 744  8.1344  9.4228 13.6572
936 744  8.0039  8.0744 13.6609
960 744  8.4204  5.7874 13.6362
984 744  6.5947  0.0394  6.4484
 24 768  0.0576 -0.0353 11.6564
 48 768 -0.0754 -2.9692 14.9693
 72 768  4.6596 -9.2099 12.0244
 96 768  6.2275 -10.2301 15.5909
120 768  6.9058 -10.9953 15.5088
144 768  7.0028 -11.5263 11.0821
168 768  7.0488 -11.9108 14.2323
192 768  2.0041 -11.7644 15.4303
216 768  2.0117 -12.1216 19.8222
240 768  2.4473 -12.1735 13.5709
264 768  3.1906 -10.4684 15.4345
288 768 -2.2496 -10.7744  7.0525
312 768  0.0246 -12.1000 13.2275
336 768 -1.8257 -11.5148 18.6570
360 768 -1.6628 -11.2092 17.9180
384 768 -0.4603 -0.2963  8.2688
408 768  2.0739  1.5737 16.4922
432 768  2.1173  1.5569 13.6016
456 768 -0.0119 -4.0247 11.3305
480 768  1.1993 -4.0317 24.4059
504 768  1.6855 -4.1207 20.4347
528 768  4.1651 -3.9574 10.3088
552 768  7.1509  8.8002 17.8061
576 768  8.1606 10.1422 23.8738
600 768  7.0937  3.2612 14.7889
624 768  7.6761  3.6449 17.6664
648 768  4.9588 13.1101 10.0347
672 768  5.2578  9.1680 12.6022
696 768  5.9083  7.3463 15.3868
720 768  2.8640  5.9544 12.6922
744 768  1.7622  9.0290 10.8723
768 768  6.0074  9.0164 12.3228
792 768  5.7141  1.2372 14.7809
816 768  7.7511  6.6911 14.8552
840 768  8.3849  7.5713 13.8588
864 768  5.4475  6.6546 12.2597
888 768  8.8283  6.0187  9.0417
912 768 11.7092  6.7315 10.9888
936 768  6.0374 -3.3142 10.3036
960 768  8.8768  3.1284 18.3297
984 768  6.7116  0.0284  6.6191
 24 792  0.0531 -0.0599 12.0299
 48 792 -0.0667 -6.6694 12.8255
 72 792 -0.5026 -7.7286 10.6056
 96 792  5.9352 -10.7015  9.4245
120 792  2.7894 -10.5337  8.9444
144 792  3.6992 -10.8388 15.9271
168 792  2.4101 -9.1088 14.2687
192 792  0.2652 -12.8063 18.3735
216 792  1.7075 -12.3451 15.1149
240 792  1.9236 -12.1226 11.0872
264 792  4.3114 -9.0625 10.4027
288 792  1.0000  1.0000  7.0405
312 792 -0.1570 -10.3307  8.5246
336 792 -1.9055 -11.3164 15.5681
360 792 -1.7380 -11.2216 15.6036
384 792  1.0000  1.0000  8.4927
408 792  1.4775  2.0737  9.9063
432 792  2.0202  0.7631 12.4087
456 792 -3.9944 -1.1781  8.0880
480 792 -0.8277 -4.9662 11.8546
504 792  1.1816 -3.3077 16.1606
528 792  2.1905 -0.4951 17.2485
552 792  1.8485  0.1811 11.0303
576 792  8.3383  9.2886 15.3863
600 792  6.1085  3.8992 15.6795
624 792  6.1441  3.7541 17.8863
648 792  6.7580 10.3164  9.1132
672 792  6.8542  9.6741 10.1834
696 792  6.7643  6.8516 11.4343
720 792  6.6351  7.9357 12.6141
744 792  3.2211  6.9957 14.8283
768 792  5.9573  9.2417 14.9036
792 792  4.0111  1.3192 11.6336
816 792  7.9754  3.6933 12.8229
840 792  8.8480  7.0649 11.6850
864 792  9.1137  7.0377 14.1929
888 792  9.8440  2.0635 12.4440
912 792 12.0892  6.2777 15.7616
936 792 11.7039  6.9708 15.3179
960 792  7.8918  1.4794 14.0048
984 792  6.8432  0.0012  6.8783
 24 816  0.0395 -0.0405 12.4501
 48 816 -0.0402 -4.5609  8.9960
 72 816  5.2023 -5.6760 12.9833
 96 816  1.8108  2.6628 15.9299
120 816  2.2302  0.1465 10.6635
144 816  3.8288 -10.5652 10.0959
168 816  2.4015 -11.2030 11.5178
192 816  1.7763 -12.5538 15.0863
216 816  1.8135 -12.3857 12.6375
240 816  0.1410 -13.9643 16.3087
264 816  0.8944 -10.0909 14.9850
288 816  0.9665 -9.3301 18.5726
312 816 -9.9812  1.6644  7.7741
336 816 -11.7224 -17.7242 13.2666
360 816 -7.2570 -13.1155  8.8101
384 816 -10.3587 -11.2360  9.1545
408 816  1.0000  1.0000  7.8863
432 816 -3.1251 -0.0058  8.7883
456 816 -4.1657 -1.2481 11.5654
480 816  6.0066  2.6929  9.7938
504 816  4.0177  0.0354 16.6065
528 816  1.9302 -0.3042 20.1232
552 816  1.7087 -0.0567 13.1906
576 816  6.2696  3.8019 16.7036
600 816  5.9019  3.8450 16.3897
624 816  5.3111  4.1552 10.2842
648 816  1.1915 -12.1802 10.8569
672 816 10.5712  9.1776 15.1074
696 816  8.7197  7.7108 13.3214
720 816  7.2662  7.5295 12.4083
744 816  7.2948  4.8415 11.2941
768 816  7.9197  5.7950  9.2351
792 816  7.8357  6.0419  9.2775
816 816  7.8280  4.5002 11.8850
840 816  8.2320  3.3256 13.4986
864 816  8.4917  2.3906 15.9218
888 816  7.9754 -0.0852 15.2899
912 816 12.0641  5.9953 12.1946
936 816 11.0186  7.6147 12.5100
960 816 10.0202  0.4110 17.4699
984 816  6.7325  0.0187  6.4049
 24 840  0.0278 -0.0520 12.2190
 48 840 22.5110 -12.9345  7.7177
 72 840  0.3139 -0.5305 13.2191
 96 840  2.3431  2.2886 16.8583
120 840  2.9173 -6.8115 10.4159
144 840 -1.7891 -9.5583 13.4823
168 840  1.1788 -11.2614 12.2394
192 840  2.7925 -12.2987 12.4111
216 840  2.8443 -12.7259 10.9174
240 840 -0.1774 -14.8323 16.0428
264 840 -0.3027 -14.1425  8.7758
288 840 26.9005 14.9626  6.7597
312 840 -12.3742 -14.9000 12.6811
336 840 -12.2073 -16.8170  8.9879
360 840 -12.7033 -16.9340  8.0642
384 840 -13.8626 -12.0982 11.7686
408 840 -4.1012  3.1797 10.8058
432 840 -1.3606 -2.3698 15.2446
456 840 -3.8996 -1.1486 14.7168
480 840  5.7559  2.8051 13.0553
504 840  4.3108 -0.1011 13.2251
528 840  3.0658 -4.2676 19.4343
552 840  2.7501 -2.4293 12.8538
576 840  6.0854  3.9247 20.4130
600 840  6.7354  4.4404 14.0367
624 840  1.8813 -13.3175  9.2797
648 840 -1.8796 -11.0493 12.9938
672 840  8.0874  9.7804 10.8143
696 840  8.2229  9.2635 12.4594
720 840  8.1307  2.9079 10.0100
744 840  7.7374  4.8021 12.5076
768 840  8.0783  5.5623 15.1285
792 840 11.8990 10.1355 12.3756
816 840 11.8181  9.4165 13.8478
840 840  7.8604  3.6709  8.0296
864 840  7.9646  1.8062 16.9728
888 840  7.3087  0.1332 17.4155
912 840  7.9781  0.3748 15.3429
936 840  9.9064  2.0522 11.2506
960 840 10.4216  0.0863 20.7791
984 840  6.7409  0.0012  6.2376
 24 864  0.0120 -0.0601 11.9659
 48 864  0.7380 -1.3124  9.6181
 72 864  0.5197  0.1816 13.2950
 96 864  4.4255  2.1355 12.4794
120 864  2.8740 -7.1349 17.5226
144 864  0.7845 -11.7652 11.2628
168 864 -2.7195 -10.3220 10.1400
192 864  3.9938 -12.9772 11.0780
216 864  1.3103 -13.8132  8.7041
240 864 -9.8630 -15.7491 11.5804
264 864 -14.1114 -10.6714 10.3181
288 864 -14.4202 -10.0543 16.1138
312 864 -12.2986 -15.5813  8.3681
336 864 -11.1496 -9.8702  8.2540
360 864 -6.2818 -11.7111 11.0706
384 864 -9.0479 12.7414  7.8149
408 864  1.0000  1.0000  8.5031
432 864 -2.0416 -0.9340 16.0128
456 864 -2.1798 -1.4624 14.9624
480 864  0.3605 -2.4166 12.6089
504 864  3.6002 -1.6297 12.9655
528 864  3.4708 -2.4865 15.9735
552 864  3.6463 -0.7335 13.9939
576 864  6.0220  1.0021 13.6573
600 864  8.4265  6.0649 12.1581
624 864  8.1039  6.4124 10.7051
648 864 13.8353  5.3150  9.3121
672 864  9.2446  9.9341  6.6350
696 864  7.1561 10.9293 12.9976
720 864  8.5979  3.1955  9.7341
744 864  7.7130  4.6856 14.0952
768 864  7.8737  4.3969 15.5131
792 864  7.9205  3.3827 13.3754
816 864 11.9230  9.2413 14.3269
840 864  6.0692 -2.2959  7.8703
864 864  7.8867  2.4387 16.8087
888 864  7.5545  1.0188 17.4666
912 864  8.2536  0.9125 17.3054
936 864 10.0019  2.5499 16.2998
960 864  9.9202  0.4759 20.1340
984 864  0.5059 -0.0059  6.4074
 24 888  0.0099 -0.0192 12.1523
 48 888  1.8858 -1.3112 17.2912
 72 888 -0.0680  4.5951 16.1484
 96 888 -1.0850 -12.5988  8.8145
120 888  2.0329 -8.6280 15.2431
144 888 -1.3002 -9.9839 15.4224
168 888 -2.1059 -11.5877 20.7567
192 888 -2.0277 -10.4107 19.4280
216 888 -0.7697 -10.1809 10.7525
240 888 -9.9854 -14.6917  9.3384
264 888 -14.2373 -10.4714  8.1811
288 888 -16.1818 -3.1355  8.9192
312 888 -5.7443 -11.9541 16.0069
336 888 -5.9288 -12.1562 18.0871
360 888 -4.4903 -13.4374 14.7501
384 888 -6.9764 -17.3415 10.3566
408 888  1.0000  1.0000  7.6467
432 888  0.2141 -4.5364 17.0939
456 888  0.7651 -5.4100 20.0381
480 888  0.9624 -5.5912 21.5088
504 888  1.1718 -5.8599 14.6218
528 888  5.9439 -0.6517 13.5214
552 888  6.4143  0.1760 19.4259
576 888  6.9315  0.9710 16.3564
600 888 10.0102  7.1593 10.2949
624 888  8.3217  7.9603 10.9957
648 888  7.2450 12.7370  5.6980
672 888 -18.6143 32.3273  5.5590
696 888 -14.9209  7.7675  6.9684
720 888  7.9198  3.8208 10.3738
744 888  6.0306  7.0057 18.1201
768 888  5.9411  6.9023 12.2719
792 888  7.2155  2.9009 19.8921
816 888  6.1539  2.8711 14.4681
840 888  7.9664 10.4213 10.6361
864 888  8.2259  3.1079 14.1349
888 888  7.7094  2.3407 16.4248
912 888  7.9770  0.8016 17.2942
936 888  8.7754  2.0407 14.1521
960 888  8.1936  1.9182 19.8054
984 888  1.4829 -0.0116  6.3898
 24 912 -0.0030 -0.0031 12.5141
 48 912 -3.0697  2.0436 14.1704
 72 912 -1.9791 -2.2618 15.9483
 96 912 -1.7032 -2.4343 13.3555
120 912 -3.8016 -9.4290 14.7223
144 912 -3.6469 -11.0640 17.4325
168 912 -3.0663 -11.1998 14.8905
192 912 -2.7913 -10.6587 24.5542
216 912 -2.2866 -10.0053 19.7695
240 912 -0.7831 -8.1205 12.1001
264 912  1.0000  1.0000  6.2085
288 912 -8.7201 -6.8960 10.8183
312 912 -4.4691 -11.9778 16.7660
336 912 -5.5386 -12.2222 17.2118
360 912 -2.1164 -7.5323  7.3642
384 912 -6.8934 -8.1719 12.3193
408 912 -2.2437  3.9190 10.4796
432 912 -2.3010 -1.2521 17.7045
456 912  0.6682 -5.3250 15.2806
480 912  0.9748 -5.7242 16.7260
504 912  1.4778 -6.1329 14.8408
528 912  6.1820 -2.9193 11.8712
552 912  7.1370  0.1965 16.7129
576 912  6.5332  2.9979 14.2568
600 912  7.8233  7.6731 12.1062
624 912  7.2339 10.2251 12.6388
648 912  6.8034 10.0702  9.1551
672 912  5.2831 -4.0523  8.4705
696 912  6.5224 -3.0298 12.9455
720 912  6.0783 -4.3117  9.1910
744 912  7.0792  8.0112 14.6925
768 912  7.0775  2.2028 10.3943
792 912  7.5708  2.6603 19.0457
816 912  8.0095  2.2102  9.0953
840 912  8.3917  9.8849 17.5438
864 912  8.9839  9.7372  8.9244
888 912  7.9428  0.9139 12.8811
912 912  7.9249  0.3204 15.4609
936 912  7.5696  0.9523 15.5480
960 912  7.4272  0.8396 16.7054
984 912  6.6679 -0.0020  6.5475
 24 936 -0.0084 -0.0032 12.5703
 48 936 -2.3205 -3.0087 15.5260
 72 936 -2.8680 -3.1735 20.0554
 96 936 -3.5831 -3.2554 19.2145
120 936 -4.3222 -10.7554 10.7669
144 936 -4.2098 -11.5299  9.9544
168 936 -7.0601 -11.9475  9.2721
192 936 -3.0171 -10.3920 18.3420
216 936 -2.1107 -9.9757 14.4855
240 936 10.8661 38.0832  8.5251
264 936  1.0000  1.0000  6.6999
288 936 -13.3280 -7.7844 13.4016
312 936 -12.7687 -7.2992  9.8226
336 936 -6.2444 -7.0491 11.1640
360 936 -5.9626 -8.5665 17.3527
384 936 -5.9425 -8.9314 20.3962
408 936  5.8958 -0.4370  9.5877
432 936  5.7676 -0.1107  8.6106
456 936 -4.0521 -2.5281 10.0795
480 936  2.0692 -7.9698 14.1358
504 936  2.3026 -6.2541 13.6389
528 936  6.1405 -3.8823 13.3076
552 936  7.2061 -1.7681 12.7902
576 936  7.0002  0.3459 10.7190
600 936  9.8049  8.3058 12.5031
624 936  6.9510  9.8152  7.8398
648 936  6.6071  8.2848 10.6698
672 936 -3.1310 -13.1485  7.8915
696 936 -4.3271 -11.0558  9.5786
720 936 -2.8099 -9.8150  7.2742
744 936  8.7696  7.7808 10.5394
768 936  8.3535 -0.3661 10.4761
792 936  8.7822 -0.1812 15.9572
816 936  9.1615  9.7812 14.1043
840 936  8.8789  9.6649 15.4434
864 936  8.5392  5.5436 11.6492
888 936  9.6591  1.1620 15.5275
912 936  9.2332  0.0758 15.4773
936 936  8.1889  0.6420 13.8784
960 936  7.8032  0.9365 15.8536
984 936  6.7220 -0.0088  6.5959
 24 960  0.0022  0.0231 12.4759
 48 960 -3.3098 -6.2564 19.5851
 72 960 -3.2077 -4.3494 19.0826
 96 960 -4.0582 -3.0711 20.4051
120 960 -2.0247 -9.7230 13.3708
144 960 -2.3693 -10.0311 11.8280
168 960 -6.5465 -11.4739 15.2809
192 960  6.6654 23.0408  7.1468
216 960 -13.1959 -13.2427 10.7951
240 960 -12.9836 -13.4289 21.1430
264 960 -12.7444 -11.1133  9.4889
288 960 -15.9859 -7.3944 13.1913
312 960 -12.3984 -6.0297 10.6108
336 960 -6.0410 -7.7840 15.7140
360 960 -5.7573 -8.3342 20.0499
384 960 -6.0688 -9.7847 16.9690
408 960  9.5993 -5.2672 11.4609
432 960  6.7316 -6.1426  7.2967
456 960 -5.1049 -15.7448  7.1427
480 960  0.2317 -9.1155  9.0003
504 960  2.2536 -5.1093 11.1901
528 960  6.0468 -2.8437 13.5865
552 960  7.0623 -1.5023 13.7196
576 960  7.3538  1.1950 13.0835
600 960  7.1330  5.8632 11.5101
624 960  5.2178  2.4023  9.9925
648 960  6.7837  7.2075  9.3331
672 960  9.8319  0.9913  6.8020
696 960 -4.0834 -13.1385 10.5015
720 960 13.2092 -0.8550 15.6697
744 960 12.7613 -1.1555 14.4618
768 960  9.1120 -0.3350 10.6125
792 960  4.9881  3.1539 11.8849
816 960 11.8972 10.3391 13.8925
840 960 11.3193  8.7079 14.2450
864 960  9.5678  6.4131 11.5062
888 960 10.1670  3.0713 12.2122
912 960 10.0427  0.7052 18.3185
936 960  8.9182  1.4974 11.7558
960 960  8.1768  1.2706 12.1579
984 960  6.8856 -0.1471  6.7712
 24 984  0.0292  0.0012 15.3127
 48 984 -0.0698 -0.0072 12.5745
 72 984 -0.0584 -0.0042 12.6740
 96 984  0.0189  0.0135 12.8005
120 984  0.0036 -0.0006 12.1643
144 984 -0.0207 -0.0227 11.7733
168 984  0.0071 -0.0101 11.9992
192 984 -0.0027  0.0058 12.1490
216 984 -0.0135  0.0003 11.9670
240 984 -0.0133 -0.0040 12.1229
264 984 -0.0115 -0.0078 12.3526
288 984 -0.0088 -0.0133 12.2002
312 984 -0.0216  0.0085 12.4418
336 984  0.0049  0.0111 12.6214
360 984  0.0184 -0.0045 12.4084
384 984 -0.0213 -0.0152 12.2936
408 984 -0.0816 -0.0065 12.1289
432 984 -0.0474  0.0047 12.1441
456 984  0.0672  0.0090 12.3682
480 984  0.0404 -0.0061 12.5943
504 984  0.0719 -0.0456 11.9836
528 984  0.0921 -0.0299 11.4899
552 984  0.0315  0.0106 12.4130
576 984 -0.0110  0.0060 12.4745
600 984 -0.0250 -0.0014 12.2402
624 984 -0.0120  0.0047 12.4899
648 984  0.0300 -0.0193 12.1930
672 984  0.0510 -0.0168 11.8747
696 984  0.0057 -0.0001 12.1337
720 984 -0.0805 -0.0136 12.2307
744 984 -0.0107 -0.0167 11.6255
768 984  0.0556 -0.0259 12.4694
792 984  0.0186 -0.0143 12.7565
816 984  0.0063  0.0013 12.4195
840 984  0.0513  0.0074 12.2967
864 984  0.0050  0.0251 12.5099
888 984 -0.0234  0.0186 12.5769
912 984 -0.0267 -0.0141 12.2594
936 984  0.0847 -0.0245 12.5165
960 984  0.0890  0.0005 12.6058
984 984  0.4834  0.0108 10.4600
