 24  24  0.0177 -0.4796 11.5823
 48  24  0.0809 -0.4454  7.2702
 72  24 -0.0129 -0.4947  7.2794
 96  24  0.0936 -4.7144  7.8905
120  24 -0.0934 -4.7565  7.6443
144  24 -0.0940 -4.8746  7.5906
168  24 -0.0340 -4.7799  7.7912
192  24  0.0407 -2.1314  7.7737
216  24 -0.0731 -2.0128  7.5658
240  24 -0.1600 -4.6892  7.7256
264  24 -0.0446 -4.7248  7.8513
288  24 -0.0020 -4.7460  7.8408
312  24 -0.0140 -4.7981  8.1638
336  24  0.0057 -4.6578  7.8290
360  24  0.0077 -2.8730  7.5145
384  24  0.0146 -3.2131  7.5580
408  24  0.0318 -0.4436  7.1678
432  24  0.0036 -4.7435  7.2390
456  24  0.0279 -4.7843  7.9838
480  24 -0.0932 -4.7852  7.9460
504  24 -0.0092 -4.8397  8.0350
528  24  0.0023 -4.7613  7.8646
552  24 -0.0335 -4.8014  8.1276
576  24  0.0335 -4.7876  7.7863
600  24 -0.0176 -4.6886  7.3399
624  24 -0.0734 -4.8130  7.7887
648  24 -0.1182 -4.6968  7.2416
672  24 -0.2307 -4.6809  7.5763
696  24  0.0508 -4.8049  7.8100
720  24  0.0441 -4.8524  7.4484
744  24 -0.0779 -4.8452  8.1463
768  24 -0.0182 -4.8505  8.2458
792  24 -0.0044 -4.8162  7.6816
816  24 -0.0407 -4.7434  7.4367
840  24 -0.0731 -4.8230  7.8530
864  24 -0.1194 -4.7530  7.6907
888  24 -0.1796 -4.6981  7.3336
912  24 -0.0146 -4.8042  7.8198
936  24  0.0459 -4.7285  7.7436
960  24  0.1204 -0.4371  7.4846
984  24  0.3274 -0.4339 10.6648
 24  48 -0.0021 -0.0668 12.5209
 48  48  0.2664 -5.1033 10.0732
 72  48  2.1177 -2.0409 12.3524
 96  48  0.3205 -3.5579 14.6630
120  48 -0.1198 -4.8662 15.3737
144  48 -2.3677 -5.7943 14.8737
168  48 -4.2022 -5.7916 14.5534
192  48 -2.9173 -3.0189 13.6702
216  48 -3.0392 -3.1675 14.2500
240  48 -3.4806 -4.2191 17.7774
264  48 -3.5091 -5.8876 16.6894
288  48 -4.0540 -7.0820 19.1734
312  48 -2.5879 -6.7593 15.4695
336  48 -0.7588 -3.9630 13.9696
360  48  0.9664 -2.2241 16.2980
384  48  0.2507 -2.1636 16.0614
408  48  4.9324  5.0270 12.2598
432  48  2.1606  6.2582 12.8588
456  48  3.0138  7.0862 13.6263
480  48 -0.5967  5.4662 11.9061
504  48 -1.3389  4.9605 15.3946
528  48 -1.4402  4.6921 12.5501
552  48 -3.0205 11.6498 12.6089
576  48 -2.8266  9.5894 14.1109
600  48 -2.9362  9.0095 13.1098
624  48 -3.6230  2.8247 13.7869
648  48 -4.5582  2.6135 16.6187
672  48 -2.5984  2.7412 12.1668
696  48 -3.9503 17.8224  8.0360
720  48 -8.4677 -6.6365 10.7761
744  48 -5.4737 -5.6652  8.0980
768  48 -15.1906 -6.2942  9.5414
792  48 -2.9889 -5.3346 10.8937
816  48  0.7901 -0.1369 13.9838
840  48  3.6069  2.9479 10.5978
864  48 -5.6280 -4.7312 14.4956
888  48  3.1556  1.4653 11.5040
912  48  4.0693  0.4060 20.0885
936  48  3.5360  0.1552 14.6462
960  48  4.8122 -0.0014 12.2549
984  48  1.5389 -0.0014  9.7913
 24  72 -0.0337 -0.1080 11.7747
 48  72 -0.4583 -9.5566 11.7479
 72  72  4.9495 -1.2891 11.1873
 96  72  1.4073 -4.0061 11.3398
120  72  0.3722 -5.4820 17.5188
144  72 -1.5000 -5.3563 15.5285
168  72 -4.3568 -6.7579 14.3064
192  72 -4.9557 -6.4500 13.5958
216  72 -2.7159 -3.0463 10.6718
240  72 -4.0096 -2.6198 14.2933
264  72 -4.2647 -5.8100 14.0013
288  72 -4.8491 -7.0062 16.4751
312  72 -4.0895 -6.6496 12.3341
336  72 -1.7250 -1.2537 13.2970
360  72  1.2885 -1.9349 17.8242
384  72  0.4491 -0.7129 17.6097
408  72  1.9820  3.7529 12.6686
432  72  1.9556  6.7666 11.9604
456  72  1.7059  6.8158 15.1058
480  72  0.2022  7.9551 11.1351
504  72 -0.7249  6.1670 11.7486
528  72 -1.9659  6.3894 12.4658
552  72 -1.9192  8.8967 13.5245
576  72 -1.3218  7.7954 17.2461
600  72 -2.3448  6.9845 12.5652
624  72 -1.7119  3.5929 12.4489
648  72 -1.5798  3.7683 17.3785
672  72 -0.8465  4.0421 11.0146
696  72 -0.0460  2.5040 10.3436
720  72 -6.2001 -3.1104 11.8171
744  72 -6.6384 -3.4233 11.4273
768  72 -7.3594 -3.3999 12.9738
792  72 -2.9087 -5.2933 12.5884
816  72  0.0117  0.0025 11.9213
840  72  2.3490  0.2754 15.0727
864  72  3.7320  3.0007 15.3902
888  72  4.1079  0.9682 14.7676
912  72  4.0731  0.2846 18.3593
936  72  3.4439  0.3221 14.5796
960  72  5.0652  1.5701 12.7932
984  72  1.5991  0.0197 10.4320
 24  96 -0.0689 -0.1023 12.0516
 48  96 -1.9850 -9.6549 12.9904
 72  96 -2.0016 -8.0394 13.1635
 96  96 -1.7205 -6.7529 11.1935
120  96 -0.2100 -5.1521 12.3529
144  96  0.1302 -4.3823 12.5057
168  96 -3.7099 -8.0964 11.9257
192  96 -4.9589 -8.0381 13.8635
216  96 -2.6745 -1.9671 13.3254
240  96 -2.1446 -3.2022 11.7118
264  96 -2.8509 -7.0658 11.0258
288  96 -2.9954 -10.7703 11.2488
312  96 -4.8883 -1.8229  9.8014
336  96 -3.0914 -2.1499 14.1633
360  96 -0.0721 -1.1227 18.3851
384  96  0.1267 -0.7651 17.6535
408  96  1.9660  5.1960 13.3191
432  96  0.2621  5.9127 12.9370
456  96  0.0624  9.0998 12.2608
480  96 -0.4079 10.6250 10.9308
504  96 -0.9303  9.5978 10.5861
528  96 -1.8535  6.7065 13.1580
552  96 -2.2231  6.0270 15.2741
576  96 -2.3203  6.0315 13.0096
600  96 -2.0060  5.0904 13.2394
624  96 -1.9394  1.6992 13.3043
648  96 -2.0003  1.5483 14.3468
672  96 -2.0354  5.1879 14.4149
696  96 -1.9207  6.1094 13.6548
720  96 -1.7064  4.0432 10.9981
744  96 -5.6517 -1.0333 10.6758
768  96 -5.1746 -3.5112 12.0530
792  96 -3.0385 -4.7620 14.0162
816  96 -1.6373 -0.2916 14.3001
840  96  0.2561  1.8577 16.8285
864  96  2.7972  3.2475 14.5358
888  96  3.5639  3.4541 11.1163
912  96 -4.3917  0.2229 14.0235
936  96 -3.9119  0.4555 14.7013
960  96  2.0827 -1.8348 12.6763
984  96  1.5531 -0.0757 10.0400
 24 120 -0.0271 -0.0526 11.9593
 48 120 -2.9234 -8.9048 10.8728
 72 120 -4.2947 -7.4249 12.9002
 96 120 -3.6735 -6.8715 13.7891
120 120 -2.6297 -7.3146 13.8731
144 120  0.7783 -4.9586 10.3533
168 120  3.1530 -3.4429 10.4518
192 120 -4.2710 -9.5652 10.1412
216 120 -0.2370 -2.5729 16.5013
240 120  0.1294 -3.4669 16.7501
264 120  0.0555 -7.2411 15.4603
288 120 -1.7617 -9.2234 15.1518
312 120 -6.8949 -1.6795 11.3077
336 120 -4.9274 -1.1147 13.7316
360 120 -3.6534 -2.2310 13.4595
384 120 -0.0687 -1.7366 14.0837
408 120 -0.1370  4.4247 12.6168
432 120  0.2329  5.6806 13.5436
456 120  0.9944  9.7562 14.0900
480 120  0.6712  8.9297 12.2208
504 120  0.1600  9.1153 12.6928
528 120 -1.6505  8.2447 12.3995
552 120 -2.0381  5.8712 12.9432
576 120 -3.2537  4.4149 13.4659
600 120 -2.1984  4.5143 13.6996
624 120 -2.3859  1.8799 16.0233
648 120 -3.1606  1.2658 14.1027
672 120 -3.3184  3.6901 14.3339
696 120 -0.5869  6.7838 15.3937
720 120  0.1311  6.5285 15.3584
744 120  0.0059  1.2694  9.8383
768 120 -2.2318 -0.0203 13.8144
792 120 -3.7267 -0.7604 11.9708
816 120 -2.3745 -0.4703 12.4864
840 120 -0.3540  1.9179 10.8591
864 120 -13.5034  7.9481  8.9314
888 120 -11.2421  7.7799 10.3853
912 120 -4.2094  0.1594 15.6193
936 120 -3.8515 -0.1317 13.4678
960 120  0.3608 -2.6062 13.6555
984 120  1.5662 -0.0663 10.0451
 24 144  0.0054 -0.1328 11.4741
 48 144 -1.9887 -4.4449 12.3598
 72 144 -4.5210 -7.2265 12.9981
 96 144 -4.5409 -7.7172 14.9075
120 144 -4.3449 -7.2984 15.3970
144 144 -3.5507 -8.5570 12.7106
168 144  3.1284 -2.6431 10.0754
192 144  4.3213 -1.7669 15.6682
216 144  5.9687 -0.8672 18.9223
240 144  0.8528 -4.2274 12.0359
264 144  3.1753 -8.8765 10.4832
288 144  2.2156  0.3060  9.6565
312 144 -4.0789  0.3077 15.1887
336 144 -5.9982 -1.7078 14.7765
360 144 -5.2837 -3.1284 13.8348
384 144 -4.2563 -4.7860 11.7456
408 144  1.2806  5.8267 14.1973
432 144  1.5026  6.2317 14.8600
456 144 -2.0307  8.8141 17.2179
480 144 -0.2042 10.1308 13.9683
504 144  0.3863 10.2699 12.4182
528 144  1.9894  7.1586 13.9327
552 144  3.4176  6.0358 14.9803
576 144 -0.0411  2.9703  8.8465
600 144 -1.4996  2.9278 14.1663
624 144 -2.2889  2.4432 16.3952
648 144 -2.7544  0.0862 13.7617
672 144 -4.0803  2.0526 16.6943
696 144 -0.4767  5.7937 13.5248
720 144 -0.4253  5.7889 13.4030
744 144 -0.0320  3.7075 12.5898
768 144 -3.1737  1.8188 12.1150
792 144 -7.0949  1.3152 11.7065
816 144 -9.2264  2.7000 13.5433
840 144 -9.9590  5.9416 13.0008
864 144 -9.6540  8.0499 10.9224
888 144 -3.3196 -0.0415  9.1875
912 144 -1.1859 -1.1328 15.3128
936 144 -0.1631 -2.2613 11.3445
960 144  0.5723 -3.3524 12.9707
984 144  1.6107 -0.0389 10.1963
 24 168 -0.0143 -0.1095 11.5163
 48 168 -1.6171 -4.5653 13.2896
 72 168 -3.6560 -8.4612 14.3586
 96 168 -5.2107 -8.7685 13.9908
120 168 -5.7697 -7.2122 13.2468
144 168 -4.0072 -8.2085 17.2943
168 168 -3.8818 -7.1844 14.2347
192 168  4.2185 -1.7396 16.5039
216 168  5.9315 -0.9435 18.5882
240 168  6.9095 -3.0194 12.6283
264 168  1.7995 -0.1628 11.8459
288 168 -1.6136  1.8466 12.2857
312 168 -2.9771  0.7226 18.0846
336 168 -5.5843 -0.4108 15.5027
360 168 -7.0265 -4.3916 14.7697
384 168 -5.8810 -5.4675 13.1541
408 168 -4.1390  0.0286 11.2837
432 168 -6.8907  5.6978 12.2584
456 168 -1.8040  8.7721 11.2745
480 168  0.8174  6.0115 10.4375
504 168  4.7444  8.9238 12.2751
528 168  3.1160  7.5230 15.1588
552 168  4.5601  4.5996 15.1671
576 168  2.9484  1.9062 10.2396
600 168  0.9271  1.0604 14.0290
624 168 -0.6407  0.8250 17.7009
648 168 -2.0351 -0.0499 14.6891
672 168 -4.5078  1.2408 18.3883
696 168 -4.8749  0.8478 13.0087
720 168 -0.9863  4.4449 11.6589
744 168 -3.0777  4.3755 12.7062
768 168 -6.4048  2.9285 12.3484
792 168 -9.0943 -0.5372 10.1708
816 168 -9.0800  3.9079 11.0985
840 168 -10.6861  5.6485 13.0709
864 168 -9.1793  6.2030 10.7943
888 168 -3.9284  0.2682  9.2898
912 168 -2.2408 -2.7489 15.8915
936 168 -1.7299 -3.6420 16.2628
960 168 -0.1127 -4.0244 14.2548
984 168  1.6395 -0.0808 10.0732
 24 192 -0.0034 -0.0929 12.5592
 48 192  0.0205 -3.3684 12.4897
 72 192  0.1224 -4.8353 11.6723
 96 192 -2.6150 -8.6075 12.9270
120 192 -6.1194 -6.4453 10.1888
144 192 -3.2333 -8.7444 12.0792
168 192 -1.1911 -9.2711 11.9950
192 192  2.0341 -0.4628 12.1434
216 192  2.9692 -1.1379 17.7000
240 192  3.9043  0.1969 16.7689
264 192  3.9315  2.6319 14.0866
288 192 -0.8201  0.3695 15.6462
312 192  0.0744 -0.0957 15.5729
336 192  1.9012 -0.4610 11.2713
360 192 -7.9020 -4.1112 13.8383
384 192 -6.8754 -4.1320 12.6019
408 192 -6.9093  4.2122 11.2173
432 192 -6.7298  4.2886 12.6536
456 192 -7.1002  5.1968 10.2681
480 192  0.3766  2.9613 16.0732
504 192  2.6464  4.9600 11.6445
528 192  6.7283  1.7750 10.0415
552 192  6.4272  1.3912 14.1695
576 192  5.7989  1.5556 11.8620
600 192  3.0734  1.8921 14.6209
624 192  0.9026  1.8382 18.0227
648 192 -0.3368 -0.2283 11.2442
672 192 -2.2065 -0.5339 21.1289
696 192 -1.4220 -0.1931 15.8703
720 192 -5.9770 -1.8515  9.5222
744 192 -6.4054  1.7219 10.1654
768 192 -7.2708  0.2955 11.6480
792 192 -9.5970 -3.9156 10.3700
816 192 -12.9819 -2.7870 10.3159
840 192 -12.6386  3.2925  8.9487
864 192 -13.9456 -0.2114 12.4734
888 192 -11.3972 -2.0257 10.3825
912 192 -5.9663 -3.6917 10.4296
936 192 -4.1627 -4.2976 10.9245
960 192 -0.3079 -5.1508 13.2363
984 192  1.5913 -0.0699 10.0574
 24 216  0.0176 -0.1020 12.2656
 48 216  0.0281 -4.3323 12.4854
 72 216  0.2846 -4.2784 13.8697
 96 216 -1.1052 -0.3278 14.0475
120 216 -4.1887 -7.5038  9.2735
144 216 -4.2250 -10.2834 19.1618
168 216 -2.3003 -11.7343 14.5148
192 216 -1.6141 -12.2299 13.5102
216 216  2.9011 -1.0924 16.1682
240 216  2.7845  0.7789 12.7653
264 216  4.1267  3.0272 17.1197
288 216 -0.8675 -3.0062 12.8888
312 216  1.9410 -0.8451 14.3661
336 216  2.2369 -0.5024 17.0187
360 216  1.1807 -2.9180 14.6398
384 216  2.2271 -2.9823 14.8890
408 216  2.4011 -1.9383 13.5265
432 216  3.3661  3.2040 13.9883
456 216  2.6902  0.4533 18.8312
480 216  1.6421  0.4785 13.8166
504 216  0.2200  1.7793 12.9384
528 216  6.1000  0.7093 10.7432
552 216  6.6387 -0.0427 15.5931
576 216  5.1712  0.5729 14.6421
600 216  3.8368  1.9016 17.2194
624 216  2.9276 -0.7707 16.6879
648 216  2.9158 -0.9827 14.8240
672 216 -1.7938 -0.9640 15.0514
696 216 -1.1132 -0.1522 18.5940
720 216 -2.2310 -0.7234 14.0219
744 216 -6.0546 -0.8990 12.9351
768 216 -5.3312 -4.3700 13.8438
792 216 -6.5691 -5.1849 13.1987
816 216 -13.0802 -3.0439 14.7928
840 216 -13.8258 -1.2376 11.3970
864 216 -14.0087 -0.9368 15.0212
888 216 -11.3306 -1.6728 13.5885
912 216 -6.7657 -3.9933  9.8559
936 216 -5.9097 -6.9687 12.1083
960 216 -2.0143 -6.1470 11.8627
984 216  0.4712 -0.1032 10.2883
 24 240 -0.0049 -0.0930 12.4545
 48 240 -0.6670 -5.1339 12.5622
 72 240 -1.9348 -2.8582 12.7114
 96 240 -1.9046  0.5825 18.3866
120 240 -1.7435  0.7826 11.7233
144 240  1.2394 -8.5878  8.5737
168 240  0.0707 -10.7137 12.3073
192 240 -0.0373 -10.6188 11.4621
216 240  3.3356  1.3528 12.1431
240 240  0.0693  0.6555 13.5813
264 240 -0.0850  1.1792 11.2732
288 240 -3.1605 -3.6153 12.1427
312 240 -1.3233 -2.5756 13.7230
336 240  0.1839 -1.2624 21.5812
360 240  0.4987 -1.8775 20.4566
384 240  0.1423 -2.3463 15.2442
408 240 -2.5707 -1.2939 13.2922
432 240  0.8921  1.1262 13.1091
456 240  1.8194  0.4713 16.8784
480 240  1.1595  0.4921 15.6685
504 240 -0.1914 -2.8477 10.7094
528 240  0.3087 -3.4835 10.8847
552 240  3.7439  0.1949 12.2918
576 240  3.7354  0.7529 16.9180
600 240  3.6623  1.7403 14.3495
624 240  3.1439 -0.8704 13.4242
648 240  1.9746 -0.9668 12.0337
672 240 -0.2754  0.0700 12.4535
696 240 -3.8002 -0.9511 14.4604
720 240 -5.4156 -1.1952 14.1842
744 240 -5.8685 -4.5748 11.2850
768 240 -5.2619 -6.0208 13.4369
792 240 -5.2665 -6.1799 12.7844
816 240 -11.6270 -4.7571  9.9143
840 240 -12.2148 -5.9625 14.7860
864 240 -12.7731 -5.9800 12.0140
888 240 -8.9266 -0.5707 11.5987
912 240 -4.9031 -2.7592  8.8478
936 240 -5.9554 -7.6842 14.5479
960 240 -4.9717 -7.3054 12.5895
984 240  0.3690 -0.0624  9.7922
 24 264 -0.0121 -0.0599 12.3579
 48 264 -1.7687 -6.8065 12.5092
 72 264 -2.4148 -0.7327 13.7966
 96 264 -1.7721  0.0145 13.9448
120 264 -1.0371 -0.7209  9.8700
144 264  2.2313 -8.7217 15.9595
168 264  2.2978 -9.0007 17.0268
192 264  2.4654 -8.7028 12.5026
216 264  4.5427  3.7188 16.7659
240 264  3.6678  4.1849 15.9509
264 264  4.3080  2.7629 13.5102
288 264  5.4803  0.0572 10.5174
312 264 -0.4864 -2.0094 10.9407
336 264  0.0646 -1.9574 18.5068
360 264  0.5757 -1.5837 18.4152
384 264 -0.9449 -2.8686 15.8520
408 264 -2.4339 -1.1366 16.3400
432 264 -0.3075 -0.0613 17.6281
456 264 -0.2398  0.6355 17.1199
480 264 -0.7532  3.0313 15.4705
504 264  0.2603 -5.2868 10.9941
528 264  0.6312 -4.9528 17.0983
552 264  0.6263 -0.9280 14.8912
576 264  1.4387  0.1488 15.5524
600 264  3.3501  0.3588 13.7632
624 264  3.6236 -1.3964 11.8706
648 264  1.7635 -1.1571 10.7217
672 264 -3.7088  2.1679 10.6299
696 264 -6.4340 -1.6150 14.6764
720 264 -6.0813 -2.3799 10.5944
744 264 -4.1598 -11.4567 14.9480
768 264 -5.7579 -11.9180 12.8719
792 264 -4.8174 -6.1955 10.8527
816 264 -4.8584 -5.0362 13.3459
840 264 -5.4965  0.2398  8.5718
864 264 -5.0522  0.9747  6.5140
888 264 -8.0716  1.1138  9.3972
912 264 -4.9098 -1.7254 10.6938
936 264 -8.2328 -6.0901 12.8467
960 264 -5.2344 -5.7129 12.0449
984 264  0.3464 -0.0252  9.3111
 24 288  0.0008 -0.1150 12.0049
 48 288 -2.0270 -6.1754 14.4312
 72 288 -3.2698 -3.7854 10.1825
 96 288 -0.0868 -1.7066 10.3157
120 288  2.9006 -4.2737 11.3957
144 288  3.2197 -5.2518 12.1644
168 288  4.1861 -5.8824 14.4226
192 288  1.7839 -3.0140 12.9115
216 288  5.2359  1.8096 11.5710
240 288  6.2262  4.1049 14.4131
264 288  5.8307  3.4920 13.1687
288 288  7.3039 -0.1453 12.2487
312 288  8.0820 -1.9528 13.0940
336 288  5.2136 -2.2213 11.5578
360 288  0.3092 -3.9689 10.9688
384 288  0.6629 -1.3482 12.9748
408 288  0.3744 -0.9967 18.9838
432 288 -1.0724 -0.2171 17.9610
456 288 -2.1513  0.7231 16.1505
480 288 -1.9899  3.2962 14.0441
504 288 -2.0093  3.2067 14.0654
528 288  2.5341 -3.2965 15.8226
552 288  3.5939 -4.1912 17.5304
576 288  0.8480  0.1754 16.3831
600 288  0.9254  0.7552 15.8997
624 288  0.2061  0.0907 13.8681
648 288 -1.1481 -0.4114 13.1803
672 288 -5.1682 -0.0900 10.7449
696 288 -6.3236 -3.0637 13.8252
720 288 -5.8167 -4.3971  8.8644
744 288 -3.2572 -11.5155 10.0941
768 288 -5.8818 -13.6240  8.1179
792 288 -5.7790 -11.3007 12.7643
816 288 -3.8590 -6.0967 12.3789
840 288 -4.9132  1.6537 14.3324
864 288 -3.7039  3.1298 13.6115
888 288 -3.2779  5.1857 13.5847
912 288 -2.3977 -2.0243 11.6796
936 288 -1.9334 -3.2238 14.3198
960 288 -1.0125 -4.0620 11.1258
984 288  1.5694 -0.0027 10.0573
 24 312  0.0063 -0.1284 12.0791
 48 312 -5.2780 -9.0939 16.9451
 72 312 -2.2167 -6.6810 14.2520
 96 312 -1.0337 -6.4663 16.3776
120 312  0.3551 -5.9002 18.9448
144 312  1.6593 -5.2539 17.3432
168 312  2.4877 -4.1862 19.2709
192 312  3.3791 -2.8802 13.5217
216 312  2.8694 -2.6615 11.0942
240 312  7.9695  1.3271 11.8394
264 312 10.1548  0.0234 11.5537
288 312 11.0814 -1.8120 11.7155
312 312 10.8424 -1.8192  6.4946
336 312 -12.8167 -5.5025  8.7786
360 312  4.3756 -5.4956 14.5368
384 312  3.7802 -1.6676 13.3507
408 312  0.3177 -1.0279 14.1091
432 312 -0.7912  0.0759 14.9842
456 312 -1.7580  0.2529 16.9757
480 312 -2.0866  1.6105 16.2057
504 312 -1.0129 -0.7806 14.4747
528 312  1.0160 -4.5750 13.8917
552 312  1.0881 -2.3658 13.0434
576 312 -0.8601  0.5508 17.1438
600 312 -0.5378  0.4454 19.5649
624 312 -0.1373  0.9470 16.0357
648 312 -1.9595 -1.6689 15.1293
672 312 -3.9290 -9.1294  9.6817
696 312 -3.2519 -9.6680 13.8036
720 312 -3.6532 -9.9131 13.7650
744 312 -2.3763 -11.8991 10.5211
768 312 -4.1509 -15.8695 12.2539
792 312 -6.1569 -12.2140 15.1287
816 312 -7.7917  0.7738  9.4822
840 312 -6.1799  0.7857 12.6350
864 312 -3.8989  2.9496 14.0866
888 312 -2.0388  2.9029 12.3756
912 312  1.6553  0.9617 13.5001
936 312  1.2944 -3.2148 12.6316
960 312  6.0084 -0.5788 11.3939
984 312  1.6551  0.0065 10.4072
 24 336 -0.0243 -0.0354 12.8379
 48 336 -5.2733 -7.5314 12.8685
 72 336 -1.9385 -5.5950 12.7112
 96 336 -1.6827 -5.5699 16.8168
120 336  0.2777 -5.4328 16.2023
144 336  1.8187 -5.1693 14.6415
168 336  3.1778 -3.1697 13.1806
192 336  4.6538 -2.2750 13.4281
216 336  5.8246 -1.4140 11.1417
240 336  8.7250 -0.5713 12.3906
264 336  8.6618 -1.5837 12.6683
288 336 10.5364 -1.7070 15.4420
312 336 -5.1178 -21.2713 12.4414
336 336 -7.9607 -18.0613 19.2057
360 336 22.7267 11.1935 11.0358
384 336  3.5797 -1.9274 10.2066
408 336  0.4135 -1.4241 10.8027
432 336 -1.6138 -1.3268 12.2682
456 336 -1.9244  0.5235 17.3382
480 336 -1.5989  0.3451 14.5148
504 336  0.0456 -3.2355 16.1574
528 336 -0.2007 -5.7611 15.8663
552 336 -0.3453  0.1214 12.7878
576 336 -1.0893  0.0734 16.0730
600 336 -1.0377 -0.0154 18.0782
624 336 -1.6682 -1.0143 15.7933
648 336 -1.7844 -2.2432 12.2134
672 336 -3.6198 -9.7065 15.0100
696 336 -3.3530 -10.3177 18.3874
720 336  0.1889 -6.9106  8.0107
744 336  3.9497 -6.2283  8.0213
768 336 -7.7686 -14.3833  6.2137
792 336 -5.9437 -11.7293 11.1286
816 336 -7.9794  0.6543 11.5780
840 336 -6.1527  0.2351 14.9895
864 336 -4.9898 -1.2661 13.2420
888 336  4.3415  0.1139 13.9046
912 336  4.2149  0.1727 12.6914
936 336  7.3800 -0.0907 13.9436
960 336  7.1111  0.4185 15.4796
984 336  1.6688  0.0429 10.1941
 24 360 -0.0217 -0.0081 12.3679
 48 360 -4.9861 -5.9940 12.8676
 72 360 -1.6535 -4.2017 13.1522
 96 360 -1.3629 -3.2021 16.7787
120 360  1.8094 -4.4445 13.7295
144 360  3.7631 -4.3403 15.1096
168 360  2.2599 -1.3351 12.4435
192 360  3.6574 -3.1314 11.7989
216 360  2.0218 -1.4075 13.1410
240 360  5.9697 -1.5103 13.7178
264 360  5.3201 -1.3393 14.2246
288 360  6.1329 -0.4266 13.2918
312 360  6.5659 -0.5650 10.6245
336 360  5.0997 -1.8573 10.3246
360 360 23.4434 10.1919 10.0380
384 360  3.9353 -0.2453  9.9722
408 360  2.9685  0.2593 11.1537
432 360  2.1341 -0.0950 11.9431
456 360 -3.1198  0.1650 15.3386
480 360  1.8007 -4.6366 16.8131
504 360  1.8363 -4.4040 19.3024
528 360  0.0019  0.0251 14.4395
552 360 -0.3568  0.2412 14.4903
576 360 -0.8697  0.0934 20.2495
600 360 -2.0230 -0.4046 17.0349
624 360 -4.7069 -2.0510 15.0029
648 360 -2.9566 -6.2372 14.3502
672 360 -2.9968 -8.5475 11.9187
696 360 -2.9516 -10.8549 15.3677
720 360  3.5767 -7.3909  8.3839
744 360 -5.8878 -0.0661 11.2543
768 360 -9.9028 -0.5905 13.2928
792 360 -11.8605 -2.8703 11.4693
816 360 -11.9421 -2.6452 12.0341
840 360 -5.4456 -1.3977 15.3279
864 360 -4.7649 -2.2618 13.0183
888 360  4.9648 -1.2780 11.5287
912 360  4.4876  0.0779 15.0008
936 360  6.0876  0.0013 12.7760
960 360  5.7277  2.0076 13.7333
984 360  1.6468  0.0712  9.9609
 24 384  0.0153 -0.0218 10.3149
 48 384 -5.2724 -6.6049 12.5794
 72 384 -4.1093 -3.1874  9.3637
 96 384 -1.6958 -2.0397 14.3235
120 384  0.3984 -2.9314  9.8685
144 384  1.0332 -1.8825 10.9373
168 384  0.6844  0.0973 13.2541
192 384  1.3299 -0.8776 15.4005
216 384  1.3353 -1.5755 17.1026
240 384  2.2661 -1.9449 10.0362
264 384  6.1376 -0.1941 16.3109
288 384  4.3978 -0.8784 15.4767
312 384  5.0523 -0.9246 15.2903
336 384  4.6627 -1.8323 15.0072
360 384  4.2613 -0.7339 12.2410
384 384  3.9359  5.5657 11.3701
408 384  4.1319  0.8966 12.5191
432 384  4.8951  2.3352 14.6971
456 384  8.9835 -0.2278 19.6424
480 384  2.1213 -4.6679 13.3550
504 384  1.1759 -1.6865 17.9533
528 384  0.9611 -1.0795 19.6834
552 384  0.9835 -0.7313 12.9926
576 384 -0.1808 -0.3278 16.2988
600 384 -2.3024 -0.6378 13.0462
624 384 -4.3895 -4.4305 12.9679
648 384 -4.6677 -6.7713 12.1530
672 384 -2.8628 -9.1778  9.9084
696 384 -2.1419 -10.7931 11.9771
720 384 39.9825 -2.1708  6.5003
744 384 -8.1555  0.2453 12.1828
768 384 -10.7980  0.2284 13.5539
792 384 -9.9075 -3.7039 10.9645
816 384 -8.5716 -5.0754 14.4926
840 384 -5.7922 -4.0954 17.4850
864 384 -4.8098 -5.0188 12.4879
888 384 -4.6891 -13.2704 13.2260
912 384  0.8608  0.9285 12.3648
936 384  0.1635  3.6358 12.2176
960 384  1.4160  3.2039 14.8620
984 384  1.5658  0.1069  9.0534
 24 408 -0.0371  0.0328 12.1271
 48 408 -5.0950 -0.2262 10.8060
 72 408 -6.0901 -1.2805 13.0942
 96 408 -2.7132 -1.9678 15.6488
120 408 -2.7360  0.8362  8.6733
144 408 -3.0608  4.0766  9.7175
168 408 -2.8194  3.3909 14.0965
192 408 -2.9662  2.5191 12.0650
216 408 -0.1391 -3.3069 12.1746
240 408  0.6804 -5.8020 12.8641
264 408  7.1568  0.0466 14.6401
288 408  5.2095 -0.1882 12.2842
312 408  3.8262 -1.0586 12.5656
336 408  1.4240 -0.9412 14.4527
360 408  3.3539  1.8628 10.9756
384 408  2.9567  5.6378 16.9529
408 408  3.2881 -0.2540 15.6120
432 408  6.1210 -0.1534 16.0912
456 408  8.3239  0.0881 15.4020
480 408  3.2404 -0.7166 13.0399
504 408  1.3572 -1.0911 14.7653
528 408  1.2258 -0.9960 16.1699
552 408  0.1863 -0.4219 13.8537
576 408 -0.2905 -0.1775 12.5755
600 408 -1.2502  0.2697 18.5355
624 408 -6.2674 -4.9556 10.2429
648 408 -9.1936 -5.7903 12.8280
672 408 -10.9193 -5.4649 12.6025
696 408 -11.6301 -5.7095 16.3895
720 408 -10.7172 -3.3514 13.2195
744 408 -7.8855  2.7818 12.4970
768 408 -9.0587  2.1029 11.1708
792 408 -8.1862 -4.8670 11.2671
816 408 -7.0982 -4.9386 12.1387
840 408 -6.0057 -4.8778 12.7945
864 408 -2.3029 -4.9041 13.0934
888 408 -1.2904 -0.6365 10.2176
912 408 -1.9985  3.1775 16.0230
936 408 -0.1143  6.7501 13.4290
960 408  0.4857  4.8268 15.6793
984 408  0.4756  0.1999  9.7607
 24 432 -0.0560  0.0173 13.0936
 48 432 -4.7571 -0.5365 16.8270
 72 432 -4.0481 -1.2708 17.9694
 96 432 -4.3633  2.7536 11.3813
120 432 -6.7963  7.6126  9.7750
144 432 -6.1139  8.0780 11.6712
168 432 -3.9679  3.9212 15.5533
192 432 -3.5409  2.4770 15.1749
216 432  0.3753 -2.1459 16.2274
240 432  2.0560 -2.0590 14.5078
264 432  4.4426  0.0461 17.5750
288 432  5.8627  1.2252 14.9729
312 432  6.2809  1.2081 13.9299
336 432  5.6382  3.3090 15.4100
360 432  0.4578 -1.4732 12.8453
384 432  1.2096  3.8498 16.8287
408 432  3.7367 -1.9315 16.5587
432 432  4.2572 -2.2141 17.1327
456 432  2.7430 -2.5299 16.4240
480 432  5.1030 -1.0924 15.6358
504 432  0.0199 -0.3501 16.4995
528 432 -1.2014 -0.0103 12.9626
552 432 -3.1174  0.8636 16.7597
576 432 -3.0473  0.9659 19.9843
600 432 -3.8875  0.3457 14.4451
624 432 -6.4122 -2.5099 13.3803
648 432 -9.4518 -4.8242 16.7186
672 432 -11.1276 -4.7946 14.7615
696 432 -12.0203 -4.9398 14.5956
720 432 -10.0205 -1.9866 14.2221
744 432 -8.7855  0.1232 13.2131
768 432 -7.6492  0.4686  9.8672
792 432  4.5120 -3.4602 15.0685
816 432  4.4194 -3.4399 14.8364
840 432 -5.2012 -5.3560 16.1932
864 432 -3.8601 -4.9976 17.9912
888 432 -2.0229  0.4461 12.1977
912 432 -2.0517  1.5632 12.7327
936 432  2.5030  7.1046 12.8999
960 432  3.0653  5.1180 13.4392
984 432  1.6217  0.2184 10.6728
 24 456 -0.0480 -0.0463 12.5385
 48 456 -4.9150 -0.4713 19.4088
 72 456 -4.8165 -0.2862 20.4626
 96 456 -5.6869  4.9169 19.9152
120 456 -5.9354  5.3661 12.0628
144 456 -4.1671  5.9752  9.0540
168 456 -4.6290  3.7768 15.0673
192 456  2.0364  0.1867 16.9976
216 456  0.8828  0.0260 18.7311
240 456  2.5332 -0.2769 18.9053
264 456  3.2935 -0.0052 18.9359
288 456  4.8996  0.5167 17.5696
312 456  6.8722  1.5681 17.4784
336 456  5.1209  1.8603 16.7202
360 456  2.7893 -0.3698 17.8352
384 456  3.6671 -0.1016 21.2695
408 456  3.6073 -0.6514 15.5771
432 456  2.7259 -3.1309 14.3899
456 456  2.1370 -3.2956 15.6413
480 456  3.9154 -1.9683 12.3083
504 456 -0.4423 -0.2272 18.1398
528 456 -1.6961 -0.0678 12.6675
552 456 -3.3009  1.0809 16.0944
576 456 -3.2820  0.4002 13.6202
600 456 -4.1544 -0.3835 11.1580
624 456 -6.0045 -2.1998 15.7427
648 456 -7.5720 -3.4298 17.0084
672 456 -9.9213 -3.3369  9.4425
696 456 -14.2793 -1.6853 17.3915
720 456 -13.3135 -0.9363 13.2745
744 456 -2.0599 -1.3318 13.4621
768 456 -0.1043 -1.5564 14.7278
792 456  2.2557 -2.6332 16.2449
816 456  4.1900 -3.1514 16.7339
840 456 -2.7010 -2.8100 14.3021
864 456 -3.8512 -4.7050 16.1059
888 456 -1.6277  0.4350 13.8689
912 456 -1.1277  1.8135 12.9186
936 456  3.9589  6.2019 13.7622
960 456  4.1295  5.0101 16.1053
984 456  1.6264  0.0865  9.9463
 24 480 -0.0560 -0.0848 12.6248
 48 480 -4.6133 -0.9368 15.9666
 72 480 -4.7221 -0.7118 13.9928
 96 480  0.7257  3.8986 17.1914
120 480  3.7307  6.2120 14.9801
144 480  4.2080  6.2467 15.3784
168 480  2.1276  3.1218 12.2950
192 480  2.0461  2.0127 15.4702
216 480  1.9817  1.8757 15.8152
240 480  2.8052  0.2846 18.6221
264 480  3.5498  0.4177 17.0472
288 480  6.5389  0.2039 14.7973
312 480  4.2011  2.5194 20.5786
336 480  3.9345  2.4778 23.8656
360 480  3.9942  2.0376 20.8425
384 480  3.5635  0.1371 15.4809
408 480  2.8199 -0.7073 17.4521
432 480  0.3094 -3.9330 16.8205
456 480  0.2379 -3.8910 18.4766
480 480 -1.0072 -0.2060 20.1909
504 480 -1.6163  1.0049 18.4733
528 480 -1.8246  0.8163 16.3799
552 480 -2.4997  0.7828 15.6111
576 480 -3.9380  0.2486 15.6230
600 480 -4.0314 -0.7231 12.7688
624 480 -8.0294 -3.7235 13.1361
648 480 -7.6309 -3.9210 13.2770
672 480 -9.7767 -3.3635 10.0115
696 480 -11.9958 -1.9274 13.3964
720 480 -10.1669 -0.8405 13.0618
744 480 -5.1361  0.0117 15.3734
768 480 -3.7314  0.1329 15.4877
792 480 -0.2269 -1.0162 13.4223
816 480 -4.1933  0.8893 19.6085
840 480 -0.4287  1.1104 16.4495
864 480  0.1079  0.4250 18.7223
888 480  1.5576  0.2782 17.7428
912 480  3.2059  1.8680 15.9562
936 480  4.8400  4.8502 15.8998
960 480  4.7633  4.9215 16.2673
984 480  1.5473  0.0250  9.4576
 24 504 -0.0260 -0.0526 12.3725
 48 504 -3.8113 -1.2786 14.8376
 72 504  0.8824  2.5744 15.1391
 96 504  1.5749  3.2033 21.2154
120 504  3.7477  4.2497 13.1134
144 504  4.9996  4.5985 14.9296
168 504  4.6682  3.7943 12.9704
192 504 10.3920  5.6564 12.4409
216 504 10.2621  5.6312 13.0435
240 504 10.2294  3.0798 12.0190
264 504  7.1457  0.7783 13.4869
288 504  5.2958  2.8244 17.6764
312 504  3.6252  2.4318 20.6495
336 504  3.8862  2.6953 17.0888
360 504  4.0625  2.5985 15.9672
384 504  2.6357  0.9644 14.3061
408 504  2.4387  0.0798 16.3961
432 504  1.7061 -1.2727 16.3336
456 504  0.3344 -2.4124 17.3635
480 504 -0.9823 -0.0504 16.7788
504 504 -1.1888  0.4830 17.2233
528 504 -1.8219  1.9011 15.5592
552 504 -1.9904  2.0007 12.8675
576 504 -5.1697  0.6427 13.7265
600 504 -5.8115 -2.2679  8.2335
624 504 -8.2599 -7.7089 12.6203
648 504 -9.1267 -6.9517 14.9645
672 504 -7.0608 -3.9084 11.5760
696 504 -10.2719 -4.6995 11.6280
720 504 -9.1761 -2.9509 13.2875
744 504 -6.8635 -0.2311 16.5037
768 504 -5.4106  0.9421 18.1566
792 504 -4.0700  2.6519 17.5952
816 504 -4.1904  1.3919 19.0938
840 504 -3.6757  0.9708 16.5013
864 504 -1.9788  0.2753 15.1528
888 504  0.6713  0.3179 17.1858
912 504  2.6486  2.2875 15.3675
936 504  2.1137  4.4760 13.5586
960 504  3.0373  5.9124 14.9922
984 504  1.5646  0.0262 10.0558
 24 528  0.0023 -0.0205 11.7062
 48 528 -3.8619 -1.3220 13.5827
 72 528 -2.3338  1.7855 18.1014
 96 528  0.8273  2.3003 14.8605
120 528  2.7680  2.9987 16.6724
144 528  4.5675  2.8857 18.4187
168 528  4.9862  3.0206 17.0343
192 528  9.7912  5.7934  9.3072
216 528 11.8572  5.5501 11.8323
240 528 11.1998  2.9138 14.0434
264 528  7.6106  3.9050  9.8039
288 528  5.1747  3.1576 15.4097
312 528  0.1895  1.4007  9.6406
336 528 -2.8122 -5.5649  9.8501
360 528  2.2369  2.6762 11.4254
384 528  0.2449  3.6301 12.6267
408 528  0.9392  0.8978 18.1141
432 528  0.7602  0.0528 16.5196
456 528  0.0707 -0.6273 16.7724
480 528 -1.6504 -0.4062 18.6617
504 528 -0.1664  2.7693 18.3883
528 528 -0.3908  4.3020 14.8616
552 528 -3.8876  4.8640 11.6753
576 528 -4.8447  0.8711 13.2557
600 528 -4.0090 -3.2100  8.1342
624 528 -7.1502 -8.1703 13.8287
648 528 -6.1081 -7.6741 10.4757
672 528 -5.5370 -4.0662 13.0339
696 528 -6.4705 -4.6663  9.6147
720 528 -7.8397 -2.2953 10.2100
744 528 -5.9530 -0.0679 11.3698
768 528 -4.4274  2.2035 13.1955
792 528 -2.1747  5.1670 12.7132
816 528 -3.8442  1.5539 13.1163
840 528 -2.3529  0.7375 13.4941
864 528 10.3603  7.4960 11.7608
888 528  1.9981  3.9923  9.4527
912 528  0.3138  4.5960 16.7802
936 528  0.9641  4.7513 12.4818
960 528  3.1042  5.9107 11.6041
984 528  1.5972  0.0237 10.1400
 24 552  0.0005  0.0043 11.7009
 48 552 -4.0970 -0.9454 11.4599
 72 552 -2.0933  2.1359 17.7874
 96 552 -0.8491  3.0640 13.6188
120 552  2.0333  2.8814 14.8924
144 552  3.7444  0.0080 18.5575
168 552  3.8529  0.8344 12.6321
192 552  4.5316  4.9716 14.9228
216 552  9.3865  6.4331 11.6741
240 552  9.9147  5.4475  9.2590
264 552  7.6693  4.0082 10.4178
288 552  5.8225  6.8685 15.5368
312 552  1.9853  5.8729 11.2367
336 552  0.6732  3.1644  9.0893
360 552  1.1713  0.8943 14.5312
384 552  1.0366  2.1389 16.4993
408 552  0.0056  2.1290 16.0788
432 552 -0.9818  0.5599 15.4642
456 552  0.3391 -0.9514 14.8386
480 552  0.1215  0.5100 16.3699
504 552 -0.4944  0.7247 17.3698
528 552 -0.2523  6.2692 12.4972
552 552  2.0606  7.9533 11.0403
576 552 -3.1526 -0.0126 11.5941
600 552 -3.9826 -2.9502 11.8184
624 552 -4.9410 -6.8075 11.1813
648 552 -2.0657 -4.5391 12.6643
672 552 -2.7230 -3.4498 14.3689
696 552 -5.8859 -5.0397 12.0185
720 552 -7.3189 -3.8310 14.7989
744 552 -6.3061 -2.3373 10.8630
768 552 -1.0000  6.9293 13.3972
792 552  1.1398  6.8166 12.4887
816 552  4.9808  4.9203 13.9281
840 552  6.1552  4.8297 14.5661
864 552  9.8090  7.3874 10.8306
888 552  4.0072 10.4300  7.9239
912 552  4.0779  7.7920  9.7425
936 552  4.6042  7.1339  6.9628
960 552 -1.8828 16.0951 12.8201
984 552  0.4081  0.0435  9.7787
 24 576  0.0045  0.0110 12.0287
 48 576  1.6685  5.3876 16.1698
 72 576  0.9027  5.8219 18.9094
 96 576  0.7272  4.1340 17.3939
120 576  1.7096  2.9855 17.5823
144 576  2.3630 -0.1558 20.6066
168 576  2.2338  0.4662 12.9272
192 576  2.9476  4.0748 14.0476
216 576  2.3652  7.8722 15.6966
240 576  2.0624  8.6041 21.3169
264 576  7.9640  4.0864 13.1178
288 576  4.0075  4.6927 10.8679
312 576  4.1049  6.5052 13.1525
336 576  3.7271  5.8516 13.4734
360 576  1.9185  2.6233 16.2185
384 576  0.4041  2.5209 13.6366
408 576 -0.4376  5.4454 11.0603
432 576 -2.9915  2.5522  8.7898
456 576  0.2254  0.0257 11.5063
480 576  0.4711  0.0055 13.3137
504 576  0.4466 -0.3278 15.3824
528 576  1.3997  7.7384 14.6061
552 576  3.0420  8.6635 15.1509
576 576  2.1398  7.3435 12.1571
600 576 -2.9422 -1.2885 15.0486
624 576  2.1781 -0.2864  8.4702
648 576  0.4097  1.0246 10.0743
672 576 -1.1268 -1.3679 19.9290
696 576 -0.0424  4.8336 11.1141
720 576 -7.0802 -1.0759 12.0055
744 576 -3.5493  4.7862 12.5338
768 576 -3.4661  5.9086 14.7875
792 576  0.4634  7.1297 10.9829
816 576  3.0178  5.4298  9.7133
840 576  5.2099  4.4991 11.5761
864 576 -1.0883  9.2818  7.2219
888 576 -0.2870 10.2830 10.2937
912 576 -1.9440 11.0945 14.6050
936 576 -0.1993 12.0387 11.4694
960 576 -5.5483 14.0600 10.4662
984 576  0.4625  0.0292  9.9781
 24 600  0.0099  0.0235 11.3561
 48 600  0.4589  0.3837 18.1965
 72 600  1.1053  0.0365 14.5005
 96 600  1.3633  3.2295 13.7319
120 600  1.9664  2.4405 14.9630
144 600  0.8834  0.2514 14.9144
168 600  3.8036  0.4375 11.5629
192 600 -0.9520  4.0163 14.0950
216 600  2.1960  7.7556 15.0617
240 600  1.6710  2.9917 11.5268
264 600  1.8159  1.7601 16.9911
288 600  1.7330  4.5480 13.9951
312 600  4.7879  6.0175  9.7785
336 600  7.8482  5.7645 12.3267
360 600  7.7596  6.0150 11.1656
384 600  0.1084  3.1387  8.1457
408 600 -2.6543  3.5070  7.7362
432 600  5.0274  0.7462  7.0532
456 600  2.0620  0.3097 10.5929
480 600  0.3057  0.1128 13.6793
504 600  0.7197  1.0669 13.8079
528 600  3.9335  7.6772 15.3496
552 600  0.8222  7.8113 10.1697
576 600  2.1249  7.0284 14.2352
600 600  2.2660  6.8689 18.5490
624 600  2.3529  3.2860 12.1250
648 600  4.0148  5.1247 13.2216
672 600  3.6995  8.2940 15.9900
696 600  1.6948  7.9365 13.1308
720 600 -0.3768  6.8624 17.6201
744 600 -5.1953  3.1203 12.3780
768 600 -5.9985  3.5219 11.2655
792 600  2.2322  8.6944 15.7636
816 600  2.5959 10.6554 17.9453
840 600 -2.9773  7.0220 10.9559
864 600 -3.5912  8.9143 10.6705
888 600 -3.5834  9.2393  9.2438
912 600 -2.9380  6.9373  9.3850
936 600 -0.9515  7.5848  7.6617
960 600 -5.7802  0.2674 10.4315
984 600  1.6201  0.0436 10.5530
 24 624 -0.0013 -0.0151 11.7940
 48 624  0.6677  0.1840 17.2826
 72 624  0.6579 -0.6122 17.1704
 96 624  0.5540 -0.8485 15.4564
120 624  2.1444  1.8019 17.2923
144 624  1.0143  0.0093 12.8473
168 624  8.2974 -0.6228 10.7403
192 624  6.2635  2.7413 14.3375
216 624  3.9077  3.0786 12.7673
240 624  2.5111  1.5927 13.5920
264 624  1.7047  1.6770 15.8007
288 624  1.8120  2.6486  9.0466
312 624  4.2984 -4.3378  5.4012
336 624  8.0755  4.4807 11.3371
360 624  9.9136  4.5452 15.2897
384 624  9.7036  4.4091 13.7282
408 624  9.3632  1.9233 12.5105
432 624  5.2342  0.9582 11.2227
456 624  4.3313  0.9845 12.6334
480 624  2.0025  0.7460  9.7948
504 624  0.6607  1.4280 11.4849
528 624  0.0332  1.9600 13.2837
552 624  3.9405  4.4542  9.0854
576 624  3.0949  7.1025 12.2270
600 624  2.2499  6.9778 15.0987
624 624  1.7607  7.0622 15.2684
648 624  3.7005  8.1701 13.3033
672 624  4.3620  8.0886 13.8194
696 624  5.4542  7.7860 13.3094
720 624  5.6971  6.7854 13.8974
744 624 -0.2091  6.6920 15.9692
768 624 -0.5115  5.5211 12.7233
792 624  1.9545  7.2653 14.3714
816 624  1.4565 11.7270 12.7475
840 624 -0.0223 15.6754  9.6626
864 624 -4.1284  9.6659  9.5077
888 624 -5.9252 10.4413  9.5978
912 624 -3.2936  6.4835 12.6468
936 624 -4.3042  6.1059 16.7853
960 624 -5.6203  0.1974 16.4124
984 624  1.5372  0.0690 10.1510
 24 648 -0.0105 -0.0738 12.4190
 48 648 -2.0541 -2.7697 14.7762
 72 648 -0.7449 -2.3231 17.7970
 96 648 -0.0187 -2.0936 19.4084
120 648  2.2933 -0.8642 13.2060
144 648  3.7109 -1.0122 10.3896
168 648  8.6875  0.4631 11.3496
192 648  5.6080  2.7750 16.1219
216 648  4.3676  2.8445 17.1395
240 648  3.6973  2.7313 13.2924
264 648 -0.1797  2.4779 11.3190
288 648 -0.9348 -7.3183  7.7216
312 648  0.0190 -7.0374 13.9818
336 648  6.4014  3.5141 12.8001
360 648  7.7066  4.2461 13.3766
384 648 10.6592  1.2001 12.4995
408 648 10.7442  0.0274 15.8820
432 648  9.7551  0.1886 14.9460
456 648  9.0905  0.9327 14.0803
480 648  5.8633  4.9582  9.3647
504 648  4.7441  5.5606 12.4448
528 648  4.8123  6.7195 15.9381
552 648  3.9624  3.9734 12.8342
576 648  5.1572  6.8059 12.1935
600 648  2.2896  7.2364 12.0786
624 648  2.3918  6.0571 13.1911
648 648  2.4652  6.0551 13.8141
672 648  4.2283  5.8925 13.9832
696 648  5.7640  7.4276 13.2518
720 648  6.7042  4.8211 13.5455
744 648  0.3565  6.1832 13.1986
768 648 -0.5481  6.2778 15.0088
792 648 -1.1528  6.5761 13.3867
816 648 -6.3263 13.1542  8.0324
840 648 -10.0633 14.9835  8.2489
864 648 -1.6913  3.9345 12.1612
888 648 -1.9667  4.0311 17.0901
912 648 -4.2678  3.5005 13.4302
936 648 -5.5921  2.7496 13.0697
960 648 -5.4186 -0.7168 17.9493
984 648  1.5336  0.0109  9.5687
 24 672 -0.0185  0.0005 12.4658
 48 672 -5.9608 -3.0147 14.2050
 72 672 -4.0464 -2.8952 15.5935
 96 672 -3.3456 -2.7422 16.3825
120 672 -2.7113 -2.7245 12.0240
144 672  3.9169 -1.6624  9.9024
168 672  6.3195  2.9680 16.9069
192 672  5.9061  3.1936 14.4952
216 672  5.4056  2.6850 17.7309
240 672  0.1471  2.2066 16.5808
264 672 -0.3452  4.4014 14.3251
288 672  0.1292  7.4171 11.7043
312 672  2.2405 -3.6940 12.7007
336 672  2.2821  1.1611 14.4672
360 672  5.5207  3.4955 14.2981
384 672 10.5961  0.7123 19.7711
408 672 10.6386 -0.0622 14.6017
432 672  9.9470  0.0236 19.1244
456 672  9.6360  0.0156 12.5776
480 672  7.5427  7.2350 15.9622
504 672  5.3801  6.6709 16.4548
528 672  5.3611  6.9591 18.3108
552 672  5.1304  6.4791 13.7852
576 672  3.7973  9.1351 12.2522
600 672  3.7170 10.0457 15.1381
624 672  2.8809  6.4378 13.7662
648 672  2.2874  6.0039 14.9957
672 672  5.2101  3.9261 10.7060
696 672  7.6233  3.8560 13.9271
720 672  6.6932  4.3056 13.3515
744 672  3.4014  9.7760  9.1654
768 672 -0.4742  7.5771  9.5569
792 672 -1.7675  7.9468  6.6594
816 672 -8.2444 16.0505 10.1999
840 672 -7.9546 10.1978  8.6397
864 672 -1.5256  3.1563 14.5681
888 672 -2.0004  3.0011 20.0942
912 672 -3.8732  2.3257 15.5051
936 672 -5.0275  1.5262 13.2558
960 672 -10.2270 -4.6077 12.1774
984 672  1.5909  0.0297  8.9125
 24 696 -0.0171  0.0778 12.3489
 48 696 -6.6233 -2.2399 15.5431
 72 696 -4.1203 -3.5790 11.0995
 96 696 -4.0252 -3.4577 16.1020
120 696 -3.7697 -2.9774 17.6651
144 696 -6.0397 -0.0411 14.3239
168 696 -6.2449  0.2270 14.6530
192 696 -5.6991 -0.0594 13.0119
216 696  6.3605  3.3733 13.7440
240 696  0.0449  0.4929 13.1529
264 696  2.5858  3.2523 14.7823
288 696  2.5505  0.8161 10.1500
312 696  1.9679  0.6926 14.8660
336 696  1.9565  1.8841 15.8871
360 696  4.8949  2.0148 11.5898
384 696  7.6217  1.1103 18.2961
408 696  7.1684  1.0072 10.8367
432 696  8.0162  1.9613 16.2694
456 696  6.9751  1.1550 13.9533
480 696  7.2117  5.4629 13.2344
504 696  5.8495  6.8754 14.7918
528 696  5.5743  7.1747 15.7436
552 696  4.6005  9.4417 13.9477
576 696  3.6327  9.4560 16.1357
600 696  3.1093  9.6369 17.1816
624 696  3.0530  9.7163 15.6591
648 696  5.1384  8.4225 13.3561
672 696  0.3506  2.0136 13.0153
696 696  1.1335  2.4743 17.9645
720 696  0.4172  6.7203 11.4679
744 696  0.7793  8.7067 13.9836
768 696 -2.1823  9.5590 12.1802
792 696 -3.3461 10.3214 10.2254
816 696 -4.3251 12.8460 11.3226
840 696 -4.3481 12.6114  8.7382
864 696 -1.0663  3.7209 14.4178
888 696 -1.8176  3.2395 14.2880
912 696 -2.8284  2.7929 11.5384
936 696 -6.2425 -0.9251 12.0499
960 696 -9.9009 -4.0448 10.5255
984 696  0.2902  0.0878  9.0542
 24 720 -0.0015 -0.0009 12.3815
 48 720 -4.2126 -2.8182 14.5147
 72 720 -2.8615 -4.8792 12.7813
 96 720 -7.0323 -4.0191  9.3729
120 720 -5.8458 -0.0764 19.7381
144 720 -6.2206  0.8184 21.3663
168 720 -6.0562  0.7031 20.6606
192 720 -5.8335 -0.0354 22.2788
216 720 -2.0733 -3.3644 14.6842
240 720  5.8528  3.0288 10.0010
264 720  5.6496  2.9981 14.9893
288 720  4.3208  1.8425 14.5564
312 720  4.6366  1.2283 19.0618
336 720  4.6528  1.3246 16.9757
360 720  7.2858  1.3939 13.1704
384 720  7.1147  0.9759 15.7162
408 720  6.1284  0.0527 11.4879
432 720  9.9669 -0.0598 13.6136
456 720  9.0388  0.3154 17.2233
480 720  7.0702  2.1053 14.7372
504 720  4.1283  6.9306 16.3208
528 720  4.3989  7.8208 14.6987
552 720  3.7407  9.0438 14.2328
576 720  4.6395  9.3261 12.5861
600 720  3.8521 11.4087 11.2882
624 720  3.7934 11.8025 10.0110
648 720  4.4697  9.7327  8.1330
672 720  0.8866  3.5557 17.7655
696 720  0.8367  3.0568 21.5531
720 720 -0.2078  2.6292 15.6630
744 720 -1.9009  6.6765 12.5288
768 720 -3.7300  7.0831 16.1818
792 720 -4.2847  7.4131 12.9226
816 720 -4.7936 12.1706 10.2663
840 720 -6.1977  2.3390  8.9321
864 720 -8.1916  2.2026 12.1093
888 720 -2.0758  6.2160 12.9086
912 720 -1.9672  8.3085  9.8914
936 720 -6.7706 -2.8855 16.0209
960 720 -4.8653 -1.0374 11.2175
984 720  0.2368  0.0176  9.5930
 24 744  0.0024 -0.0924 12.3364
 48 744 -3.6611 -4.3055 13.8635
 72 744 -3.1661 -3.5122 14.5920
 96 744 -4.9399  0.1795 14.9366
120 744 -5.8147  0.3162 15.0139
144 744 -6.2045  1.4202 16.0885
168 744 -6.1238  0.8507 16.6880
192 744  6.8153  4.9313 11.7925
216 744  1.9765 -0.2645 12.9759
240 744 -1.7774 -3.1921 12.3839
264 744  6.8198  2.2217 13.1448
288 744  4.1348  0.0105 13.7451
312 744  4.6020  0.4545 19.4386
336 744  3.1408  0.2487 17.4593
360 744  3.1096  0.8261 14.4895
384 744  4.8826 -2.8276 15.2279
408 744  5.3928 -3.5988 14.5714
432 744  4.1146 -1.2244 10.7989
456 744  3.7848  0.9403 12.2869
480 744  2.2794  3.2490 14.2590
504 744  3.9228  6.0513 14.9998
528 744  3.4674  5.8026 13.7345
552 744  4.2850  6.7366 11.5084
576 744  6.0240  9.7466 10.2948
600 744  6.5825 12.3274 13.0278
624 744  1.2509 14.4012 11.2764
648 744 -0.2971 13.3030 14.8646
672 744 -1.1003 12.3297 10.4317
696 744  0.1369  4.2925 15.0588
720 744 -1.0151  2.9050 14.2860
744 744 -2.2881  2.6093 14.3122
768 744 -3.1085  4.6462 17.4428
792 744 -3.2796  5.6021 13.2991
816 744 -2.2269  9.2248 13.3455
840 744 -5.8618  2.2412 11.5010
864 744 -8.9325  0.4366 13.0108
888 744 27.1223 -6.7817  6.8948
912 744 -10.2430 -0.3758  9.3273
936 744 -9.1307 -0.7521 12.2534
960 744 -4.9113 -1.1099 10.6760
984 744  1.5397  0.0568 10.1422
 24 768  0.0412 -0.1295 12.0009
 48 768  0.4244 -3.1349 13.1139
 72 768 -1.0534 -3.0522 12.0932
 96 768 -4.6115  0.7117 14.0899
120 768 -0.8909  1.8629 15.8456
144 768  4.2209  5.0060 11.7982
168 768  7.0395  4.3529 16.7204
192 768  6.7969  5.0433 18.0442
216 768  1.8398 -0.8565 15.8870
240 768  0.3986 -2.6582 16.1247
264 768  0.0669 -3.1154 19.4984
288 768  0.0894 -2.5838 15.5096
312 768  1.9149 -0.0934 12.1713
336 768  2.9102  2.5134 13.7240
360 768  3.7654 -3.5800 15.1280
384 768  4.5006 -2.5682 18.2022
408 768  4.7536 -3.8849 17.5977
432 768  2.1578 -1.9906 13.6403
456 768  1.3897  3.3401 16.3982
480 768  1.6724  3.4714 16.9210
504 768  4.0942  5.6243 18.2706
528 768  4.6055  3.7515 16.7643
552 768  6.0391  0.8395 16.8580
576 768  5.8226  3.3298 11.0640
600 768  6.5560  4.9248 12.1147
624 768  0.5646 14.8171 11.9036
648 768  0.7880 13.9269 12.5525
672 768 -1.6494 12.8086 13.4820
696 768 -2.7345  7.4036 14.0616
720 768 -2.2016  1.9887 15.4492
744 768 -2.2805  0.5629 18.9318
768 768 -1.5926  3.0396 14.5924
792 768 -1.2438  3.7945 13.1972
816 768 -4.8143  7.8515 11.5774
840 768 -6.7937  0.9264 31.2987
864 768 -6.9626  0.2395 24.2273
888 768 -8.8425 -0.8319 15.6814
912 768 -10.3094  0.3050 16.8783
936 768 -10.1874  1.8163 11.9019
960 768 -9.6782 -3.9456 12.8667
984 768  1.6226  0.0539 10.3857
 24 792  0.0636 -0.1475 11.8264
 48 792  1.6414 -2.6918 20.2851
 72 792  0.2002 -0.8548 11.2267
 96 792 -0.4317  2.1270 15.6659
120 792 -0.2374  1.1632 19.9613
144 792  1.0222  5.0877 12.6283
168 792  5.1179  3.3783 14.8127
192 792  6.7368  4.5711 14.7394
216 792  3.4595  5.3297 16.1152
240 792  1.0813  3.0817 12.6419
264 792 -0.8964 -3.5504 13.2468
288 792 -0.8956 -1.0089 13.2080
312 792  0.3911  0.0688 13.7911
336 792  2.3316  2.3946 15.8468
360 792  4.0615  0.9603 13.9776
384 792  4.1386 -2.7400 16.0599
408 792  4.3131 -2.2241 14.5105
432 792  3.7736 -2.0689 14.3482
456 792  2.0787  4.1600 16.1681
480 792 -0.1472  4.6612 18.8575
504 792 -1.2250  4.7273 18.8577
528 792  4.2517  0.0207 12.5437
552 792  4.9619  0.0984 20.6914
576 792  4.4086  0.2946 14.7344
600 792  4.7782  2.0339 16.0962
624 792  3.9063 10.6876  7.2920
648 792  1.3041 12.8949  7.8177
672 792  0.1437 11.3964  9.9134
696 792 -3.1439  7.7079  8.7663
720 792 -2.0765  0.2190 16.1369
744 792 -2.9688 -0.2229 17.4061
768 792 -3.5649  0.1097 16.0922
792 792 -8.0767  4.9227 14.0592
816 792 -9.0976  5.8553 17.1523
840 792 -6.9336  0.9220 38.4178
864 792 -6.8267  0.0798 22.3212
888 792 -6.8495 -3.0148 14.9822
912 792 -9.8879 -0.2043 13.7830
936 792 -2.0711 -2.0358 17.0697
960 792 -2.8840 -3.2130 15.2898
984 792  1.5856 -0.0111  9.7885
 24 816  0.0154 -0.0283 12.1231
 48 816  0.1206 -0.2587 11.5092
 72 816 -0.1537  4.0119 17.3318
 96 816 -0.6830  3.0454 14.5124
120 816  0.0374 -0.8476 12.2119
144 816  6.9730 10.2375 15.2119
168 816  9.7988 11.7483 14.0185
192 816  3.7669  4.9872 17.9540
216 816  3.0041  4.8616 20.0386
240 816  1.1467  7.8980 14.1106
264 816  0.3300  8.8713  8.8093
288 816 -1.2772  0.0037 17.8275
312 816 -0.3607  1.7496 18.9414
336 816  2.3423  2.6510 16.5579
360 816  3.2007  4.3282 14.6689
384 816  0.0716  5.0268 14.2589
408 816  4.0904 -1.9890 18.4560
432 816  3.3017 -2.2147 12.3602
456 816 -2.1523  0.0839 10.6968
480 816 -1.2845  4.9156 22.5152
504 816 -1.2248  5.0183 20.1531
528 816  2.0639  1.8171 15.4379
552 816  2.3897  0.7920 20.6357
576 816  0.6712  0.4453 15.9413
600 816 -0.0726  1.0800 16.6762
624 816 -0.2186  9.2530 15.1741
648 816  0.2702  9.7747 14.9043
672 816  0.1319 10.2517 14.3135
696 816 -2.4485 -0.2026 14.1133
720 816 -2.7838 -0.2357 18.9949
744 816 -3.3827 -0.3060 14.6234
768 816 -4.7357 -0.4754 14.3161
792 816 -2.1611 -3.0455  9.1657
816 816 -8.1338  5.0708  8.9981
840 816 -9.4110 -11.3225 12.7333
864 816 -5.7840 -8.0001  9.8693
888 816 -6.8773 -7.8572  8.6117
912 816 -1.5397 -3.3460  8.7024
936 816 -1.7264 -3.1927 19.6553
960 816 -2.2768 -3.4420 13.0359
984 816  1.5613  0.0071  9.9633
 24 840 -0.0100 -0.0429 12.3323
 48 840 -4.0856 -2.0791 13.7606
 72 840  0.0165  4.4250 15.4736
 96 840  1.1614  7.7700 13.2171
120 840  6.0819  9.9463 20.6574
144 840  6.7931 10.5930 20.0741
168 840  7.2747 10.6230 15.5985
192 840 -4.6688 -27.2070  7.7330
216 840  4.5450 -12.7737 10.5384
240 840  2.8798  7.4431  8.2574
264 840  3.0789  7.0075 15.5877
288 840 -1.1518  2.7303 15.3338
312 840 -0.4211  2.7547 15.5767
336 840  2.5183  3.5857 13.0276
360 840  2.9952  4.4037 13.7686
384 840  1.0633  6.6457 15.1886
408 840 -1.7643  7.3166 11.2616
432 840 -4.4767  5.1484 16.7044
456 840 -5.3672  4.2586 19.3331
480 840 -5.1795 -2.2933 11.7494
504 840 -5.1168 -3.1383 18.5305
528 840  1.3398  0.3538 15.4628
552 840  1.0567  0.3150 11.8760
576 840 -0.2919  0.9119 11.5303
600 840 -1.0678  1.6716 11.7145
624 840 -1.8879  6.7784 14.0591
648 840 -0.0343  9.7298 13.8682
672 840 -0.0361  9.6525 16.9685
696 840 -3.7667 -0.0276 13.8613
720 840 -3.7866 -0.2753 20.2450
744 840 -4.9461 -0.1367 12.1893
768 840 -3.7305 -3.2023 11.5066
792 840 -1.8682 -4.5656 16.2826
816 840 -4.1784 -4.3237 12.9930
840 840 -9.5308 -12.9464 15.5661
864 840 -9.5501 -12.3506 11.9899
888 840 -6.8789 -10.1168  7.8825
912 840 -15.9321 -12.6237 10.9101
936 840 -0.8583 -4.6000  7.1843
960 840 -11.9326 -5.1556 11.7545
984 840  1.5172  0.0290  9.9348
 24 864  0.0039 -0.0361 12.3463
 48 864 -0.8395 -0.8868 12.5716
 72 864 -0.0350  6.2269 15.1650
 96 864  1.9523  8.6510 15.7888
120 864  3.2042  8.2099 22.8999
144 864  4.0889  8.5432 19.8695
168 864  5.1280  3.1420 12.5181
192 864  1.7011 23.1542 10.3155
216 864  0.1379 20.9526 12.0652
240 864 -0.5660 20.7517  6.6177
264 864  3.5863  7.6626 14.7023
288 864  2.5697  7.1959 13.5610
312 864  1.1902  9.7935 14.9744
336 864  1.4206  7.1291 13.6238
360 864  4.0622  6.0399 14.6983
384 864  3.7064  6.3474 14.5043
408 864  1.8123  5.3786 12.5935
432 864 -3.9526  4.1590 12.1463
456 864 -5.6088  4.0041 14.8210
480 864 -5.9532 -4.6990 13.7297
504 864 -6.1456 -4.5280 18.0326
528 864  0.3756 -0.0454 12.6100
552 864  0.1096 -0.4983  9.7713
576 864 -2.1709 -0.9587 12.3464
600 864 -1.0813 -0.2199 12.6833
624 864 -2.5819  6.0836 13.7933
648 864 -4.8750 -0.1478 13.7361
672 864 -3.8775  3.0067 12.6487
696 864 -3.8109  0.1393 18.4014
720 864 -3.9985  0.1444 19.2489
744 864 -5.9514  1.0260 15.6057
768 864 -2.7189 -5.2282 13.2654
792 864 -1.5728 -5.0950 18.7301
816 864 -0.1909 -6.3262 11.4522
840 864 -6.2789 -12.7006 11.1694
864 864 18.0124 18.7170  6.6049
888 864 -7.1137 -7.0921  8.6016
912 864 -11.7527 -12.0816 11.9207
936 864 -0.8529 18.6302  8.2157
960 864 -11.6444 -5.2427 10.6705
984 864  1.5750 -0.1455  9.7256
 24 888  0.0090 -0.0087 12.0734
 48 888 -0.6181 -1.0059 12.1731
 72 888  0.2988  5.8823 13.8041
 96 888  1.3514  7.0601 19.5215
120 888  2.9238  7.8273 16.7335
144 888  5.9127  2.3376 11.3051
168 888  2.9248  1.2194 16.9098
192 888  2.5147  2.6348 14.0053
216 888  0.9409  7.0196  7.5818
240 888  2.7616  7.8119 10.8436
264 888  3.7083  8.0166 16.1965
288 888  1.7945  9.0624 11.7189
312 888  0.3243 12.5303 12.1344
336 888  0.2461  9.2935 12.3829
360 888  1.0314 10.0081 11.7498
384 888  1.8834 10.0445 11.9015
408 888  1.9655  7.8351 11.9119
432 888 -2.0019  9.8983  9.7867
456 888 -5.4170  4.1261 15.4851
480 888 -6.0999 -4.8453 12.3623
504 888 -6.2352 -5.8469 16.3162
528 888 -4.9651 -6.1697 10.8662
552 888 -1.9215 -3.1097 11.2155
576 888 -0.2868 -4.0616 16.8153
600 888 -0.0591 -3.7005 18.3035
624 888 -1.8599 -0.5171 12.5696
648 888 -4.9318 -0.7166 12.7505
672 888 -6.7022 -3.7554 13.5329
696 888 -6.0255 -4.3283 17.0078
720 888 21.7153  0.3002 11.5357
744 888 -4.2786  0.3246 11.6230
768 888 -2.1494 -2.2974 12.0890
792 888 -0.1754 -5.8664 16.9028
816 888 -0.1831 -6.7124 14.2212
840 888 -0.1776 -10.1901 13.0581
864 888 -1.6446 -10.1074 12.4186
888 888 -3.3807 -5.3565 11.0768
912 888 -9.3683 -9.6631  9.9308
936 888 -8.6908 -9.9241  9.5256
960 888 -7.9086 -8.3738 12.7765
984 888  1.5801 -0.1280  9.3177
 24 912 -0.0048 -0.0144 12.0272
 48 912  4.1732  0.3357 13.1223
 72 912  2.0485  6.1627 20.7871
 96 912  1.9780  6.8780 16.3165
120 912  5.3342  7.3330 12.7869
144 912  8.6188  4.1632  9.7207
168 912  0.3182  2.8761 12.1406
192 912  1.2477  3.2202 19.0494
216 912  0.2755  7.1381 11.5765
240 912 -0.1237  7.3413 14.0094
264 912 -1.4527 10.4997 12.0220
288 912 -1.6666 11.0397 15.2362
312 912 -2.0591  9.1679 11.3309
336 912 -0.0244 10.9204 14.6584
360 912  0.5205 10.8625 13.9981
384 912  0.3880 11.1972 16.2577
408 912 -0.1311 11.6245 13.8057
432 912 -1.1601 10.9002 15.4781
456 912 -3.0299  6.4063 16.7829
480 912 -3.4540  6.0046 13.2278
504 912  2.9346 -0.2290 14.2136
528 912 -3.9747 -10.4009 13.7660
552 912 -3.6051 -10.4682 14.8794
576 912 -0.0156 -4.5065 13.8743
600 912 -0.3672 -4.1449 17.1668
624 912 -0.2629 -0.7338 12.6073
648 912  0.8005 -0.8190 11.9640
672 912 -3.6493 -4.1699 14.2602
696 912 -5.3438 -5.0535 21.8822
720 912 -3.9258 -8.1483 13.7289
744 912 -1.0942 -6.0710  9.5198
768 912 -1.3512 -5.7752 13.5600
792 912 -0.8954 -5.2256 17.1995
816 912 -1.2104 -6.5011 15.4661
840 912 -1.5021 -7.7036 15.1485
864 912 -2.1301 -7.7311 10.8182
888 912 -2.0057 -5.4568 11.3659
912 912 -3.3642 -6.5847 12.0136
936 912 -5.5152 -12.2708 12.5569
960 912 -5.4480 -10.4631 13.3887
984 912  1.5450 -0.0442  9.4005
 24 936 -0.0048 -0.0032 12.3441
 48 936  0.2084  2.1794 11.5010
 72 936  1.6318  6.2052 16.0284
 96 936  2.5272  5.5261 15.4686
120 936  5.7284  2.4206 13.1775
144 936  5.5227  2.0234  7.6922
168 936  0.1447  3.1021 11.4883
192 936 -0.1062  2.7267 11.7633
216 936 -4.9856  3.8954 10.6317
240 936 -4.9558  6.0830 11.3717
264 936 -5.1130  5.9275 13.0391
288 936 -2.7964  8.0798 12.6923
312 936 -1.3011  8.0798 15.2721
336 936  0.2821  8.9667 14.8329
360 936  2.2390 16.5192 10.1386
384 936  1.6395  8.3285  8.0119
408 936  0.8436 10.2872 11.2725
432 936 -0.2609 12.1242 14.6136
456 936 -0.6032  8.5934 10.2863
480 936  2.8893 -1.1066 17.6386
504 936  1.2505 -2.0957 16.2965
528 936 -3.0990 -8.6808  9.3779
552 936 -3.2946 -9.1621 13.5561
576 936  0.3624 -4.9149 11.8785
600 936  1.9962 -3.1604 15.8173
624 936  0.9487  0.1659 18.3021
648 936  0.2385 -0.2337 16.3449
672 936 -2.8253 -3.1267 15.6598
696 936 -4.1313 -5.1112 15.4456
720 936 -2.9321 -6.3915 13.2764
744 936 -7.0081 -7.9227 13.9236
768 936 -5.9693 -4.8717 10.6730
792 936 -4.0183 -6.1160 14.0285
816 936 -1.6873 -6.4264 12.6176
840 936 -4.3182 -7.1190 11.6944
864 936 -4.6686 -7.8633 12.7637
888 936 -4.2024 -7.7507  9.0336
912 936 -3.7107 -8.9772  8.4961
936 936 -3.8407 -10.0530 12.0871
960 936 -4.2457 -10.2373 12.3098
984 936  1.5832  0.0088 10.0099
 24 960 -0.0043  0.0024 12.5822
 48 960 -3.3622  5.4262 17.2980
 72 960  0.4632  5.6348 16.7982
 96 960  1.1050  5.6333 19.6517
120 960  0.3815  5.0698 14.7215
144 960  1.8354  4.0966 18.4820
168 960  0.3469  3.8772 20.2405
192 960 -0.2990  3.0877 18.8541
216 960 -2.8457  2.1686 16.2049
240 960 -2.9358  3.8931  8.6705
264 960 -0.6150  1.8177 13.8414
288 960 -0.1518  3.2745 14.5710
312 960 -1.1990  8.6304 14.5380
336 960  0.0183  9.8027 12.4763
360 960 -0.0198 12.8052 10.7765
384 960  1.9807  8.4266 10.3044
408 960  0.5495  9.9916 11.4820
432 960 -0.0257 10.2967 11.0098
456 960  3.2297  0.0868 10.6624
480 960  2.9892 -0.5614 21.4984
504 960 -0.0900 -2.5660  9.4795
528 960 -4.7814 -3.2853  9.9286
552 960 -3.7602 -7.7424 11.1877
576 960 -0.3425 -4.5755 12.7629
600 960  1.0594 -3.0007 12.7354
624 960  0.4386  2.1277 19.6500
648 960 -0.1789 -0.1128 15.0950
672 960  0.1552 -0.4729 15.1013
696 960  1.8006 -1.3458 22.1114
720 960  2.1212 -1.9627 17.3089
744 960 -0.0484 -5.7686  8.0063
768 960 -5.6586 -6.5020 11.8928
792 960 -6.8488 -6.6174 15.5431
816 960 -8.0368 -7.7685 13.1811
840 960 -5.7928 -8.1555 17.6823
864 960 -5.0459 -8.6752 21.8212
888 960 -4.2554 -8.0029 12.8653
912 960 -4.3930 -9.2214  9.5394
936 960 -4.4850 -10.1433 11.7303
960 960 -5.1092 -10.8640 10.8760
984 960  1.5396  0.0688 10.1010
 24 984 -0.0151  0.0104 15.6239
 48 984 -0.0473 -0.0099 12.3469
 72 984 -0.0234  0.0049 12.1762
 96 984  0.0338  0.0262 12.1653
120 984  0.0032  0.0119 12.5877
144 984 -0.0027  0.0024 12.3288
168 984 -0.0654  0.0083 12.1159
192 984 -0.0799 -0.0076 11.7840
216 984 -0.0398  0.0060 12.2699
240 984 -0.0713 -0.0004 12.5690
264 984 -0.0601 -0.0041 11.9415
288 984 -0.0410  0.0031 11.8186
312 984 -0.0637  0.0003 11.6819
336 984 -0.0091 -0.0145 11.3737
360 984  0.0266 -0.0110 11.6343
384 984  0.0122  0.0107 12.4456
408 984  0.0228 -0.0134 12.0510
432 984 -0.0146 -0.0212 11.8281
456 984  0.0315 -0.0060 12.1688
480 984 -0.0048  0.0072 12.6197
504 984 -0.0784 -0.0015 12.6355
528 984 -0.0545 -0.0101 11.9003
552 984  0.0138 -0.0161 12.0468
576 984  0.0242 -0.0209 12.3845
600 984 -0.0278 -0.0135 12.3768
624 984  0.0100  0.0039 12.4684
648 984 -0.0181  0.0054 12.3173
672 984  0.0163 -0.0103 12.2577
696 984  0.0688 -0.0546 11.4781
720 984  0.0441 -0.0470 11.3620
744 984 -0.0323 -0.0421 11.8283
768 984 -0.0068 -0.0368 11.8316
792 984  0.0165  0.0145 12.5110
816 984 -0.0562 -0.0048 12.3407
840 984 -0.0999 -0.0114 12.0636
864 984  0.0268  0.0112 11.7760
888 984  0.0314  0.0192 11.7003
912 984 -0.0203  0.0106 12.3898
936 984 -0.0399  0.0018 12.4644
960 984 -0.0103 -0.0121 12.1561
984 984  0.4743 -0.0248 12.9704
