 24  24 -0.0073 -0.7661 14.4151
 48  24 -0.0624 -0.6777 10.4563
 72  24 -0.0134 -0.6420 10.2262
 96  24  0.0446 -0.8253 10.4146
120  24 -0.0263 -0.9336 10.4324
144  24 -0.0136 -0.6895 10.1856
168  24  0.0396 -0.7926 10.3080
192  24 -0.0331 -0.9412 10.8497
216  24 -0.0152 -0.8848 10.3330
240  24 -0.1039 -0.8810 10.7849
264  24 -0.0876 -0.8529 10.9636
288  24 -0.0519 -0.7257 10.4688
312  24 -0.0315 -0.8633 10.7685
336  24 -0.0595 -0.9859 11.1304
360  24 -0.0266 -0.8451 10.2586
384  24  0.0155 -0.9789 10.5519
408  24 -0.0065 -0.9967 10.7285
432  24  0.0086 -0.8130 10.1436
456  24  0.0213 -0.7673 10.3383
480  24  0.0591 -0.7251 10.4309
504  24  0.2025 -0.6881  9.9602
528  24  0.1041 -0.4841  9.8353
552  24 -0.0486 -0.7004 10.9017
576  24 -0.0554 -0.9112 10.8076
600  24  0.0374 -0.6986 10.2660
624  24  0.0478 -0.8816 10.4741
648  24 -0.0074 -0.9591 10.4538
672  24  0.0330 -0.8897 10.5344
696  24  0.0485 -0.7329 10.3732
720  24 -0.0355 -0.6755  9.7409
744  24  0.0039 -0.8308  9.9558
768  24  0.0167 -0.4687 10.0702
792  24 -0.0319 -0.4337  9.6546
816  24 -0.0531 -0.6699  9.4526
840  24 -0.0288 -0.7709  9.6367
864  24  0.0096 -0.8122 10.3087
888  24 -0.0941 -0.8284 10.6171
912  24 -0.0684 -0.9230 10.7528
936  24 -0.0117 -0.8916 10.3702
960  24 -0.0071 -0.7672  9.3901
984  24  4.9765 -0.3495 10.9901
 24  48 -0.0332 -0.0110 12.7691
 48  48 -0.1552 -0.3362 17.8048
 72  48 -0.6535 -0.2350 17.5741
 96  48 -0.0880 -0.8077 11.8619
120  48 -2.5546 -0.2261  9.1233
144  48  5.0797  2.8288  8.2772
168  48 -8.6087 -4.8073 11.4609
192  48 -6.1370 -3.8870 10.7543
216  48 -5.7906 -4.2409 12.0580
240  48 -4.0997 -1.5388 17.2529
264  48 -2.6621 -0.0387 14.5354
288  48 -1.8525  0.0672 14.0246
312  48 -3.0567 -0.3802 18.3868
336  48 -4.2168 -1.1404 18.9016
360  48 -4.8266 -1.0000 14.3879
384  48 -3.1284 -2.8032 13.9460
408  48 -2.0666 -3.6189 15.2745
432  48 -1.0837 -2.9837 12.9671
456  48  4.1905 -0.0267 10.3360
480  48  4.5362 -1.0234 11.8306
504  48  4.5496 -1.3510 16.9607
528  48  3.0383 -0.0172 16.4326
552  48  1.5221  0.0178 15.5872
576  48  3.7836 -6.3008 13.6541
600  48  3.3495 -7.2716 13.5374
624  48  2.8352 -8.2077 13.5768
648  48  1.2799 -7.8297 12.9307
672  48  0.1164 -5.9996 11.1690
696  48 -1.3110 -5.0805  9.9987
720  48 -4.2481 -5.3716 12.7604
744  48 -0.8902 -0.2636  8.2345
768  48 -0.6067  0.4669 14.4646
792  48 -1.1860  0.8600 12.6886
816  48 -1.2913  0.9700 11.8611
840  48 -1.0426  0.5719  7.2234
864  48 -0.7518 -0.0115 13.0076
888  48 -2.0240 -1.1517 18.5683
912  48 -2.3839 -2.3428 17.6198
936  48 -1.0316 -6.6193 14.6897
960  48 -0.7344 -8.2923 18.0190
984  48  4.8727 -0.0115  7.4305
 24  72 -0.0287  0.0127 12.4307
 48  72 -0.3291  0.1411 20.4229
 72  72 -2.0424  0.8776 21.9917
 96  72 -2.9699  0.3862 19.5938
120  72 -5.6091 -1.9511 17.3020
144  72 -6.6307 -2.7897 15.0534
168  72 -6.9548 -5.2362 12.3962
192  72 -6.6286 -5.3075 12.9324
216  72 -4.8831 -3.7761 12.9434
240  72 -4.5114 -0.9984 16.4720
264  72 -3.2638  0.7357 15.7634
288  72 -2.5555  2.6574 13.9735
312  72 -3.2976 -0.2203 14.1051
336  72 -3.8710 -1.0625 18.0624
360  72 -3.7863 -0.3674 15.4203
384  72 -2.9109 -0.5654 15.5664
408  72 -2.9535 -2.9224 15.3585
432  72 -1.9200 -2.9965 15.3057
456  72 -0.7607 -1.6976 15.0944
480  72 -0.1208 -2.6405 16.2773
504  72  0.2375 -2.6447 14.1705
528  72  0.7441 -2.0626 11.8915
552  72  1.9163 -3.8421 11.4136
576  72  3.8530 -6.2198 16.2936
600  72  3.3696 -7.2819 13.4637
624  72  2.6161 -8.0659 11.4018
648  72  0.8167 -9.6731 12.2205
672  72 -4.5290 -2.0289 10.8061
696  72 -4.2838 -4.6805 11.9954
720  72 -4.0256 -6.2450 14.5268
744  72 -0.3746 -4.7480 10.2404
768  72  0.7934 -0.6652 13.6973
792  72  0.3830 -0.8256 13.4348
816  72  0.0826 -0.8902 11.4043
840  72 -0.0423 -0.8381 11.0041
864  72 -0.1705 -0.3649 14.0500
888  72 -0.6180 -0.3493 14.2721
912  72 -1.4251 -1.0814 12.5966
936  72 -1.3212 -2.7575 12.1325
960  72 -1.3850 -8.3668 12.8508
984  72  0.4548 -0.0455  7.1939
 24  96 -0.0083  0.0178 12.3927
 48  96 -0.1898  0.9426 13.7232
 72  96 -0.8520  1.2589 16.2677
 96  96 -1.4206  1.0517 16.3037
120  96 -3.1947 -1.0144 13.9588
144  96 -6.5739 -3.8147 16.3456
168  96 -6.8405 -5.3353 14.5443
192  96 -7.3111 -5.9992 14.5198
216  96 -6.5954 -4.4066 12.8182
240  96 -4.2665  0.0351 13.9835
264  96 -3.7377  1.2000 16.3793
288  96 -2.3419  1.6168 14.1992
312  96 -0.3975  0.7695 15.3208
336  96 -0.4669  0.7763 18.2685
360  96 -0.9901  0.3671 18.9233
384  96 -1.3810 -0.3855 16.3873
408  96 -1.1651 -1.0833 17.3619
432  96 -1.7869 -2.8510 15.5713
456  96 -0.1004 -2.9739 14.0193
480  96 -0.9129 -1.5775 15.2165
504  96  0.6422 -3.9405 17.0604
528  96  1.0153 -3.5380 14.0512
552  96 -0.0043 -5.0043 11.6329
576  96 -0.5312 -5.9770 12.5155
600  96  0.0422 -6.4552 13.0561
624  96  0.2277 -8.0786 10.2830
648  96 -1.9666 -4.4172  9.1305
672  96 -5.2265 -2.7901 14.9093
696  96 -5.5431 -3.0108 13.5939
720  96 -7.1511 -6.9214 12.9904
744  96 -6.7464 -4.9385 14.1858
768  96  1.8374 -1.7346 11.7753
792  96  2.3331 -2.7681 11.7731
816  96  4.0792 -2.2837 11.8887
840  96  4.8933 -4.1902 11.3061
864  96  3.5955 -1.3548  9.7409
888  96  1.0100 -0.0359 14.3579
912  96  1.6287 -0.1207 15.6365
936  96  0.7417 -1.0572 11.5017
960  96  0.0805 -6.7294 13.3951
984  96  0.4482 -0.0988  7.3846
 24 120  0.0230  0.0453 12.6120
 48 120  3.7044  1.5495 13.7019
 72 120  0.1127  2.7414 15.5016
 96 120 -0.6488  2.0724 17.6784
120 120 -2.7333  0.3343 13.7769
144 120 -6.3458 -3.8671 14.1204
168 120 -6.1714 -5.0789 11.8033
192 120 -7.6582 -5.6578 12.7633
216 120 -7.7932 -4.9012 17.7978
240 120 -4.0504  1.0835 15.7844
264 120 -3.0304  1.6523 17.8894
288 120 -1.5846  0.3258 16.5013
312 120 -0.2581  0.4487 17.4110
336 120 -0.1715  0.8613 21.4691
360 120 -0.2731 -0.0685 19.3542
384 120 -1.0357 -0.4837 19.8216
408 120 -1.0971 -0.6030 15.1991
432 120 -1.0959 -0.4411 15.5155
456 120 -1.4385 -1.9071 15.8757
480 120 -1.3258 -2.0775 16.6799
504 120  0.5484 -4.3148 16.4288
528 120 -1.2952 -2.6632 17.8168
552 120 -2.0900 -4.2294 15.8258
576 120 -1.9606 -6.7193 14.0946
600 120 -1.2937 -8.4461 11.9581
624 120 -1.5734 -9.1471 10.7842
648 120 -3.8464 -3.7135 11.3530
672 120 -5.0582 -2.7803 14.3984
696 120 -4.4992 -0.5344 12.3987
720 120 -4.0433 -0.9633 10.9534
744 120 -4.3377 -3.1167 13.1314
768 120  0.7457 -5.1298 14.2437
792 120  3.3512 -5.3850 15.6779
816 120  5.0767 -5.0400 13.5551
840 120  5.5966 -4.8509 13.1449
864 120 -0.0064  2.0790 10.3088
888 120  1.6203  0.5524 13.8715
912 120  1.9006  0.1167 15.3457
936 120  2.1681 -0.0691 13.2741
960 120  0.3021 -1.9986 10.3423
984 120  4.6351 -0.0196  7.5380
 24 144  0.0458  0.1023 12.3661
 48 144  0.6308  3.0404 12.5082
 72 144 -0.4361  3.9577 15.2899
 96 144 -0.8228  2.8063 14.2930
120 144 -3.3681  1.0687 13.9285
144 144 -5.0367 -2.2912 12.5336
168 144 -4.1750 -3.4246 13.3679
192 144 -4.6315 -1.3030 12.9221
216 144 -4.9083 -1.9967 13.4958
240 144 -4.0487  0.1612 13.6275
264 144 -2.4838 -0.3617 15.7927
288 144 -1.6888 -0.8223 15.4773
312 144 -0.6969  0.2853 16.0214
336 144 -1.5962  0.3832 16.7800
360 144 -1.8506 -0.2971 17.3804
384 144 -0.8448 -0.4765 16.8675
408 144 -0.4219  0.4754 16.7846
432 144 -0.6861  0.8588 17.0671
456 144 -1.1255 -1.6352 15.5195
480 144 -1.6640 -3.3814 18.4389
504 144 -2.1629 -2.5193 13.4792
528 144 -1.8071 -1.6950 14.8893
552 144 -1.2701 -4.5523 14.6527
576 144 -2.1465 -7.1467 14.5940
600 144 -2.4734 -7.2152 10.7442
624 144 -2.1245 -6.6188 10.5029
648 144 -2.6265 -5.4366 11.1561
672 144 -3.2304 -3.7911 15.2361
696 144 -4.6443 -1.7576 15.3706
720 144 -2.2067 -2.0571 16.5246
744 144  0.2081 -2.9747 11.9311
768 144  2.8440 -4.4113 12.9344
792 144  3.6045 -5.4562 13.8229
816 144  3.7927 -4.2626 12.9632
840 144  1.3674 -2.4181 11.0213
864 144 -0.1550  2.0736 14.7343
888 144  1.3251  1.3570 15.5045
912 144  2.0538  0.9115 14.8035
936 144  3.7522  0.0809 16.8166
960 144  1.9169 -0.7131 12.8956
984 144  4.7943 -0.0546  7.7877
 24 168  0.0238  0.1141 12.3011
 48 168 -1.0191  3.0059 12.6572
 72 168 -1.6462  2.3915 15.8556
 96 168 -2.7243  2.4615 14.4607
120 168 -4.7023  0.7267 16.8004
144 168 -4.2006 -3.1478 14.0564
168 168 -4.1710 -4.1058 21.1892
192 168 -4.1615 -1.3220 13.6592
216 168 -4.3183 -1.6067 14.6060
240 168 -4.0815 -3.5758 18.7578
264 168 -3.0159 -3.7234 16.9192
288 168 -2.4837 -1.8525 17.1714
312 168 -2.5111 -0.2957 20.0946
336 168 -2.2372 -0.2232 20.9331
360 168 -1.9913 -0.3317 14.1717
384 168 -2.1605 -0.0032 15.4282
408 168 -1.4559  1.4838 17.7416
432 168  0.0020  0.8868 16.1384
456 168  0.7190 -0.1944 16.3631
480 168 -1.3694 -4.0879 15.1368
504 168 -1.4329 -1.6262 12.5495
528 168 -1.3560 -0.7564 14.1721
552 168 -0.3470 -2.4238 13.5060
576 168 -0.0391 -4.0596 12.6614
600 168 -1.2116 -5.7336 11.6525
624 168 -0.0978 -6.6778 12.8278
648 168  0.1233 -4.3995 12.9120
672 168  0.0425 -2.3241 11.2161
696 168 -0.7413 -0.0506 14.3434
720 168 -1.1909 -0.3974 14.0193
744 168  2.3408 -2.2653 14.4646
768 168  2.6399 -2.6686 15.6102
792 168  1.0338 -3.2202 14.0124
816 168  0.3292 -2.9008 18.1276
840 168  0.0327 -2.4826 13.2603
864 168 -0.2770  1.6555 14.9600
888 168  0.4331  0.5979 13.5086
912 168  2.0417 -0.0095 11.9733
936 168  4.3744 -0.2634 15.2848
960 168  5.6460 -0.6078 13.8132
984 168  4.9440 -0.0677  7.8222
 24 192 -0.0124  0.0726 11.3968
 48 192 -3.7488  1.6970 14.5005
 72 192 -6.2543  2.5763 12.2135
 96 192 -7.5882  1.9678 15.6202
120 192 -7.6704  0.6326 13.6353
144 192 -4.6375 -4.3125 11.5888
168 192 -3.2468 -4.8864 14.6541
192 192 -3.8880 -1.4692 16.8103
216 192 -3.8171 -1.2884 17.6761
240 192 -4.9137 -2.8313 17.6507
264 192 -4.8476 -3.0784 15.4254
288 192 -4.0976 -1.5750 19.3374
312 192 -2.9726 -0.6134 23.5648
336 192 -2.1022 -0.2328 23.1405
360 192 -3.9298 -0.0543 17.9672
384 192 -3.7427 -0.0617 18.9767
408 192 -1.9620  1.2431 17.3386
432 192 -1.2067  0.2376 16.2290
456 192  0.2993 -0.3549 15.6474
480 192  0.8105 -0.9365 13.8543
504 192 -0.3678 -2.0044 14.1663
528 192 -0.5750 -1.8095 17.1677
552 192 -0.1028 -0.7915 16.5691
576 192  0.1230 -2.3957 15.2463
600 192  0.4021 -3.7117 17.6032
624 192  1.3334 -6.1192 10.4197
648 192  2.1497 -3.1302 14.4117
672 192  1.0908 -0.7364 14.0546
696 192  0.5531 -0.0229 16.3412
720 192  0.1374 -2.5243 14.7909
744 192  0.1497 -3.9447 19.0531
768 192  0.7190 -2.9693 16.8894
792 192  0.7156 -2.5803 16.2583
816 192  2.0927 -2.3239 17.9087
840 192  0.4347 -0.7096 13.0505
864 192  0.1837  1.6549 13.9995
888 192  0.4437  0.8971 10.1087
912 192  4.9796 -2.1236 11.7648
936 192  5.9703 -1.9167 13.7620
960 192  6.1176 -1.2229 13.7483
984 192  4.9709 -0.0310  7.8900
 24 216 -0.0036  0.0637 10.8503
 48 216 -4.8407  1.2545 16.7839
 72 216 -7.1904  1.7369 20.0871
 96 216 -7.8304  1.7919 16.9451
120 216 -7.3232  0.7635 16.0242
144 216 -5.0060 -4.5433 15.4132
168 216 -4.8297 -4.1167 16.1929
192 216 -5.0160 -2.1385 17.6830
216 216 -4.6898 -1.3556 16.4706
240 216 -5.6561 -2.6839 16.6059
264 216 -5.4545 -2.4435 15.2883
288 216 -5.1359 -2.7974 18.2555
312 216 -4.0432 -2.4582 14.6366
336 216 -2.1609 -0.7617 13.8780
360 216 -4.5619  0.9593 16.9421
384 216 -4.0258  0.9597 18.7654
408 216 -2.2448 -0.5203 15.5004
432 216 -1.6016 -0.2637 17.7402
456 216 -1.5757 -0.1856 15.2736
480 216 -2.8668  0.2055 11.6338
504 216 -6.8466 -6.1517 10.8780
528 216 -1.7470 -1.7780 12.4147
552 216 -0.3308 -0.1358 14.8260
576 216  0.1983 -1.4794 14.5160
600 216  0.6369 -2.8511 17.3813
624 216  0.7849 -3.6971 12.4827
648 216  1.8418 -2.1139 12.3353
672 216  0.8201 -0.6553 15.7304
696 216  1.2659 -0.3155 14.1043
720 216  2.1221 -1.3263 12.0968
744 216  1.4029 -2.4325 14.5515
768 216  1.1577 -2.2157 15.0795
792 216  1.0418 -1.7446 16.1140
816 216  1.9604 -1.3790 14.0920
840 216  2.9632 -0.2053 13.1526
864 216  2.2354  0.1890 10.4614
888 216  4.0115  0.1644  9.9925
912 216  5.7629 -1.9340 12.8789
936 216  7.5886 -2.6460 14.5023
960 216  5.6389 -4.3588 14.3580
984 216  4.9113 -0.1209  7.8806
 24 240  0.0432 -0.0033 11.2736
 48 240 -5.7897  0.9682 13.5665
 72 240 -5.6872  0.9648 15.6304
 96 240 -5.8777  1.9381 14.9660
120 240 -4.8110  0.2385 15.2400
144 240 -4.0430 -1.4863 17.8896
168 240 -4.3609 -2.5755 17.0848
192 240 -4.1433 -2.1089 16.2016
216 240 -4.2555 -1.7663 16.1831
240 240 -5.2968 -2.6401 14.3896
264 240 -4.9673 -2.5732 11.6579
288 240 -3.7995 -3.3732 13.6322
312 240 -2.2610 -3.7448 13.6338
336 240 -3.7333 -2.2658 14.1809
360 240 -3.0021  1.3761 14.6036
384 240 -2.2834  1.2968 12.8293
408 240 -3.4396 -1.6268 13.6177
432 240 -1.7037 -0.3372 16.6997
456 240 -2.8103  0.1433 19.5981
480 240 -3.2197  0.1522 14.3060
504 240 -7.4495 -5.6000 11.2074
528 240 -5.9452 -1.9046  9.5359
552 240 -3.2002  0.1464 11.0843
576 240 -0.7202 -0.0507 12.5316
600 240 -0.9935 -2.3888 15.5044
624 240 -1.1478 -3.8567 14.6899
648 240 -1.1038 -2.0718 11.7385
672 240  0.1421 -1.2877 14.6904
696 240  0.6963 -2.1530 13.9592
720 240  2.6642 -2.9355 14.7358
744 240  3.1567 -2.0680 14.8964
768 240  4.0254 -0.4120 14.4122
792 240  3.7623  0.1626 14.5764
816 240  2.2431 -0.6828 15.8897
840 240  3.0662 -0.8214 17.8102
864 240  2.6693 -1.1080 15.2218
888 240  2.9083 -1.5594 16.0662
912 240  5.0754 -1.1318 13.8359
936 240  8.2008 -1.8756 15.4394
960 240  6.0793 -2.2487 11.4320
984 240  4.8096 -0.0715  7.7067
 24 264  0.0211 -0.0123 11.8697
 48 264 -3.7075 -0.1973 14.1372
 72 264 -3.8295  0.0988 16.7828
 96 264 -3.6541  0.3519 16.3779
120 264 -3.2356  0.2281 16.9124
144 264 -4.8211 -2.7722 18.3831
168 264 -4.2101 -2.7053 15.4268
192 264 -2.3595 -1.5397 18.6811
216 264 -1.7741 -1.8097 20.1123
240 264  0.0255 -3.4676 15.3452
264 264 -0.1146 -0.3110 17.2680
288 264 -0.6334 -1.3873 15.0549
312 264 -1.3003 -3.6299 14.2767
336 264 -2.5479 -3.0661 13.7787
360 264 -3.0438 -2.7710  8.7498
384 264  0.0329  0.3817 11.0463
408 264 -1.6526 -0.3791 12.9101
432 264 -2.6525 -0.4265 16.2238
456 264 -3.9567 -0.0067 17.2900
480 264 -4.2241 -0.0605 16.1502
504 264 -7.8771 -4.8600 12.9998
528 264 -7.6752 -3.3016  9.0556
552 264 -9.3734  1.5698 15.8252
576 264 -5.5157  1.9195 10.4514
600 264 -3.5760 -0.0544 14.0829
624 264 -3.4947 -1.3782 14.0806
648 264 -5.4052 -1.3916 14.3608
672 264 -2.1212 -2.3092 15.6619
696 264  0.4157 -2.4358 14.0693
720 264  2.5714 -3.3057 13.3666
744 264  3.0679 -2.0248 18.0280
768 264  2.9729 -0.4922 17.0472
792 264  3.9903  2.7195 14.0851
816 264  2.7183  0.0850 12.6798
840 264  2.4566 -0.3647 15.9209
864 264  2.3721 -0.7103 17.3647
888 264  2.5530 -1.7935 18.5997
912 264  2.7803 -1.4142 13.2822
936 264  4.5500 -1.2261  9.5569
960 264  3.7964 -0.4680 11.3776
984 264  4.8878 -0.0301  7.2808
 24 288 -0.0304  0.0128 12.7683
 48 288 -3.1323 -0.4467 17.5699
 72 288 -2.3411 -0.1602 17.0108
 96 288 -2.3048  0.0394 20.7047
120 288 -2.6590  0.7013 19.4478
144 288 -2.8330  0.4979 13.5434
168 288 -2.6900 -8.3615  9.8701
192 288 -0.3882 -2.7732 17.2273
216 288 -0.1571 -2.7898 18.9890
240 288  0.0542 -2.4908 14.8222
264 288 -0.2936 -1.0359 15.6988
288 288 -0.4046 -0.7390 14.9021
312 288 -0.0891 -1.6287 16.2173
336 288 -0.0554 -2.1937 16.6759
360 288 -0.2329 -2.3797 13.9520
384 288 -0.1363  0.8792 15.1484
408 288 -1.7761  0.5708 15.9296
432 288 -2.6146  0.1429 17.4547
456 288 -3.6453  0.2803 16.9693
480 288 -3.9925  0.1967 15.9635
504 288 -5.0383 -0.3630 14.1286
528 288 -6.1725  4.0904  9.9133
552 288 -6.0319  3.9145 16.0444
576 288 -5.1463  2.6638 11.4931
600 288 -4.7337  0.0481 14.2379
624 288 -4.8292 -0.5603 12.3725
648 288 -4.8064 -1.1613 12.8877
672 288 -1.3136 -3.2285 14.3967
696 288  1.9963 -2.2672 15.4320
720 288  2.9176 -2.3007 12.3847
744 288  2.8400 -1.0058 18.2948
768 288  2.5568 -0.0339 18.1806
792 288  2.9846  2.4678 14.4393
816 288  0.8209  4.5791 16.7797
840 288  1.0715  0.1130 16.9618
864 288  1.7306 -0.2216 16.4628
888 288  1.9463 -0.3743 17.3672
912 288  1.5868 -2.1685 16.5927
936 288  1.0546 -1.1771 16.6113
960 288 -1.1653  0.3780 15.8516
984 288  4.7563 -0.0847  7.5460
 24 312 -0.0321  0.0212 12.2371
 48 312 -0.9317  0.0885 16.9931
 72 312 -1.0989 -0.4686 17.6486
 96 312 -2.0541 -0.1244 15.4748
120 312 -2.3475  0.7032 14.1510
144 312 -3.0714 -1.4959 10.0349
168 312 -1.2547 -7.1908 10.8848
192 312 -2.6142 -7.3639 12.9017
216 312  0.3156 -2.5500 18.7142
240 312  0.0861 -1.9352 15.1837
264 312 -0.4352 -1.4546 16.7720
288 312 -0.4867 -1.4052 16.4036
312 312 -0.1806 -1.8317 16.1594
336 312 -0.1754 -1.8167 19.5157
360 312 -0.2608 -1.7900 18.9742
384 312 -2.7499  2.5322 15.2214
408 312 -2.4361  1.2987 14.1190
432 312 -3.4833  0.3887 15.5484
456 312 -5.8273  0.1892 16.2233
480 312 -3.7947  2.5321 14.7608
504 312 -4.8543  0.2719 16.2596
528 312 -5.9990  4.8935 11.4185
552 312 -5.6292  3.8066 18.6961
576 312 -4.5470  3.2083 17.1130
600 312 -0.4732  3.1836 14.8138
624 312  0.4698  2.3093 16.7283
648 312  1.8070  0.1064 12.9976
672 312 -0.0760 -2.2045 15.2038
696 312  2.6762 -1.1847 15.5936
720 312  1.2933 -0.4847 13.4911
744 312  1.3349 -0.4475 20.2548
768 312  1.5290 -0.1867 19.5303
792 312  1.9703  2.9188 13.3169
816 312  0.6903  4.8871 17.4535
840 312  0.1736  3.6976 15.0041
864 312  0.1227  0.5617 14.8547
888 312  0.3809  0.0794 14.9334
912 312  0.3530 -3.0960 14.1826
936 312  0.1088 -3.1222 15.9603
960 312 -1.7805 -0.0209 16.9111
984 312  4.7241 -0.0031  7.8217
 24 336 -0.0318 -0.0017 12.3297
 48 336 -0.4048 -0.2786 13.5929
 72 336  0.0307 -0.3906 18.9175
 96 336 -0.5121  0.1773 15.5673
120 336 -0.5864  1.6905 13.4115
144 336  0.0453 -6.2842  8.8420
168 336 -0.4658 -7.2883 14.1462
192 336 -3.0084 -7.1483 13.6309
216 336  2.7701 -4.0096 18.7704
240 336  2.6129 -3.4495 16.4578
264 336  0.3012 -1.2522 13.8295
288 336 -0.2010 -1.4477 16.2649
312 336 -1.1491 -1.8445 15.1521
336 336 -1.3563 -0.9018 19.0819
360 336 -1.6263 -0.8809 23.9058
384 336 -3.5902  0.8857 16.9562
408 336 -3.4463  1.3483 14.7257
432 336 -6.6475  0.0310 19.0986
456 336 -6.4246  0.2782 15.1109
480 336 -4.4881  3.2905 16.5879
504 336 -4.3351  3.0651 17.4019
528 336  0.3817  7.2335 13.4143
552 336 -0.1586  6.0648 15.9115
576 336 -0.7887  4.2242 16.3184
600 336  0.2630  3.1031 19.4948
624 336  0.5174  2.7071 18.1083
648 336  2.3537  0.7126 15.5771
672 336  2.9006  0.0717 19.3881
696 336  2.1437  0.2619 17.6039
720 336  0.4359 -0.4186 17.3694
744 336  0.8959 -0.6249 19.6794
768 336  1.0874 -0.7816 22.1896
792 336  0.7217  0.4448 14.1260
816 336  0.3468  3.2074 13.3634
840 336  0.1333  3.3178 16.5816
864 336  0.8152  2.9888 13.9213
888 336  2.5702  2.3891 12.5531
912 336  3.3189 -0.7350 11.4814
936 336  0.0509 -2.4459 13.0387
960 336 -0.7486 -0.0907 14.7697
984 336  4.9724  0.1326  8.1426
 24 360 -0.0351 -0.0664 12.5963
 48 360 -1.8591 -1.4989 16.0490
 72 360 -0.4607 -0.3382 16.1042
 96 360 -0.2604  0.1704 17.5461
120 360  0.1826  1.3238 13.0478
144 360 -0.1864  0.2881  8.6797
168 360 -0.2018 -6.2083 10.2677
192 360  0.1255 -4.7922  7.7284
216 360  2.1544 -4.2675  9.6021
240 360  3.6964 -3.2565  8.8066
264 360  4.4853 -2.2945  5.2496
288 360  0.7347 -1.3096  9.3333
312 360 -1.2112 -0.4810 12.8904
336 360 -2.2211 -0.9557 15.7301
360 360 -1.7652 -0.4081 21.2599
384 360 -3.7016  0.2029 21.1557
408 360 -4.9734  1.0207 16.8653
432 360 -7.2176  1.4130 19.2739
456 360 -8.2162  0.6121 14.2457
480 360 -8.4353  2.9960 18.8370
504 360 -6.7241  5.8839 16.0019
528 360 -1.9563  4.9796 16.7231
552 360 -1.3713  4.0776 16.6002
576 360 -0.2653  4.0530 19.1938
600 360  0.3412  3.5310 16.9179
624 360  1.6694  3.3894 15.4509
648 360  2.7597  2.5658 18.3260
672 360  3.1272  0.9205 18.1076
696 360  3.0914  1.3708 15.8146
720 360  1.9139  1.4017 16.6767
744 360  2.0179 -0.2895 18.0508
768 360  1.5250  0.0023 19.2404
792 360  0.5058  0.8916 16.1072
816 360  0.4727  1.7102 13.8839
840 360  2.2224  3.6200 13.9510
864 360  3.0994  3.6105 10.0870
888 360  5.0433  3.1363 15.9316
912 360  5.3535  2.3830 13.6613
936 360  1.5562  0.1070 12.0045
960 360 -0.4206  0.4668 15.4859
984 360  4.8162  0.0417  7.7821
 24 384 -0.0051 -0.0728 12.2721
 48 384 -2.8557 -1.7330 15.4351
 72 384 -2.0381 -0.4561 15.3213
 96 384 -0.3484  0.0105 17.1906
120 384  0.7300 -0.0792 18.6250
144 384  0.9069 -0.4739 12.2859
168 384  3.5509 -3.4152 11.8482
192 384  3.9144 -4.8451 10.5031
216 384  2.3562 -5.9358 10.2170
240 384  0.8495 -4.8640  7.4410
264 384 23.1326 25.9546  4.5974
288 384 -0.0020  0.3715 12.1774
312 384 -1.9561  0.5863 14.2171
336 384 -2.3104 -0.0453 17.7715
360 384 -3.9036  0.9392 19.1365
384 384 -5.1018  0.8349 22.3754
408 384 -6.6336  0.6787 18.8030
432 384 -6.9776  3.5152 24.7093
456 384 -7.9536  3.0257  9.7695
480 384 -3.0399  2.0755 14.9565
504 384 -2.2919  1.8740 19.0104
528 384 -2.7477  4.5907 17.7893
552 384 -2.3848  2.9100 15.4740
576 384 -1.6864  2.7145 18.7203
600 384 -0.1104  3.7056 14.5549
624 384  1.6313  3.0170 15.0652
648 384  2.3141  2.6757 18.1211
672 384  3.0013  1.4331 18.1294
696 384  2.8456  2.6049 14.4047
720 384  3.2052  1.9265 14.1540
744 384  3.3127  0.0937 19.9593
768 384  2.1041  0.8583 18.4379
792 384  0.7383  0.8697 17.7887
816 384  0.1037  0.6235 17.9996
840 384  1.9485  2.6152 12.1618
864 384  2.8792  6.3068 13.6011
888 384  5.2469  3.2878 12.2918
912 384  6.6501  2.2109 14.4151
936 384  4.6145  3.6765 11.2569
960 384 -0.3938  1.0479 12.9570
984 384  1.0469  0.1903  7.6492
 24 408 -0.0008  0.0024 12.3533
 48 408 -2.1952 -1.8231 16.0140
 72 408 -0.1805 -0.9310 15.9782
 96 408  0.8127 -0.5129 16.6791
120 408  1.1784 -0.4123 20.1784
144 408  0.7011 -0.8110 17.5667
168 408  1.8148 -0.9151 15.7499
192 408  3.1075 -2.1545 12.4420
216 408  2.1945 -4.9317 13.4703
240 408  0.1955 -2.8963 14.3575
264 408  0.8595 -0.0654 18.0508
288 408  0.1861  1.6433 18.6040
312 408 -0.2127  2.0493 17.3091
336 408 -3.8616  0.9357 24.5665
360 408 -4.0271  1.1471 18.5193
384 408 -5.9593  1.7316 16.9103
408 408 -6.8626 -0.0062 14.3584
432 408 -4.3915 -0.9588 10.3653
456 408 -2.1748  1.7999 17.9340
480 408 -2.3277  1.9123 20.4040
504 408 -2.2580  2.0007 22.6011
528 408 -3.0573  3.1820 17.9115
552 408 -2.0643  2.8807 19.3567
576 408 -1.9402  2.7494 19.3945
600 408 -1.1606  3.4861 17.1381
624 408 -1.2965  3.5090 18.2107
648 408 -0.9087  4.1096 15.0991
672 408 -0.1617  3.3881 15.5861
696 408 -0.2380  2.8305 14.3303
720 408 -0.5483  3.0356 11.3051
744 408  3.1674  0.7057  9.2013
768 408  1.7990  7.1392  8.8677
792 408 -0.5037  5.9343  9.4899
816 408 -2.7114 -1.3086 16.8858
840 408 -1.6082 -0.4790 18.0713
864 408  5.3503  4.6790 11.7633
888 408  9.2884  5.0443 14.0155
912 408  8.0438  3.3329 12.1649
936 408  6.0268  4.5309 13.6143
960 408  4.2653  4.8629 13.3047
984 408  4.5791  0.0788  7.5863
 24 432  0.0006 -0.0015 12.4793
 48 432  0.3234 -0.3680 13.9747
 72 432  1.2474  0.9603 17.3624
 96 432  1.6056 -0.2915 17.8226
120 432  2.0217 -0.8303 16.6569
144 432  1.0103 -0.5601 14.2164
168 432  0.0159  0.0033 17.8889
192 432 -0.5458 -0.1820 20.2635
216 432 -1.2068 -0.5277 20.7348
240 432 -0.3497 -0.4944 17.9664
264 432  0.6288  0.3752 18.1478
288 432  0.6524  2.0720 16.5020
312 432  4.9444  2.3083 20.7388
336 432  4.3722  1.9153 17.3295
360 432 -2.8427  1.6599 14.3898
384 432 -2.0879  3.5491 17.8468
408 432 -1.7571  3.6915 16.9463
432 432 -2.8242 -5.8840 12.5199
456 432 -3.3454 -3.7396 12.0373
480 432 -2.8182  0.5429 18.1781
504 432 -2.0232  0.9904 19.2559
528 432 -4.1323  2.1458 15.1590
552 432 -5.7592  3.8576 12.8912
576 432 -5.4724  4.2593 14.7610
600 432 -2.1098  3.4918 15.5850
624 432 -1.7741  3.2375 17.1239
648 432 -1.1227  2.4968 14.4507
672 432  0.3907  4.5167 13.2464
696 432 -0.3365  5.9746 13.0135
720 432 -2.6299  6.0985 12.2546
744 432  1.2401  8.9852 19.4703
768 432  2.5483  9.0516 15.9759
792 432  2.8972  8.6715  9.2653
816 432  4.7742  0.8878 12.8279
840 432  1.7805 -2.1679 12.3002
864 432  6.2514  3.6555 13.7852
888 432  8.7790  5.0792 15.5334
912 432  7.8385  4.6126 12.7616
936 432  7.2029  4.8796 14.2974
960 432  5.4375  4.9295 16.0874
984 432  1.0858  0.0262  7.5272
 24 456 -0.0131 -0.0940 12.0921
 48 456  2.3861  1.7846 10.2005
 72 456  1.5784  2.3809 15.9560
 96 456  2.3983  1.3309 13.3431
120 456  1.0537  0.9837 15.7477
144 456  0.6084  1.0536 13.4823
168 456  0.6694  1.2492 18.2447
192 456  0.0670  1.4747 20.5350
216 456 -0.9006  0.6948 20.0712
240 456 -0.5354  0.7324 21.1776
264 456  0.0764  0.6311 16.1995
288 456  2.3477 -0.2334 13.5344
312 456  4.8885  1.6983 17.4121
336 456  4.7622  2.0728 20.9140
360 456  0.4104  1.9624 11.7355
384 456 -2.2828  3.2247 23.3484
408 456 -2.1862  3.0980 20.3830
432 456 -1.1940  2.0264 11.5738
456 456 -1.5162 -4.2886 18.5882
480 456 -2.5034 -3.1852 14.5404
504 456 -3.1847 -1.8103 16.8980
528 456 -3.7154  3.0780 16.2177
552 456 -5.2185  4.6841 13.6864
576 456 -5.8879  4.7519 15.2698
600 456 -6.7470  4.6795 12.2859
624 456 -2.4054  2.3854 13.1246
648 456 -0.7805  2.0006 14.7850
672 456 -1.2355  2.4998 13.8881
696 456 -0.0433  6.4959 15.4883
720 456  0.1026  8.5244 16.8927
744 456  1.0507  9.0335 16.7635
768 456  3.7996 10.2454 10.8806
792 456  6.7229  4.4996 10.4895
816 456  6.0217  2.1467 17.5369
840 456  2.7160  0.6221 14.0419
864 456  1.9178  0.1410 15.1272
888 456  4.8348  2.0316 14.8887
912 456  5.4373  4.3874 15.0679
936 456  6.2098  3.8989 15.1886
960 456  5.4830  2.3032 12.4184
984 456  0.4556 -0.0719  7.3248
 24 480 -0.0359 -0.0238 12.3655
 48 480  0.5135  1.8353 12.9210
 72 480  1.3116  2.9024 15.0341
 96 480  1.8838  3.4585 16.1452
120 480  2.1923  3.8906 14.3147
144 480  1.2164  2.7645 15.0961
168 480  1.1956  2.2255 19.7703
192 480  0.8758  2.7814 18.3873
216 480  0.1877  2.5375 16.9997
240 480 -0.0308  1.1949 18.7885
264 480  0.2024  0.1486 22.7332
288 480  1.0639 -0.9317 17.8543
312 480  1.6490 -0.0684 14.3350
336 480  2.2950  0.7004 18.5039
360 480  2.6146  0.9921 17.9507
384 480 -2.0813  2.6013 13.0561
408 480 -2.1895  2.7331 14.8591
432 480  1.2223 -0.1448 11.0264
456 480 -0.1710 -4.0461 20.5870
480 480 -1.6935 -4.9038 19.8223
504 480 -2.5883 -2.9708 21.6868
528 480 -3.6887  2.9474 19.0436
552 480 -3.9549  3.5238 15.0167
576 480 -5.5669  6.2305 12.4522
600 480 -6.9492  4.5266 12.3867
624 480 -6.0139  3.9253 16.4096
648 480 -4.5198  0.3154 16.8574
672 480 -4.7030  0.3797 15.7908
696 480 -1.3116  5.0344 11.4983
720 480 -0.9948  8.6877 13.4327
744 480  1.8576 11.2785 13.4935
768 480  2.7381 12.8964 14.2387
792 480  0.9179  2.9650  8.8273
816 480  0.3727  3.5330 17.6677
840 480  0.8420  3.6970 17.4758
864 480  0.9737 -1.1826 16.7291
888 480  1.4794 -1.3408 15.5403
912 480  4.0778  2.7555 13.8346
936 480  4.0115  2.1279 16.5257
960 480  4.3749  0.2368 12.6538
984 480  4.8043 -0.0810  7.6581
 24 504 -0.0140  0.0152 12.5737
 48 504 -2.5920  1.7077 16.0134
 72 504  0.3511  4.3411 14.2433
 96 504  1.9818  5.8800 17.5129
120 504  2.8710  6.1267 17.4595
144 504  2.4074  5.8839 12.0246
168 504  1.4139  3.4425 12.5725
192 504  0.3510  3.4983 14.4028
216 504 -0.3837  2.9326 14.1969
240 504 -1.7460  2.4681 15.5495
264 504 -1.4009  0.0842 18.8828
288 504 -0.2832 -1.5266 17.3081
312 504  0.3934 -0.6948 18.6944
336 504  0.9577  0.3759 19.1857
360 504  0.0497  0.8106 15.9149
384 504 -1.7665  0.7479 20.3445
408 504 -1.3202  1.0485 23.0492
432 504 -0.4248  0.1780 13.0928
456 504  1.5147 -1.5530 17.1497
480 504  2.0473 -1.6858 14.7509
504 504  1.7857 -0.7965 11.2821
528 504 -3.9304  2.3067 17.5352
552 504 -3.2753  3.8695 14.3214
576 504  0.8791  5.9357 15.3605
600 504  1.1968  5.7770 11.5983
624 504  2.0674  4.7647 11.0783
648 504 -4.6454  0.3239 12.2325
672 504 -4.7890 -0.1558 13.2063
696 504 -1.4893  9.1849  8.6254
720 504  0.3668 10.1449 12.8742
744 504  2.3850 11.0325 12.0873
768 504  2.5629 12.5928 11.0868
792 504  0.7550  3.7752 10.3986
816 504  0.7426  3.6908 15.9259
840 504  0.6928  3.7388 13.6646
864 504  1.1930 -0.7292 13.0794
888 504 -1.7580 -2.4610 13.6253
912 504  0.7382 -1.6773 11.7627
936 504  2.5536 -0.8417 14.6719
960 504  3.5092 -0.3516 15.4794
984 504  5.0732 -0.0598  8.3670
 24 528  0.0104  0.0425 11.9356
 48 528 -2.2931  1.1842 18.3910
 72 528 -1.3313  4.5509 15.5202
 96 528  0.7088  5.7739 13.6325
120 528  3.8850  7.5120 11.9430
144 528  3.5415  7.8961 12.0802
168 528  1.8397  8.0669 12.8367
192 528  1.4488  7.6273 12.5377
216 528 -0.8139  5.0053 13.0140
240 528 -0.9562  4.8300 16.1543
264 528 -0.0907  3.3984 13.3012
288 528  0.0261  1.1038 12.2696
312 528 -0.0675  0.9640 13.7421
336 528 -3.3748  1.2577 14.9768
360 528 -4.2752  1.5804 19.3654
384 528 -1.3154  0.5060 21.8662
408 528 -0.8558  0.7210 24.9453
432 528  0.0724  0.0690 18.6920
456 528  2.4817 -1.2747 16.2677
480 528  2.5638 -1.1341 18.3116
504 528  3.6172 -0.0707 14.7334
528 528  0.8015  1.1998 15.4683
552 528 -1.1321  1.4026 15.6036
576 528  1.0875  5.5187 14.5855
600 528  2.3893  5.9548 14.8287
624 528  3.7429  2.8392 15.1717
648 528  3.7739  2.7810 11.1879
672 528 -3.9800 -0.0461  9.6440
696 528  2.6894  3.8174 11.5437
720 528  4.5050  9.9521 15.2332
744 528  3.9396 12.2824 12.8253
768 528  3.9305 12.0549 11.5323
792 528  2.8617 11.0926 10.7799
816 528  0.6308  3.2652 16.9254
840 528  0.3971  2.7329 14.0837
864 528  2.5850  1.2929 11.2541
888 528 -4.0850 -4.4118 10.4545
912 528  1.5733 -6.2482 13.5586
936 528  2.7576 -1.7668 14.5903
960 528  2.2151 -0.5936 19.3780
984 528  4.8589  0.0242  7.6335
 24 552 -0.0002  0.0869 11.9968
 48 552 -0.4761  1.9496 16.2535
 72 552 -1.4265  6.8172 22.0974
 96 552 -0.4669  7.6033 18.9709
120 552  0.2358  9.7531 13.2017
144 552  3.6294  8.0606 14.2305
168 552  2.5767  8.8634 13.0779
192 552  2.4404  6.9698 12.5091
216 552  3.6336  7.0632 13.9966
240 552  4.9327  6.1904 15.7947
264 552  2.2148  4.0082 13.3995
288 552  1.5398  3.0677 17.0007
312 552  0.9680  2.8774 17.7315
336 552 -0.4857  1.8109 16.0254
360 552 -2.1758  1.2032 17.4286
384 552 -0.7101  0.2491 19.9083
408 552 -0.2305  0.0993 15.9705
432 552  2.8409  0.5813 13.8497
456 552  5.0003  1.0561 16.9840
480 552  4.2209  0.1477 16.0412
504 552  3.6120 -0.1031 13.1665
528 552  1.0983  0.0939 15.8477
552 552 -0.6416 -0.0092 17.7232
576 552 -0.6832 -0.1341 22.1198
600 552 -0.1743  0.1846 10.8267
624 552  2.9288  0.4505 12.6776
648 552  0.0068 18.5194 10.8556
672 552 -0.1177 17.3748  7.4605
696 552  3.2962  6.9460 11.4979
720 552  1.6746  5.3516 15.4916
744 552  2.2459  9.4167 12.8548
768 552  3.0892  8.2644 11.7011
792 552  1.7653  5.3021 11.1881
816 552 -0.0999  3.2839 17.7448
840 552 -0.7710  3.1476 12.3329
864 552 -0.2656 -1.0162 14.2400
888 552  0.4486 -3.0024  9.7656
912 552  2.1357 -6.7149 12.1702
936 552  1.7729 -4.1288 11.4505
960 552  1.9438 -0.1978 19.4824
984 552  4.7999  0.0548  7.5502
 24 576 -0.0135 -0.0304 12.7564
 48 576 -0.3579  4.6206 16.0018
 72 576 -1.6352  6.5830 20.2099
 96 576 -0.0092  6.4321 16.3058
120 576  2.1726  4.8055 15.2169
144 576  2.0527  5.4379 12.3730
168 576  4.3112  9.9710 11.1384
192 576  3.6621  6.8864 16.5987
216 576  4.4959  6.9340 17.5008
240 576  5.7652  6.3363 18.4328
264 576  5.9955  6.6361 18.7229
288 576  5.1808  6.9380 13.8924
312 576  0.7064  4.4005 12.1423
336 576  0.4760  3.1580 13.2017
360 576 -0.0566  2.5162 20.3412
384 576  0.0496  0.2314 18.4869
408 576  1.6174 -1.6153 11.3992
432 576  5.7777  1.3691 16.4036
456 576  5.6559  2.3608 16.0435
480 576  5.0543  1.5148 15.6979
504 576  3.5080  0.1876 16.2473
528 576  1.6898 -0.1916 16.6604
552 576  0.1597 -0.8753 18.7907
576 576 -0.3914 -1.1516 21.0745
600 576 -0.3244 -2.8678 10.7249
624 576 -1.2237 -2.2566 11.5560
648 576 -2.2401 -18.8832 11.0481
672 576 -3.6126 -17.7225 10.5708
696 576  2.9572  6.7550 12.4804
720 576  1.5335  6.1333 13.4586
744 576  1.6222  7.5577 14.7025
768 576  2.8287  6.3773 13.2425
792 576  0.8213  3.6076 13.7031
816 576 -0.8188  3.6654 15.3278
840 576 -1.5578  2.7391 15.4873
864 576 -0.8849 -1.9187 14.5801
888 576 -0.0934 -3.2316 12.9007
912 576 -0.9130 -5.7496 11.8612
936 576 -2.7641 -2.0140 10.3958
960 576 -1.5282  0.0684 13.0324
984 576  5.0271  0.0795  8.0029
 24 600 -0.0113 -0.0463 12.8429
 48 600  0.3506  4.2328 14.9613
 72 600  1.6475  5.3075 21.4679
 96 600  1.7899  5.0656 17.7543
120 600  1.7812  3.8110 15.1338
144 600  1.5446  4.1174 12.1779
168 600  1.8396  5.0207 10.0099
192 600  3.8531  7.4184 13.7703
216 600  3.7961  6.8090 13.8186
240 600  4.2880  5.8537 14.7430
264 600  5.2149  6.6611 15.2491
288 600  5.0605  7.1160 17.4669
312 600  3.0795  6.2990 12.7140
336 600  0.1760  3.7929 17.1650
360 600 -0.1358  3.5490 19.3602
384 600  0.9906  3.1263 17.2762
408 600  3.7099  0.0835 17.5515
432 600  6.7561  1.2794 16.2283
456 600  8.0283  3.7278 13.3326
480 600  7.8530  2.8773 15.0134
504 600  4.7977  1.1405 15.6446
528 600  3.8001  0.6261 16.8331
552 600  1.4014 -1.1811 16.0844
576 600  1.7342 -2.8736 16.3401
600 600 -0.1084 -4.3551 13.1802
624 600  1.9654 -9.2245  8.9284
648 600  4.5876 34.4788  5.5992
672 600 16.2027 12.0731  8.4777
696 600  3.0394  5.1814 10.4970
720 600  1.9027  4.9029 15.9508
744 600  0.0733  3.6265 14.0861
768 600 -1.0140  1.9063 13.0755
792 600  0.5262  2.1487 15.0178
816 600  0.0722  2.8375 16.2309
840 600 -1.4510  2.2475 18.4888
864 600 -2.0239  0.1810 16.4544
888 600 -2.9251  2.9989 20.8582
912 600 -3.3605  3.5814 20.6649
936 600 -4.4069  0.3807 13.0682
960 600 -1.7643  1.9880 15.8957
984 600  5.0850  0.0717  8.1303
 24 624  0.0280  0.0037 12.0311
 48 624  1.4423  4.3386 21.2574
 72 624  1.1267  4.6159 13.8362
 96 624 -0.2690  2.3201 10.5766
120 624 -2.7329  0.5823 12.9537
144 624 -4.1812 -1.0980 15.9550
168 624 -3.8407 -0.7926 12.2815
192 624  2.7993  7.7680 11.0047
216 624  3.3318  7.1621 14.1100
240 624  2.8867  6.9522 17.3477
264 624  2.7568  6.9870 18.1549
288 624  4.9264  5.2673 13.1916
312 624  3.5117  4.1510 17.3116
336 624  2.1370  4.9558 22.3219
360 624  1.4922  4.7310 21.0943
384 624  2.5736  4.1048 16.6552
408 624  4.0994 -0.6017 14.9884
432 624  7.1079  0.0832 16.1647
456 624  8.1176  1.4619 13.0349
480 624  9.0415  4.6217 11.1208
504 624  6.2796  2.7869 12.6945
528 624  5.3384  0.8490 12.1224
552 624  2.7452 -2.3019 12.3414
576 624  1.8683 -3.9151 17.8352
600 624  1.6998 -7.6559 13.5582
624 624  2.0423 -9.3395 17.2691
648 624  2.7283 -0.9876  9.3834
672 624  2.4282  1.4888 11.5074
696 624  2.7545  4.6010 11.0851
720 624  1.9379  4.9182 14.9299
744 624 -0.0026  5.3664 11.9031
768 624 -0.8651  0.5202 13.5897
792 624  0.3871  2.6785 18.5526
816 624  1.2362  3.3855 18.2110
840 624  0.1191  4.1616 18.6622
864 624 -2.7843  1.0971 21.7690
888 624 -3.0661  3.3762 23.6085
912 624 -2.7291  3.8046 24.9356
936 624 -4.1014  4.5819 12.1055
960 624 -3.2635  2.7378 14.0654
984 624  4.9093 -0.0755  7.5456
 24 648  0.0288  0.0126 12.0841
 48 648  1.7881  3.1954 21.9365
 72 648 -0.5297  3.6779 17.2459
 96 648 -2.8146  2.9533 16.4333
120 648 -2.8581  1.0544 16.3168
144 648 -3.1112 -0.3756 14.4540
168 648 -4.5770 -1.1116 16.5164
192 648 -4.3665 -0.9254 13.0100
216 648  3.1810  6.6529  9.3064
240 648 -0.8076  3.7214 11.3934
264 648  0.8188  3.8464 14.2474
288 648  3.5581  4.0607 17.2052
312 648  2.9046  4.6451 17.6995
336 648  2.3056  5.2792 19.0215
360 648  1.3828  4.8261 19.1217
384 648  3.9973  0.1379 16.0577
408 648  4.3483 -1.5509 14.7562
432 648  3.8841 -1.6989 15.4252
456 648  5.1696  0.9178 10.5325
480 648  8.7882  9.1026 12.1347
504 648  7.8946  3.3268 11.6194
528 648  6.1393  4.0881 13.6063
552 648  2.8697 -3.8199 11.5286
576 648  2.6493 -4.6590 18.5944
600 648  3.3685 -1.7022 13.7002
624 648  3.8798 -2.0790 10.7121
648 648  0.9690 -2.2185  7.9513
672 648  8.2627 -3.6230 12.5558
696 648 -2.8692  0.7541 11.4234
720 648 -3.9606  0.1986 14.4445
744 648  0.5509  8.6605 12.2486
768 648 -0.0396  9.2553 11.6851
792 648 -0.0139  2.7477 19.7538
816 648  0.6422  3.0740 15.8920
840 648  1.1252  3.6108 17.2239
864 648 -2.5666  0.4168 15.8701
888 648 -2.8593  2.8065 17.1094
912 648 -2.2901  3.4947 18.5299
936 648 -5.5090  4.3345 11.3818
960 648 -4.7098  4.7434 12.3096
984 648  4.6539 -0.0086  7.5279
 24 672 -0.0080  0.0456 12.4156
 48 672  1.7426  2.8691 19.3422
 72 672 -0.8249  1.8059 15.9104
 96 672 -2.4220  1.7419 18.9662
120 672 -3.3200  0.4735 15.6863
144 672  8.4638 -2.1805 11.8939
168 672  5.9760 -1.9098 13.8909
192 672  5.8595 -1.6819 18.2145
216 672  5.1773 -1.0163 14.2157
240 672  4.2518  5.7795 13.9407
264 672  0.5587  3.0921 13.4014
288 672 -1.2354  5.1607 15.0468
312 672  0.0667  4.4591 11.6845
336 672  2.2998  3.8776 12.9827
360 672  0.7088  3.1113 19.6117
384 672  0.3693  1.0020 24.9084
408 672  1.9174 -0.2219 14.4359
432 672  1.0272 -5.4339 13.7745
456 672  1.4254 -3.3115  9.2482
480 672  1.2316  8.2857 10.0988
504 672  0.7501  7.8668  9.3773
528 672  3.0482  6.7534 17.7154
552 672  1.0759  4.9156  9.6829
576 672  3.3547 -5.7109 17.4039
600 672  3.2886 -1.4163 18.8696
624 672  3.3958 -2.1494 15.7761
648 672 -0.1751 -9.3569 11.5174
672 672 -0.9384 -6.3093 10.7334
696 672 -2.5586  1.5172 11.5672
720 672 -4.2037  0.2872 18.4462
744 672 -4.0627  0.2662 10.4012
768 672  5.0631 11.1826 15.0749
792 672 -1.4547  2.0620 15.8070
816 672 -1.7373  1.8062 19.8777
840 672  1.2238  2.5122 15.2978
864 672  1.2031  2.9847 18.0292
888 672  1.8697 -0.2868 10.4270
912 672  1.7754 -0.3381 14.0949
936 672  1.6252  0.2708 15.0184
960 672  4.2403  2.7048 14.9213
984 672  4.8452  0.0143  7.8420
 24 696 -0.0031  0.1293 12.5614
 48 696  1.6928  3.0605 16.3755
 72 696 11.8639 -4.3305  9.6663
 96 696 12.9904 -6.5817  9.3952
120 696 12.3046  0.1646  9.3432
144 696 11.2141 -2.6166 15.5523
168 696 11.0354 -2.1075 13.7758
192 696  6.8896 -0.2972 13.8836
216 696  4.8513 -0.4208 15.3245
240 696  2.0589  3.7062 12.1518
264 696 -2.6222  6.9401 19.4134
288 696 -1.6330  5.3706 17.6853
312 696 -0.8545  5.1000 16.9555
336 696 -0.6609 -0.0791 13.8490
360 696  0.0578  0.1618 19.6079
384 696  0.7769  0.2325 20.7951
408 696  0.9003  0.3664 17.0446
432 696 -2.0270 -5.5897 16.2087
456 696 -2.3146  5.2622 11.4637
480 696  0.2157  8.5959 16.2961
504 696  0.3270  5.2812 12.4709
528 696  1.7201  4.3667 14.0835
552 696  3.8778 -5.9538 11.7243
576 696  3.2993 -6.7424 10.4380
600 696 -0.0309  4.8389 15.2310
624 696 -2.1255  3.0661 10.7048
648 696 -0.1565 -9.6644 22.8651
672 696 -0.2399 -9.6624 24.0000
696 696  0.2914 -8.2600 18.6739
720 696  0.1689 -6.8568 11.9314
744 696 -0.9998 -1.0885 11.4802
768 696 -2.8413 -0.2551 11.4828
792 696 -1.0067  1.3589 14.5027
816 696 -1.8444  1.0644 24.3465
840 696 -1.6189  1.1837 22.8060
864 696 -1.0171  1.2269 16.3179
888 696  2.1786 -0.1571 11.6368
912 696  1.6359 -1.1943 16.5135
936 696  0.9077 -0.3394 20.6048
960 696  0.9493  0.2332 13.9307
984 696  4.9077 -0.0180  7.5121
 24 720  0.0153  0.0738 12.6040
 48 720  1.5092  2.3518 10.1112
 72 720 12.7693 -4.1459 10.7775
 96 720 15.6522 -6.9807  9.7396
120 720 10.0355  0.4715 12.3516
144 720 10.9127 -3.2576 13.5182
168 720 11.3381 -2.7054 11.5075
192 720  3.6963  1.6379 11.7059
216 720  2.6348  3.1138 14.0044
240 720  2.0165  3.7030 15.9610
264 720  1.9442  1.8662 12.4705
288 720 -2.5315  3.8989 15.3421
312 720 -3.1563  1.8849 15.7191
336 720 -2.8069 -2.0068 16.8308
360 720 -3.5848 -5.2067 15.7724
384 720 -4.3501 -2.9450 11.6329
408 720 -0.7149 -0.7636 13.1844
432 720 -2.3955 -3.2297 15.5093
456 720 -3.1921  5.0371 12.9248
480 720 -3.2292  5.3566 18.2753
504 720  0.3455  4.7651 17.6032
528 720  0.3711  4.2401 18.4532
552 720 -0.6023  1.8607  7.9152
576 720 -0.0773  4.3332 13.7547
600 720 -0.0208  6.1596 16.8569
624 720 -0.2289  6.6153 16.7001
648 720  2.2087  2.6548 11.7804
672 720 -0.0853 -9.6975 13.0218
696 720  0.6673 -8.7800 15.6922
720 720  0.4686 -7.3591 17.0323
744 720 -0.0692 -5.3487 14.4591
768 720 -1.7535 -3.0032 17.7749
792 720 -2.3815 -3.3905 16.7543
816 720 -2.0157  0.3369 21.3957
840 720 -1.3349  1.1300 22.5698
864 720  0.0965  4.3718 14.4543
888 720  1.9789 -1.9606 10.7117
912 720  2.4589  0.7314 13.8996
936 720  1.1253 -0.0619 14.3856
960 720 11.0418  3.5980  9.4243
984 720  4.7606  0.0221  7.5705
 24 744  0.0338  0.0524 12.1833
 48 744  9.2878 -1.8567 11.7708
 72 744  5.7024  1.8345  9.0062
 96 744  7.3623  1.3474 12.6866
120 744  9.7084  0.2678 15.8978
144 744  5.1317 -0.1607 18.6283
168 744  5.4443  0.3460 16.3866
192 744  4.8603  0.3931 13.2704
216 744  2.2968  1.2382 14.7958
240 744  2.9483  2.5226 17.8049
264 744  2.1506  1.6544 18.2437
288 744 -1.5139  1.6254 18.2508
312 744 -2.7317  1.7613 14.0790
336 744 -2.6782 -1.1578 19.0996
360 744 -2.6333 -0.2066 12.3264
384 744 -6.3265 -4.7389 14.3629
408 744 -4.2242 -3.0896 17.5596
432 744 -2.8619 -1.9836 16.2078
456 744 -2.9860 -1.2117 14.9102
480 744 -2.8772 -0.7707 13.9293
504 744  2.3336  7.1598  9.3358
528 744 -0.0755  6.2484 12.0970
552 744  3.0164  9.4704 18.0434
576 744  3.7554  9.1541 16.9880
600 744  3.5834  7.9094 16.1465
624 744  2.2378  3.7361 18.9504
648 744  2.9333  3.5478 20.3173
672 744  3.5898 -2.3352 12.3297
696 744  5.0842 -2.9248 14.7899
720 744  3.3531 -8.6286  9.5774
744 744  5.4916 -9.0107  9.1458
768 744 -2.0501 -3.6713 17.0681
792 744 -2.0667 -3.3911 19.7175
816 744 -1.9101  1.7083 23.4995
840 744 -1.7217  1.9445 16.0948
864 744 10.3210  2.4531 16.2177
888 744  9.0999  2.1502 11.2246
912 744  9.1640  1.8956 17.3965
936 744  9.8066  2.2088 16.5925
960 744 11.6547  3.9046 13.1220
984 744  4.8478  0.0256  7.6840
 24 768  0.0122  0.0783 12.3997
 48 768  7.1453 -0.5445 11.8421
 72 768  5.9417 -0.5988 12.8087
 96 768  5.9214  0.7861 16.8798
120 768 10.1184  0.0424 11.6016
144 768 11.9684 -1.1856 16.4323
168 768  7.1865 -0.0738 13.5821
192 768  4.3223 -0.2581 16.9387
216 768  3.8020 -1.0905 15.9869
240 768  3.1524  0.9267 14.0917
264 768  2.8020  1.2063 15.1132
288 768  0.8137  0.2108 20.3831
312 768 -0.9391  0.2487 17.3289
336 768 -1.6474 -0.3624 20.0678
360 768 -1.8618  0.1989 14.8309
384 768 -4.6903 -4.1467 15.1295
408 768 -4.2201 -4.6311 19.1302
432 768 -2.8797 -3.9457 14.8537
456 768 -0.3743 -1.7992 18.0567
480 768 -1.5924 -3.1168 13.7692
504 768  0.8164  8.9208 12.4082
528 768  1.4857  9.9590 18.3467
552 768  3.6130 10.0880 15.8128
576 768  3.9295  8.9886 14.7036
600 768  4.0962  7.8428 19.4373
624 768  1.8083  2.3037 13.2459
648 768  3.3038  3.2422 18.4634
672 768  3.9449 -2.0336 16.0919
696 768  4.8582 -2.9380 18.6247
720 768  3.6797 -6.4534 12.2863
744 768  5.7749 -9.1588 14.2136
768 768  4.7015 -7.1821 14.8307
792 768 -1.0310 -1.0630 11.4961
816 768 -2.1095  1.3196 24.8850
840 768 -1.6086  0.4977 13.9163
864 768 10.3351  1.6529 17.0878
888 768  9.3919  1.7071 10.7722
912 768  9.2025  2.0228 12.5382
936 768  8.1988  3.5539 14.9537
960 768  7.3270  7.6229 12.5070
984 768  4.8494  0.0128  7.5396
 24 792  0.0027  0.0113 11.8554
 48 792  3.2877 -0.7490 13.1325
 72 792  6.1848 -1.6766 16.5110
 96 792  9.9230 -3.2031 12.9906
120 792  9.8350 -5.1148 10.7228
144 792 10.7219 -1.5237 14.3723
168 792  8.5726 -0.2975 12.6932
192 792  4.7710 -1.2789 12.9623
216 792  4.8954 -4.1224 14.0823
240 792  3.7534 -7.6443 13.7194
264 792  5.2664  1.6007  9.8097
288 792  0.7039 -0.0963 14.7682
312 792 -0.5992 -0.1365 19.6478
336 792 -0.2952  0.7863 15.3194
360 792 -0.1816  1.6067 15.7691
384 792 -2.0879 -2.9034 16.4722
408 792 -2.4078 -3.3860 16.0238
432 792 -2.7251 -4.4854 14.7134
456 792 -0.1541 -1.0821 20.0650
480 792 -0.1964 -0.8703 18.0042
504 792  0.9180  8.2479 10.5349
528 792  2.4586 10.6113 13.7970
552 792  3.9247 11.4054 16.7456
576 792  4.3866  9.8643 20.0635
600 792  5.1593  7.9130  9.3513
624 792  7.9955 13.1097 17.5973
648 792  6.0448  3.8860  9.7014
672 792  3.9867 -1.7079 13.6161
696 792  4.4184 -2.4903 15.0852
720 792  4.2687 -7.2263 14.6503
744 792  3.8359 -8.6813 13.7385
768 792  2.5390 -7.0626 18.1567
792 792  0.8340 -7.7366 14.2804
816 792 -1.3431 -1.6188 20.1305
840 792 -1.6702 -2.7573 22.8366
864 792  0.2448 -4.1460 10.5148
888 792  8.7803 -0.7219 15.5438
912 792  8.1814  2.4073 10.7295
936 792  7.9029  3.5527 18.8194
960 792  7.9534  7.2286 12.8623
984 792  4.6120 -0.0015  7.2281
 24 816  0.0121 -0.0654 11.6651
 48 816  2.9814 -3.5771 11.8642
 72 816  5.0523 -4.3352 11.3216
 96 816  9.2055 -8.4952 11.3882
120 816  9.5449 -7.2840 12.3757
144 816  8.6158 -2.0978 15.0730
168 816  8.3639 -0.7634 11.8412
192 816  7.7610 -1.4194 10.4195
216 816  9.1235 -3.5596 14.9453
240 816  6.3211 -4.7554 13.4342
264 816  5.3330 -2.1538 12.1895
288 816  5.4079 -0.2579 12.6047
312 816  2.1717 -2.2083 13.1977
336 816 -1.1578 -1.4885 11.3875
360 816 -2.9179 -2.0978 12.2219
384 816 -0.2996 -3.6482 12.0694
408 816 -1.1431 -1.4123 13.3625
432 816 -1.3580 -4.1148 17.8186
456 816 -1.8233 -4.1208 22.9745
480 816 -0.8717 -3.9142 18.8118
504 816  2.0853  6.9886 11.3155
528 816  1.3846  7.0974 15.8413
552 816  3.8347 11.9732 12.2266
576 816  2.2061 13.2038  8.1672
600 816  0.7618  6.2027 13.5098
624 816  8.0426 13.6745 15.6965
648 816  8.8664 12.2346  9.9775
672 816  8.1746  6.6417 14.3322
696 816  6.6594 -3.0488 10.7871
720 816  5.9530 -5.3912 16.4581
744 816  4.4046 -7.7774 11.4712
768 816  0.3480 -6.5730 13.7635
792 816 -1.7317  0.1036 15.8249
816 816 -0.4493 -0.6793 18.1705
840 816 -0.3155 -3.5967 17.2959
864 816  0.3150 -6.7543 12.8608
888 816  7.5629 -2.0647 13.3858
912 816  0.0990 -4.0339 10.5607
936 816  8.4672  3.6351 15.2014
960 816  8.9338  8.0667 11.4757
984 816  4.5762  0.0645  7.2045
 24 840 -0.0034 -0.0323 12.5863
 48 840  2.7930 -4.1694 11.0019
 72 840  9.1004 -9.1804 11.5414
 96 840 10.7543 -8.9375 12.3178
120 840 11.2427 -8.2680 14.1624
144 840  9.9790 -1.8158 12.2930
168 840 11.7184 -2.4232 13.0078
192 840 10.7359 -2.2432 12.5265
216 840  9.9665 -3.0176 12.1842
240 840  6.0469 -3.9347 12.0989
264 840 -14.6699  7.2400  6.7262
288 840 16.4257  0.9284  6.0839
312 840 -1.8461 -3.0558 12.1679
336 840 -1.4083 -4.1055 18.5012
360 840 -1.5436 -3.8999 18.9518
384 840 -0.3030 -4.2588 15.1595
408 840  0.1286 -3.7229  9.0788
432 840 -0.6770 -4.2120 16.2209
456 840 -1.6645 -3.3793 17.6589
480 840 -1.2675 -3.4069 15.4071
504 840 -0.2475  1.0929  9.0842
528 840 -0.2478  6.3642 14.3323
552 840 -1.0662  7.2064 13.6962
576 840 -0.8422 11.8426 17.0031
600 840  0.2072  7.6576 13.7798
624 840  0.1110  9.5274 13.3287
648 840 -0.3249  9.7547 11.7020
672 840 11.9721  4.7693 10.3371
696 840  7.5434 -3.2304 10.8116
720 840  7.2565 -5.1502 18.8182
744 840  7.6810 -6.0660 11.9081
768 840  6.6570  7.4911 17.6804
792 840 -1.8839 -2.7035 12.2266
816 840  0.7154 -1.0602 18.5709
840 840  2.0442 -3.4228 18.4699
864 840  0.4648 -5.3944 16.0470
888 840  0.4578 -6.4609 14.7664
912 840  3.1099 -5.9064 15.8512
936 840 10.4345  4.9631 10.1421
960 840  9.5230  7.1014 12.5068
984 840  4.8283  0.0347  7.5501
 24 864 -0.0088  0.0008 12.7384
 48 864  9.9008 -10.7324  8.5731
 72 864  8.8316 -8.7554 13.8835
 96 864  9.2089 -7.9346 14.3995
120 864 12.1750 -8.0365 10.6970
144 864  6.3554 -7.4651 11.5508
168 864 11.8725 -2.8903  7.6779
192 864  6.2516 -1.0035 11.6556
216 864  7.1847 -2.1175 14.4152
240 864  7.8739  0.5053  9.1569
264 864  3.9991  3.3715  9.9992
288 864 -14.9421 -3.9513 10.0020
312 864 24.8269  8.7458 12.3175
336 864 -1.5011 -4.5317 12.9758
360 864 -2.9888 -1.4433 17.5429
384 864  0.0905 -2.0897 14.4097
408 864  1.2303 -1.5052 10.3082
432 864 -1.2905 -2.9429 12.1453
456 864 -3.3693 -3.1523 13.0884
480 864 -3.4414 -2.9838 14.8536
504 864 -5.2852  7.4755 15.5274
528 864 -3.9297  7.8178 15.9924
552 864 -2.8464  9.4801 17.3667
576 864 -1.6583  9.8255 18.5949
600 864 -2.1722  8.1773 15.3332
624 864 -1.6701  8.2275 15.9830
648 864 -1.7574  9.2633 15.7463
672 864 -1.5183  9.5204 16.8535
696 864  3.0289 -2.1496 14.7334
720 864  3.8657 -2.9937 13.2882
744 864  4.0684 -0.1404 10.5298
768 864  5.8986  8.4219 18.9556
792 864  6.2376  8.5152 17.1557
816 864  4.1058 -0.7140 12.1702
840 864  2.9281 -3.0576 15.7190
864 864  3.7177 -4.0806 12.7978
888 864  5.7189 -4.0628 13.8450
912 864  3.0988 -5.9991 15.4522
936 864  2.8507 -5.7007 11.4815
960 864  3.6535  0.3850 11.0540
984 864  4.8605 -0.1635  7.9781
 24 888  0.0006 -0.0234 12.7239
 48 888  7.2132 -10.7868 15.3293
 72 888  6.9004 -8.6587 17.9848
 96 888  6.7910 -8.1752 19.4617
120 888  6.4023 -6.9862 15.0209
144 888  5.5632 -7.0981 12.6565
168 888  2.9568 -3.9771  9.8419
192 888  2.8059 -1.0424 10.9350
216 888  5.7444  0.0850 12.8653
240 888  5.8022  2.2821  9.5641
264 888  5.2219  3.6801 11.4966
288 888  6.3159  4.7105  9.1479
312 888 24.8615  9.3648  8.6309
336 888  8.4896  3.9726 10.0197
360 888  4.4019 -9.1917 10.0691
384 888  2.5860 -2.9316 15.6594
408 888  1.1081 -2.0529 17.8340
432 888 -0.2566 -2.8900 14.4234
456 888 -3.3927 -3.0507 12.8784
480 888 -4.2515 -2.8687 12.5397
504 888 -4.9829  6.1216 13.8280
528 888 -4.5574  6.3765 15.1794
552 888 -3.8181  8.2833 15.1962
576 888 -2.3084 10.0467 20.2257
600 888 -3.0235  7.8774 14.9595
624 888 -3.2957  7.7267 16.9265
648 888 -2.6137  8.5192 13.7897
672 888 -2.6544  8.8043 10.6636
696 888  3.6344 -2.3806 13.0833
720 888  1.9172 -1.9912 16.7169
744 888  3.0369 -0.2313  9.8706
768 888  3.2223  4.8944 12.9561
792 888  4.0497  2.2255 12.9345
816 888  5.9885  1.0139 15.6323
840 888  5.1137 -0.6501 14.1271
864 888  4.8801 -2.9685 15.3664
888 888  5.3773 -4.0668 14.6623
912 888  5.2996 -3.4107 14.5278
936 888  4.6244 -3.2313 14.1482
960 888  4.9084 -1.4903 11.8506
984 888  4.6728 -0.3046  7.2707
 24 912  0.0001 -0.0157 12.5155
 48 912  6.6143 -11.2648 12.6130
 72 912  5.2588 -9.7468 17.3628
 96 912  5.0790 -9.0241 15.9057
120 912  3.8287 -6.0232 14.0661
144 912  2.2883 -4.7562 15.6667
168 912  0.4251 -1.0194 12.7199
192 912  0.2399 -0.4882 15.3535
216 912  3.9277  0.8728 13.8043
240 912  5.8469  2.3347 12.8938
264 912  8.5877  2.3730 12.8667
288 912 11.0216  3.2925 13.1928
312 912  9.9142  3.9867 13.0537
336 912  8.2524  3.6693 14.3382
360 912  4.5777 -9.6514 11.4103
384 912  1.7621 -5.8162 16.3941
408 912 -0.0117 -3.1129 17.3129
432 912 -1.3236 -0.3184 15.0929
456 912 -2.0634  0.0605 13.2367
480 912 -3.2870  1.8222 11.5851
504 912 -4.3637  5.0180 15.0211
528 912 -4.0382  5.4189 15.1638
552 912 -3.8449  2.8988 13.1647
576 912 -1.1561  6.3403 11.4468
600 912 -2.5970  7.3652 13.1511
624 912 -3.1025  7.3762 14.8158
648 912 -4.4049  9.0512 14.0194
672 912 -4.6874  8.7562 11.6274
696 912 -5.8663  0.3128 15.2507
720 912 -2.1783 -0.0217 13.7789
744 912  3.4726  5.0482 13.3194
768 912  4.0007  5.1025 16.0446
792 912  4.1511  2.3031 22.0511
816 912  4.3861  2.0037 19.4196
840 912  4.7651 -4.6712 14.2375
864 912  4.6946 -3.3990 14.9451
888 912  4.7199 -4.6288 16.5077
912 912  4.8625 -3.2869 13.8987
936 912  4.0365 -3.0275 12.8142
960 912  5.6891 -0.9318 12.8495
984 912  4.9035 -0.0734  7.4357
 24 936 -0.0180 -0.0091 12.5425
 48 936  4.1154 -8.6610 15.8654
 72 936  5.2813 -9.7032 18.0601
 96 936  4.7028 -9.1740 11.8143
120 936  2.4032 -4.8221 14.1233
144 936  1.9149 -4.4005 16.1150
168 936  0.2431 -0.3338 18.2568
192 936  0.7756  0.7907 15.5275
216 936  2.5348  2.8840 10.9572
240 936  5.6326  3.3001 13.8690
264 936  8.4524  2.8469 11.9796
288 936 10.7372  3.1176 11.8273
312 936 10.3952  5.9399 11.0663
336 936  4.9458 -2.2490 10.4186
360 936  3.2115 -5.1958 12.5647
384 936  2.2596 -5.7198 15.8459
408 936  0.2434 -4.8708 17.2917
432 936 -1.3563 -4.6357 15.6746
456 936 -1.9698  0.3474 12.9302
480 936 -2.6671  2.1457 18.1253
504 936 -3.5252  4.0306 14.1410
528 936 -4.1725  4.3217 16.1611
552 936 -4.8344  2.8884 12.8592
576 936 -1.6124  7.7527 13.4071
600 936 -1.7668  7.3856 13.5833
624 936 -9.0822  4.8855 10.1502
648 936 -10.5326  5.6069 10.8195
672 936 -6.7423  7.5318 10.8756
696 936 -3.1994  0.1758  8.4942
720 936  0.3374  1.0009 10.2560
744 936  2.6032  1.8992 12.1932
768 936  4.8919  5.5238 13.3582
792 936  5.1394  1.8506 13.8453
816 936  4.4276  1.7720 17.1437
840 936  4.8672 -4.7107 16.8328
864 936  4.8844 -5.7403 11.8760
888 936  3.6065 -6.9864 11.3086
912 936  4.6405 -4.9183 12.0038
936 936  2.7874 -3.0034 13.5629
960 936  3.1974 -2.8986 16.7815
984 936  5.0173  0.0319  8.1976
 24 960 -0.0291 -0.0081 12.7481
 48 960  9.4202 -6.0571 13.0901
 72 960 -0.4783 -8.8310  7.0747
 96 960  0.0987 -7.0697 14.7237
120 960  1.0359 -5.0651 17.5431
144 960  1.0705 -3.8932 16.3042
168 960  0.4236 -0.3689 10.4882
192 960  4.9299  5.0143 11.9285
216 960  5.7459  4.9936 13.7119
240 960  6.9432  5.2057 16.7994
264 960  8.1311  5.8147 10.1846
288 960  4.9435 -0.7279 17.6318
312 960  3.1485 -2.7047 12.4404
336 960  3.6363 -2.8361 16.5423
360 960  5.4728 -2.2824 10.3690
384 960  4.3582  0.9718 11.5150
408 960  1.2027 -4.7103 16.4276
432 960  0.6654 -4.6697 18.8411
456 960 -2.8289 -0.5727 16.6718
480 960 -3.7688  5.8678 17.2651
504 960 -3.2091  6.3071 15.1874
528 960 -4.0517  5.7158 16.7267
552 960 -4.6438  5.2294 14.8566
576 960 -2.7966  8.9270 10.9946
600 960 -2.0741 11.1989 18.3232
624 960 -9.0566  5.4066  9.8726
648 960 -8.2885  4.8873 12.8838
672 960 -8.7145  3.0759 10.9861
696 960  6.9412 -0.9540 12.3597
720 960  3.8995  1.3211 13.4041
744 960  4.7036  2.1648 13.8396
768 960  9.0591  4.7223 15.4840
792 960  9.8493  3.7529 14.2370
816 960  7.7705 -6.2719  8.3389
840 960  7.8618 -7.7079 14.9023
864 960  5.9527 -7.1451 12.4659
888 960  4.1579 -6.7257 11.7410
912 960  3.4627 -6.9708 14.1605
936 960  2.6838 -3.2234 12.5697
960 960  3.2834 -3.1841 16.2326
984 960  4.9519 -0.0815  8.1205
 24 984 -0.0308  0.0026 15.5613
 48 984 -0.0015 -0.0013 12.3179
 72 984 -0.0174 -0.0037 12.2209
 96 984  0.0491  0.0031 12.1327
120 984  0.0754  0.0019 12.2295
144 984  0.0880 -0.0238 12.0846
168 984  0.0704 -0.0381 11.3557
192 984  0.0298 -0.0138 11.6579
216 984 -0.0535 -0.0068 12.1761
240 984 -0.0407 -0.0002 11.7297
264 984 -0.0098  0.0260 11.8920
288 984  0.0026  0.0298 12.8548
312 984  0.0013  0.0186 12.8318
336 984  0.0047  0.0137 12.5219
360 984  0.0768 -0.0011 11.8453
384 984  0.1116  0.0009 11.8749
408 984  0.0591  0.0071 12.5677
432 984 -0.0044  0.0068 12.6940
456 984 -0.0509  0.0121 12.8048
480 984 -0.0813  0.0030 12.0877
504 984 -0.0798  0.0134 11.9002
528 984 -0.0464  0.0362 12.5202
552 984 -0.0213  0.0291 12.0285
576 984 -0.0332  0.0124 11.4887
600 984 -0.0052  0.0055 12.1158
624 984 -0.0090  0.0254 11.9282
648 984 -0.0347  0.0095 11.2431
672 984 -0.0345  0.0069 12.3224
696 984  0.0889  0.0291 12.6177
720 984  0.1088  0.0318 11.8655
744 984  0.0425  0.0165 12.0612
768 984  0.0355 -0.0372 11.8537
792 984  0.0123 -0.0179 12.3901
816 984  0.0296  0.0158 12.5725
840 984  0.0001 -0.0030 12.3914
864 984  0.0094 -0.0092 12.4172
888 984  0.0265 -0.0024 12.3445
912 984  0.0022 -0.0013 12.2339
936 984  0.1050 -0.0043 12.2931
960 984  0.1335 -0.0009 12.3500
984 984  4.7004 -0.0471 10.8753
