 24  24  0.0078  0.0232 15.1777
 48  24 -0.0105  0.0224 12.5764
 72  24 -0.0090  0.0300 12.5882
 96  24 -0.0194  0.0246 12.7013
120  24  0.0218  0.0213 12.5669
144  24  0.0316  0.0414 12.4031
168  24  0.0322  0.0546 12.1964
192  24 -0.0098  0.0405 12.4128
216  24 -0.0019  0.0220 12.6345
240  24 -0.0144  0.0210 12.6457
264  24 -0.0162  0.0283 12.6847
288  24  0.0031  0.0483 12.3318
312  24  0.0036  0.0474 12.4602
336  24 -0.0002  0.0306 12.6580
360  24 -0.0443  0.0172 12.6136
384  24 -0.0004  0.0165 12.6077
408  24 -0.0057  0.0228 12.6104
432  24 -0.0311  0.0166 12.7610
456  24  0.0061  0.0278 12.2754
480  24  0.0494  0.0330 12.1892
504  24  0.0204  0.0228 12.6142
528  24 -0.0133  0.0214 12.7356
552  24 -0.0024  0.0142 12.8642
576  24 -0.0068  0.0035 12.9134
600  24 -0.0289  0.0126 12.4440
624  24 -0.0113  0.0207 12.4042
648  24 -0.0566  0.0269 12.3239
672  24 -0.0133  0.0270 12.2996
696  24  0.0108  0.0222 12.5318
720  24 -0.0521  0.0246 12.3775
744  24 -0.0145  0.0227 12.9033
768  24 -0.0197  0.0301 12.9783
792  24  0.0018  0.0484 12.2199
816  24 -0.0047  0.0378 12.5296
840  24 -0.0058  0.0203 12.8897
864  24  0.0214  0.0103 12.8232
888  24  0.0296  0.0033 13.0234
912  24  0.0036  0.0147 13.0205
936  24  0.0221  0.0222 12.7998
960  24  0.0315  0.0286 12.5085
984  24  3.1113  0.0499 12.3173
 24  48 -0.0090  0.0028 12.3931
 48  48  9.1308 -4.4929 14.1817
 72  48  5.0975 -5.7504  8.0003
 96  48  9.5660 -0.6986 10.5121
120  48 10.0986 -0.1923 16.4457
144  48  1.0000  1.0000  9.0781
168  48  2.2650 -1.8369 11.5465
192  48  2.7627 -2.3083 11.3090
216  48  5.0854 -6.0506 14.8046
240  48  7.9704  0.0707 16.6874
264  48  8.1038 -0.0618 17.6113
288  48  3.3643  1.2094  8.9572
312  48  4.5113  2.1741 15.1834
336  48  2.1786 -0.0172 17.9191
360  48  1.9014 -0.0210 18.9063
384  48  0.2034 -0.3264 18.7027
408  48 -0.0080  0.2339 17.4440
432  48 -0.3715  0.3236 19.1571
456  48 -0.3326 -0.2862 19.2002
480  48  0.9921 -0.6048 18.0443
504  48  0.9543  2.2054 16.7160
528  48 -0.1157  4.1587 18.0085
552  48 -0.2140  6.6033 15.5577
576  48 -1.9989  6.2272 14.4247
600  48 -2.8274  6.7974 11.7234
624  48 -5.8956  1.1286 13.1149
648  48 -5.1041 -0.0621 17.4766
672  48 -5.1371 -0.2402 15.4585
696  48 -3.8371 -0.9751 13.7660
720  48 -4.2975 -0.0073 19.5203
744  48 -4.7495  1.7494 16.9369
768  48 -4.6341  0.1739 17.3838
792  48 -2.1942 -0.1075 14.9309
816  48 -0.9255 -0.2059 13.5062
840  48 -0.0331  1.1427 15.2740
864  48  1.7588  2.7525 13.0693
888  48  2.1107  2.4366 13.9973
912  48  1.2594  2.9469 17.5255
936  48  2.2666  2.7811 13.4533
960  48  4.9950  1.6446 11.6362
984  48  3.3746  0.0041  8.7646
 24  72 -0.0254  0.0064 12.5709
 48  72  7.3678 -5.9129 12.3100
 72  72  7.9200 -3.8066 11.4595
 96  72  9.0813 -0.2438 14.4645
120  72  9.9281  0.4747 15.1824
144  72  9.9316  0.2798  9.9308
168  72  8.2647 -0.8140 16.6755
192  72  5.8241 -3.1561 14.0141
216  72  4.4578 -3.8933 17.5701
240  72  4.0610 -2.9610 14.1567
264  72  4.7584 -0.6411 13.0363
288  72  3.6170  3.0815 11.9203
312  72  4.2441  2.6196 15.1021
336  72  1.7943 -0.0929 15.8063
360  72  1.5785 -0.1846 18.3812
384  72  0.0821 -0.5428 19.5224
408  72 -0.0208  0.1040 16.5194
432  72 -0.3166  1.1937 14.7271
456  72  0.6784  0.6311 16.5648
480  72  2.0676  0.9553 14.3767
504  72  1.6676  3.2427 17.2712
528  72  0.3743  3.8236 15.4270
552  72  5.7495  5.7047  8.3388
576  72 -2.9949  7.6205 12.6577
600  72 -3.0589  6.5742 14.2777
624  72 -6.9777  1.0733 11.5350
648  72 -6.6718  0.9631 14.3803
672  72 -5.0659  0.0255 12.8925
696  72 -2.0331  1.0928 10.7999
720  72 -7.2918  1.0290 17.8281
744  72 -7.0896  0.7701 14.4759
768  72 -5.5938  0.1330 14.5254
792  72 -4.0010  0.0516 14.9414
816  72 -4.1414 -0.0895 10.5065
840  72 -0.2536  2.3042  9.6291
864  72  0.2868  1.9990 14.2044
888  72  1.6621  2.6573 16.3665
912  72  2.0452  1.6997 16.0963
936  72  2.3228  0.6094 16.7474
960  72  2.5048 -0.3197 15.9761
984  72  3.5401  0.0199  8.8142
 24  96 -0.0098 -0.0146 12.5732
 48  96  5.9085  0.6937 19.6538
 72  96  7.0258 -0.7765 14.7334
 96  96  7.1473 -0.9313 14.1779
120  96 10.2586  1.5979 15.7492
144  96 10.0588  2.1602 18.4715
168  96  8.1740 -0.8939 16.4524
192  96  7.8930 -1.0110 13.2018
216  96  3.9761 -4.6719 14.9399
240  96  2.3922 -0.2280 13.4369
264  96  5.0210  0.0101 13.8116
288  96  3.8279  2.9227 17.2498
312  96  4.3686  2.5078 16.8792
336  96  5.0018  2.7481 14.4685
360  96  1.7860 -0.2792 15.4175
384  96  0.0726 -0.9306 17.9255
408  96  5.0804  4.0144 12.1452
432  96  5.1635  3.8363 13.9482
456  96  3.9314  3.0601 11.7857
480  96  2.8867  4.1483 17.4082
504  96  2.9421  4.0359 21.0305
528  96  2.1671  4.1619 15.1115
552  96  0.9482  8.1440 12.9019
576  96  0.2613  7.4951 11.5140
600  96 -3.6444  5.9553 14.2706
624  96 -2.1311  3.3765 11.4286
648  96 -6.2952  1.0602 14.3215
672  96 -5.1126  1.7573 12.6881
696  96  1.0000  1.0000  7.8830
720  96 -7.0020  0.5165 14.0769
744  96 -7.4597  0.1502 12.2843
768  96 -8.2905  0.9878 17.7212
792  96 -7.7064  0.9374 15.3574
816  96 -5.5126 -1.1019 15.5233
840  96 -4.8727 -2.5556 15.8908
864  96 -0.1376  1.9668 17.4141
888  96  0.1730  1.0834 14.1945
912  96  0.1295  0.1884 16.5957
936  96  2.3117 -0.1675 15.6201
960  96  2.2963 -0.0141 18.5537
984  96  3.5101  0.0165  8.8019
 24 120  0.0031  0.0232 12.6397
 48 120  3.6910  0.6293 15.2989
 72 120  2.3856  0.9428 12.2224
 96 120  6.8923 -0.9376 10.7466
120 120  9.9705  1.4530 14.4430
144 120  9.8369  1.8152 18.1066
168 120  9.7911  2.6398  9.8101
192 120  1.0000  1.0000  9.9764
216 120 11.0275  1.1800 12.7983
240 120  8.8617  2.2287  9.8600
264 120  5.6487  1.9805 11.0382
288 120  6.0743  2.1620 15.7640
312 120  5.5500  1.3284 14.7907
336 120  6.1670  1.5136 18.5438
360 120  6.9074  1.6584 13.3885
384 120  7.7055  0.9759 12.4998
408 120  6.1090  2.0332 16.8749
432 120  5.8422  3.9172 13.4030
456 120  5.1784  5.9044 10.7796
480 120  3.3935  4.6726 13.8982
504 120  2.9024  4.6189 18.4166
528 120  3.5856  4.0866 14.8607
552 120  0.4044  6.8347 13.4670
576 120  0.2128  7.4353 13.8634
600 120 -1.1757  8.1617 12.3226
624 120 -2.2521  3.4239 12.8128
648 120 -1.2333  1.1775 17.6347
672 120  0.0732 -0.4538 18.8951
696 120 -0.1061 -0.1838 17.1406
720 120 -5.2993  1.4189 13.7891
744 120 -5.3543  1.1183 13.0602
768 120 -7.7846  0.7370 14.0497
792 120 -5.7792  0.7422 12.6085
816 120 -4.8059 -0.2497 15.2049
840 120 -4.0462 -0.6648 16.7438
864 120 -1.9615  0.1776 18.8822
888 120 -1.7679  0.1297 18.6214
912 120 -0.5039 -1.0528 14.8697
936 120 -0.1919 -0.2504 16.3741
960 120 -0.0946 -0.5042 15.5141
984 120  3.4077  0.0064  8.9670
 24 144  0.0029  0.0330 12.3085
 48 144  1.6343  1.2736 14.0270
 72 144  3.7883  1.0486 10.3037
 96 144  1.0000  1.0000  7.5246
120 144  1.0000  1.0000  7.9051
144 144 14.0369  0.9512 11.6505
168 144 16.0270 -1.6695 12.2258
192 144  9.0079 -0.8310  9.2812
216 144  9.7841 -0.5589 14.8737
240 144  8.7328  1.7091 11.2582
264 144  2.7749  2.8011 14.4545
288 144  4.0722  0.6663 15.3620
312 144  4.3574  2.1591 11.6705
336 144  5.7200  1.3975 16.7386
360 144  6.4216  1.4081 14.4854
384 144  8.7023  1.5848 15.5769
408 144  5.9936  2.0640 19.4581
432 144  5.8683  1.9612 11.6417
456 144  7.8644  5.4580 13.0755
480 144  7.9474  7.0138 17.7239
504 144  6.8668  7.0115 11.1087
528 144  4.3208  6.1149 16.7484
552 144  3.6278  7.0834 15.9805
576 144  2.5672  7.9909 13.0095
600 144 -0.1179  8.6741 12.4781
624 144  1.8785  2.3541 18.0568
648 144  0.1623  0.3407 18.6570
672 144  0.3895  0.4919 16.3661
696 144 -0.3011  2.4320 16.3071
720 144 -0.2074  2.7360 12.4417
744 144 -2.0658  0.7378 13.5330
768 144 -0.9345 -0.0584 16.2303
792 144 -1.2842  0.6796 15.6574
816 144 -0.3495  0.1872 16.8087
840 144 -3.7047  0.1165 15.2661
864 144 -2.1980 -0.0977 18.0369
888 144 -2.1587 -0.3826 21.2142
912 144 -1.6602 -0.2028 19.6136
936 144 -0.5535 -1.0483 19.9500
960 144  0.1041  0.0805 16.2501
984 144  3.3460 -0.0363  8.6546
 24 168  0.0021  0.0093 12.0758
 48 168  4.1122  0.3066 10.9321
 72 168  7.0646  2.1103 13.8835
 96 168  6.5763  1.9200 11.7591
120 168 -12.7431 -4.0860  7.1885
144 168 15.0152 -0.0960 16.2208
168 168 15.8342 -1.4747 13.1326
192 168 -14.9284 -2.8409  9.2827
216 168 15.3874 -4.6548 11.4340
240 168  3.4596 -0.8609  7.5290
264 168  3.2231 -0.2979 12.9765
288 168  2.8248 -0.1238 15.7450
312 168  2.1916 -0.0031 12.6728
336 168  2.0601  2.1884 14.6448
360 168  2.5450  1.9358 14.8455
384 168  3.9298  1.9512 15.8078
408 168  5.6708  2.1693 15.9797
432 168  9.9327  5.2830 12.7506
456 168  9.5979  6.6243  8.9950
480 168  6.0181  4.0583 11.1691
504 168  7.9427  8.7038 11.0288
528 168  5.3178  7.7427 15.5450
552 168  4.5667  7.5699 14.6546
576 168  3.4253  7.2138 10.4262
600 168  2.0840  3.0394 13.3251
624 168  1.5283  2.4074 18.9645
648 168  0.0057  3.6442 22.6165
672 168 -0.0202  2.3272 19.5142
696 168  0.1749  2.2176 18.0738
720 168  1.0170  1.9082 17.0774
744 168  1.1553  1.6269 12.3011
768 168 -2.7160 -1.8914 13.5626
792 168 -0.2553  0.0002 15.6340
816 168 -0.2574  0.3686 17.1899
840 168 -1.9587  0.1194 14.8088
864 168 -2.1153 -0.2302 18.3996
888 168 -2.4322 -0.4894 18.9066
912 168 -0.8941 -1.3030 18.0456
936 168 -0.7582 -0.9928 17.9048
960 168  0.5464  0.7072 15.3320
984 168  3.3747  0.0084  8.5934
 24 192 -0.0027  0.0070 12.4347
 48 192  1.0000  1.0000  8.7939
 72 192  0.8672  2.7657 13.0210
 96 192 -0.3225  1.2494 11.3451
120 192  1.0000  1.0000  8.0076
144 192 16.6618  0.8808  9.5816
168 192  9.8048 -4.5556  9.3953
192 192  9.7435 -4.1535  9.7110
216 192  9.0035 -6.8524 12.0955
240 192  4.1151 -6.7821  9.7421
264 192  4.1673 -0.2606 17.8781
288 192  1.8194 -0.7273 13.6553
312 192 -0.3000  2.8835 15.1603
336 192  0.4056  2.3906 14.7382
360 192  2.1106  1.2134 16.2731
384 192  2.0688  1.0051 16.6903
408 192  6.0798  2.3089 17.5258
432 192  7.0735  6.7666 14.5855
456 192  7.8715  9.7777 13.2707
480 192  6.4481  7.0081 12.5314
504 192  7.5201  8.1865 13.5693
528 192  6.2822  7.2778 18.4255
552 192  5.7014  6.6582 13.5736
576 192  3.7735  6.5232 14.4308
600 192  3.8327  6.1087 15.5419
624 192  0.0617  2.9399 16.3407
648 192 -0.1583  4.2991 20.3463
672 192 -0.1500  4.2015 18.2782
696 192 -0.1614  1.9074 14.6836
720 192  0.7270  1.4833 11.3554
744 192 -6.9158  0.9039  9.2775
768 192 -4.3615 -0.0980 11.2509
792 192 -3.6469 -0.0299 11.0027
816 192 -3.0143  2.5518 14.3774
840 192 -2.9932  2.2736 14.2510
864 192 -2.2351  0.8581 15.6596
888 192 -3.4012 -0.0352 15.4905
912 192 -3.8009 -1.8002 15.1124
936 192 -3.3251 -1.7548 14.0884
960 192 -1.9823  0.3446 13.6012
984 192  3.4553  0.0610  8.8612
 24 216 -0.0053 -0.0095 12.5709
 48 216 -4.0997  0.2899 12.7789
 72 216 -0.1229  1.2997 13.9696
 96 216  0.1230 -0.9328 15.1331
120 216 -0.0842 -0.6725 10.0833
144 216  1.0000  1.0000  7.7221
168 216 10.3600 -3.1532 10.4722
192 216  8.2777 -7.1172 11.3580
216 216  8.6500 -6.2650 13.6774
240 216  5.9468 -4.0643 15.4193
264 216  5.8586 -2.0941 14.4908
288 216 -2.3742  0.8566  8.7397
312 216 11.8803 -0.1999 10.2555
336 216  7.2647  0.4021 15.1470
360 216  8.2742  0.5538 15.8941
384 216  8.9441  0.7966 13.6658
408 216  6.5848  5.0254 14.0570
432 216  6.6804  4.9473 18.4628
456 216  7.8917  9.7291 13.3825
480 216  8.1275  9.1926 11.5838
504 216  7.7902  6.1952 11.8178
528 216  6.3311  7.2527 16.8203
552 216  5.7331  5.8413 12.0977
576 216  1.7598  3.1822 13.0513
600 216  3.8339  4.6769 13.4928
624 216  3.5751  8.0800 16.3913
648 216  0.0829  4.7472 20.0996
672 216 -0.0770  4.9520 21.6022
696 216 -1.0232  6.1562 11.9971
720 216 -2.8853  7.0940 12.7145
744 216 -3.2669  5.6565 11.4238
768 216 -3.8733  0.9161 10.1464
792 216 -0.0193  5.0153 10.3854
816 216 -3.2141  2.4349 14.1648
840 216 -4.7220  1.6311 13.9175
864 216 -4.7266  1.8698 12.1968
888 216 -4.0977  0.7070 13.1068
912 216 -4.1447  2.6773 11.0374
936 216 -2.0262  0.9031 13.6393
960 216 -1.8846  0.9592 11.8395
984 216  3.5283  0.0223  8.8929
 24 240 -0.0093  0.0128 12.5678
 48 240 -7.7936 -5.8018  9.4363
 72 240  0.1441 -0.9594 11.5559
 96 240  1.1949 -0.1881 13.8914
120 240  4.1593  0.6130 14.8848
144 240  2.8761  0.0081 14.3218
168 240  6.0554 -2.9259 14.6181
192 240  2.1824 -3.9908  7.6750
216 240  6.0352 -1.1764 13.0688
240 240  5.4536 -2.9572 15.1922
264 240  6.2801 -1.8491 15.6589
288 240  6.1349 -2.1415 11.9314
312 240  5.2371 -1.2069 15.4736
336 240  7.0960  0.4046 15.4567
360 240 10.9384  1.7417 13.3254
384 240 12.7071 -4.4944 10.7029
408 240 10.6607  0.6941  8.9323
432 240 -6.0393  1.2737  6.6045
456 240  7.3112  3.0121  8.3797
480 240 11.5851  6.8605 12.3950
504 240 11.7770  6.5328 16.0229
528 240  7.1026  8.9565  7.4413
552 240  8.3396  7.0128 10.4879
576 240  2.3067  2.3394 13.4719
600 240  1.7659  2.4109 14.4725
624 240  2.0554  3.5660 16.8806
648 240 -0.0180  4.6597 16.3892
672 240 -0.2779  5.2571 18.4000
696 240 -1.8705  7.6187 15.3228
720 240 -3.3006  6.8447 12.5918
744 240 -3.8277  5.8041 14.2088
768 240 -3.2087  2.6684 11.2802
792 240 -3.2065  1.8927 10.2197
816 240 -4.2666  0.9488 11.4333
840 240 -5.2325  1.8233 15.9106
864 240 -5.6040  0.4805 16.3793
888 240 -3.9574  2.7099 16.7644
912 240 -1.9442  2.3591 13.2539
936 240  0.1909  0.1363 18.5565
960 240  0.2432  0.8219 18.3839
984 240  3.5356 -0.0107  8.7352
 24 264 -0.0048  0.0170 12.4256
 48 264 -6.7503 -5.2949 19.5809
 72 264 -7.6844 -5.7822 16.1777
 96 264  2.0204 -1.3568 11.1900
120 264  2.0097  0.7742 18.1495
144 264  1.8542 -0.6447 13.6872
168 264  5.7153 -1.7866 13.9709
192 264  5.8175 -2.0346 16.7001
216 264  5.9169 -2.2211 11.5443
240 264  5.2241 -2.9890 13.8337
264 264  6.1192 -1.8190 13.9586
288 264  8.0851 -2.2567 16.2481
312 264  7.0227 -1.6934 14.1780
336 264  7.1263 -0.0486 13.8836
360 264 14.2205  0.3443 11.4339
384 264 12.0931 -6.1834 14.8022
408 264 10.7278 -2.5905 15.3091
432 264  6.7300 -3.9090 11.5182
456 264  5.8601  1.3797  9.7473
480 264  7.3448  2.7281 14.0379
504 264 12.3631  5.6017 13.8011
528 264 12.0517  5.0126 13.4599
552 264 11.1999  5.3747 16.3103
576 264  5.9188  1.9990  9.9612
600 264  4.5035  0.8868 13.5324
624 264  3.4484  0.9970 20.8101
648 264  2.0470  3.3261 11.8646
672 264 -0.6125  5.0598 13.1698
696 264 -2.2242  5.7134 13.9166
720 264 -3.0757  5.9615 13.2415
744 264 -5.0213  4.9527 16.5534
768 264 -6.0594  1.2717 10.6454
792 264 -5.9269  0.4181 10.6068
816 264 -7.7396  1.7784 11.0317
840 264 -5.3745  1.9088 14.7664
864 264 -5.5638  1.8723 14.3449
888 264 -2.3402  1.5980 14.7867
912 264  0.1462  1.5442 13.8584
936 264  0.7206  0.1125 16.5384
960 264  0.0499  0.4293 17.7471
984 264  3.2895  0.0304  8.5640
 24 288  0.0003  0.0114 12.3952
 48 288 -4.1109 -3.0128 16.4055
 72 288 -7.2648 -5.9716 15.3425
 96 288  3.6670  1.1825  9.8010
120 288  3.7682 -0.7037 14.1048
144 288  4.9828 -1.9759 12.2354
168 288  5.2824 -1.8184 18.2191
192 288  5.8234 -1.9002 14.2369
216 288  3.8143 -5.1754 10.4462
240 288  1.0000  1.0000 10.6177
264 288  9.3169 -3.9647 14.9888
288 288  8.4339 -3.8289 17.4332
312 288  7.9317 -4.2907 15.4768
336 288  1.0000  1.0000  8.0794
360 288 13.0116 -4.4035  9.1586
384 288 11.7744 -4.4236 11.0827
408 288 10.6441 -3.1930 10.5142
432 288  7.3254 -4.4271 11.7470
456 288  8.1219 -2.9119  9.2613
480 288 10.2790 -1.2823 13.9799
504 288 12.9458  4.3679 11.1956
528 288 13.0053  4.1283 13.6477
552 288  9.0584  2.9373 10.8534
576 288  5.4870  0.8977 12.1086
600 288  5.6189  0.1726 14.2880
624 288  4.6617 -0.5146 14.7902
648 288  3.9182  0.3025 17.2845
672 288 -1.8515  6.0091 13.5779
696 288 -2.0287  6.1872 15.1835
720 288 -3.1679  6.0764 15.8630
744 288 -4.8910  5.1880 15.4695
768 288 -7.9239  3.0952 12.3693
792 288 -7.9837  3.1023 12.8501
816 288 -7.7862  3.5470 12.3825
840 288 -3.1672  2.2816 10.6009
864 288 -2.0946  1.8923 13.1464
888 288 -1.4986  0.7862 15.8848
912 288 -0.0118  0.9840 17.1169
936 288 -0.6547  0.2082 17.7655
960 288 -0.2840  0.0667 16.4746
984 288  3.5056  0.0255  8.7454
 24 312  0.0035  0.0044 12.4724
 48 312 -0.9453 -10.0312  7.2623
 72 312 -2.0854 -10.3018 12.2294
 96 312 -3.0846 -11.0142 12.4208
120 312  1.0000  1.0000  7.4606
144 312  3.1657 -1.7257  6.8581
168 312  4.3156 -2.7980 16.6892
192 312  7.4087 -1.9091 13.1524
216 312  7.7533  0.1166 11.5772
240 312  6.1016 -5.9588 12.1208
264 312  4.0484 -6.1396 10.9725
288 312  8.2566 -5.2435 12.6174
312 312  6.9465 -2.3072 13.7655
336 312  6.8173 -2.2578 16.2460
360 312  7.3182 -6.1902  8.9217
384 312  9.8392 -11.9620 14.4919
408 312 11.9212 -7.8189 13.0931
432 312 11.8021 -5.2837 13.6586
456 312  8.9671 -3.2514 13.4281
480 312 10.0189 -1.9821 13.9880
504 312 10.4460  0.0575 11.8674
528 312 13.9602  2.9668 14.8809
552 312 -5.3527 22.0298 11.1743
576 312 22.5688 14.4153 11.0346
600 312 10.4761  2.8055  9.8053
624 312  5.1227 -0.4891 14.4249
648 312  5.2525 -0.1152 19.9294
672 312 -1.1997  7.1246 22.4337
696 312 -2.0413  7.3518 15.2516
720 312 -3.3912  7.7885 14.7767
744 312 -4.8566  5.4770 13.8063
768 312 -4.4535  5.0140 12.6353
792 312 -4.0592  4.7963 13.2368
816 312 -4.2980  2.8287 13.6574
840 312 -3.8168  2.2786 10.0916
864 312 -2.8908  2.9059 12.5470
888 312 -2.8040  1.2027 15.6095
912 312 -1.9072  1.6536 19.9988
936 312 -2.0554  0.9362 16.8503
960 312 -2.9081  0.1005 16.5076
984 312  3.5362  0.0273  8.9161
 24 336 -0.0012  0.0213 12.5716
 48 336  6.0810 -3.4295  7.9157
 72 336 -2.1321 -11.5168 15.9987
 96 336 -2.8440 -9.8756 15.8712
120 336 -0.0676 -6.1182  9.2982
144 336  0.1610 -4.1581 15.2063
168 336  4.2058 -2.8706 14.8887
192 336  2.2766  0.1705 17.0860
216 336  2.8606 -0.6124  9.2475
240 336  5.2246 -7.0916 14.0665
264 336  3.9291 -3.5661 12.6357
288 336  3.4616 -2.2313 17.7891
312 336  6.2008 -1.3192 12.5744
336 336  6.1135 -5.2937 11.6049
360 336 10.7153 -9.0211 13.1616
384 336  9.5298 -12.1262 18.0690
408 336  7.9273 -11.9158 14.7478
432 336  5.7369 -5.3750 13.5359
456 336  7.8949 -3.1087 17.5934
480 336  9.6325 -0.9043 14.5793
504 336 10.3445 -0.0509 18.9595
528 336  9.8995  0.0747 20.5831
552 336  9.1012  0.0228 16.7729
576 336  7.9666 -1.1576 12.5629
600 336  3.7453 -5.5833  9.7060
624 336 -7.2827 -0.0189 14.0416
648 336  1.0000  1.0000  8.8025
672 336 -0.2295  3.8387 17.5451
696 336 -3.4945  5.5192 14.0328
720 336 -2.8288  4.1700  9.8061
744 336 -4.0682  5.3721 14.3132
768 336 -3.9731  5.7957 15.8943
792 336 -4.4004  5.6838 15.4944
816 336 -6.8477  5.1349 14.9804
840 336 -4.9916  4.0161 16.0398
864 336 -7.8442  2.6236 14.1640
888 336 -7.9816  2.7837 15.3915
912 336 -3.2283  1.1365 13.3398
936 336 -3.1553  1.1217 15.6904
960 336 -3.9615  1.1111 13.3922
984 336  3.5116  0.0291  8.7266
 24 360 -0.0042 -0.0056 12.4817
 48 360  1.4624 -3.7049 12.9068
 72 360 -0.0184 -7.2942  9.8034
 96 360  2.0338 -8.6467 12.7551
120 360 -0.2855 -4.9835 13.0872
144 360  1.0505 -3.9835 21.1778
168 360  0.6318 -0.7819 17.5994
192 360  0.3080  0.0498 19.3125
216 360 -0.0270 -0.1048 24.2030
240 360  2.0871 -0.0938 15.4847
264 360  3.3801 -3.8761 12.7835
288 360  3.2972 -4.0965 16.7234
312 360  6.1738 -1.0984 11.6294
336 360 10.2521 -7.7051 17.9216
360 360 10.1228 -7.9449 14.8816
384 360 11.9016 -11.1488 11.7899
408 360  4.9680 -8.6715 10.8483
432 360  6.5981 -6.0010 15.8153
456 360  5.6086 -4.7480 16.7948
480 360  7.7717 -2.1013 13.3727
504 360 10.0265 -0.0746 18.5585
528 360  9.3981 -0.0833 18.4379
552 360  8.7868 -0.5092 16.6939
576 360  8.2159 -1.3769 14.3868
600 360  6.9353  1.6163 12.1790
624 360  8.9802 -9.1370 11.3885
648 360  4.0773 -10.1572  8.6561
672 360 -3.7358  5.1716 27.8220
696 360 -4.0871  5.6236 20.1879
720 360 -2.3924  4.2415 13.6396
744 360 -1.7747  5.0126 15.9857
768 360  0.4715  6.3312 12.0730
792 360  2.4294  6.3044 11.0330
816 360 -10.1518  8.2714  8.6052
840 360 -4.3884  7.0227 11.3897
864 360 -5.3482  6.1903 11.1306
888 360 -7.0882  1.8523 16.0686
912 360 -7.7672  1.9799 14.3045
936 360 -0.0901  1.3090 10.4225
960 360 -5.0116  1.9902 15.2036
984 360  3.5119  0.0209  8.5970
 24 384 -0.0013 -0.0307 12.4155
 48 384 -2.8680 -2.0872 15.3646
 72 384  0.0762 -2.6242 15.3774
 96 384  4.0556 -11.1732 11.1934
120 384 -2.5120 -6.1771 10.8217
144 384  3.6946 -4.7518 15.0906
168 384  0.1958 -0.0698 21.6967
192 384  0.2449 -0.0182 20.0190
216 384  0.0370 -0.0358 22.0332
240 384  2.8077  0.7054 16.3468
264 384  3.2400  0.0256 14.5585
288 384  0.3789 -4.2348  9.7050
312 384  0.4693 -4.2378  8.7275
336 384  4.9031 -5.8993 12.6163
360 384  8.6098 -6.3805 11.6511
384 384  7.1764 -8.9221 16.2452
408 384  6.4758 -8.2794 21.5346
432 384  5.9559 -5.9803 15.6631
456 384  6.1222 -5.8804 16.3295
480 384  7.7684 -2.3612 12.9233
504 384  7.8371 -2.4388 16.8450
528 384  9.7703 -2.9175 14.5705
552 384 11.1749 -3.1128 17.5832
576 384  9.3358 -5.7688  8.9637
600 384  9.1724 -5.8478 14.1055
624 384  7.1458 -7.8703  9.2274
648 384 -0.8227 -5.3675 20.0932
672 384 -2.1774  2.1835 10.6187
696 384 -3.0179  2.7619 16.3158
720 384 -1.0610  3.0145 15.5239
744 384  0.1704  3.2735 13.0327
768 384  4.1731  5.2427 11.6871
792 384  6.8314  5.9081  9.9108
816 384  2.1653 -9.0501  7.2790
840 384 -0.3525  9.2329 12.5789
864 384 -6.8061  8.6523  8.6562
888 384 -6.0219  4.2207 11.5817
912 384 -6.8625  1.3263 13.8655
936 384 -5.4402  2.7688 13.9775
960 384 -8.8496  2.1691 13.6657
984 384  3.5186 -0.0163  8.3012
 24 408 -0.0135 -0.0102 12.5949
 48 408 -2.9808 -2.6224 14.9791
 72 408 -2.8299 -3.2924 14.8211
 96 408 -1.7988  1.7087 12.4126
120 408 -1.7907  1.9277 11.8803
144 408 -3.3046 -1.7771 15.2846
168 408 -0.2535 -0.9325 17.4542
192 408 -0.2744 -0.7980 16.4223
216 408 -4.3044 -3.7688 13.6310
240 408  3.7346 -1.3602 14.5325
264 408  4.0373 -1.1720 15.7864
288 408  2.2107 -1.2013 11.3674
312 408  0.6271 -4.1080  9.8238
336 408  3.5812 -4.6953 13.8647
360 408  9.0170 -7.7320 13.0351
384 408  7.9479 -6.4496  9.1964
408 408  6.9708 -7.8506 14.2316
432 408  6.0514 -6.9419 15.8173
456 408  5.8190 -6.2616 14.4397
480 408  6.0879 -5.7891 15.2902
504 408  7.0721 -5.7662 13.5890
528 408 10.4228 -6.0006 15.5182
552 408 10.1127 -6.0141 14.7161
576 408  7.8559 -7.8524 11.9057
600 408  8.4560 -8.7534 21.2440
624 408  0.8557 -7.8943 12.8268
648 408 -0.1421 -5.4621 16.9207
672 408 -0.4016 -4.4685 13.9317
696 408 -0.3065  1.8247 21.6565
720 408 -0.3818  2.8791 16.2683
744 408  0.0999  2.8757 14.7386
768 408  0.0620  2.7216 17.3879
792 408  0.0471  3.6300 18.0699
816 408  1.2064  6.3366  8.8702
840 408 -0.1361 11.8928 12.2845
864 408  0.0951 14.9144  8.2104
888 408 -5.6147 -1.0176  7.1188
912 408 -13.9662  0.2625 11.4772
936 408 -12.4477  0.1543 11.3271
960 408 -8.7504  2.0829 12.3977
984 408  3.4979  0.0126  8.3360
 24 432 -0.0079 -0.0017 12.4960
 48 432 -11.0369 -3.2192  7.7995
 72 432 -3.0555 -3.9775 15.4131
 96 432 -0.3451 -4.9545 11.9881
120 432 -1.7556 -3.0320 11.2872
144 432 -3.2123 -1.9399 14.0698
168 432 -1.1088 -2.0229 15.6941
192 432 -0.1947  0.1635 13.5196
216 432 -1.8619  0.8824  8.3727
240 432  2.8558 -0.7661 14.1966
264 432  2.9408 -1.1965 15.5683
288 432  1.6847 -1.2571 13.6812
312 432  1.0000  1.0000 10.8634
336 432  9.1033 -7.6608 17.4287
360 432  9.1408 -6.2729 18.0187
384 432  8.2615 -5.5202 12.9249
408 432  8.8450 -5.2297 14.1149
432 432  7.8301 -7.6714 11.8349
456 432  7.4126 -5.9417 11.6983
480 432  7.7004 -6.0618 12.4234
504 432  8.1053 -7.6880 13.0058
528 432  8.0388 -8.2289 12.8072
552 432  6.2236 -8.9984 15.2694
576 432  6.0327 -9.0975 14.3989
600 432  7.7195 -8.4776 17.8764
624 432  0.3740 -8.0148 11.9062
648 432  0.2258 -7.6963 20.5519
672 432 -1.3412 -0.0509 14.8520
696 432 -3.1502  0.3903 19.9339
720 432 -2.1053  0.9041 15.3862
744 432 -1.7182  0.8053 16.6982
768 432 -0.9556  0.9535 14.9139
792 432  0.2348  4.5925 18.1335
816 432  0.0123 10.2683 11.2191
840 432  0.0622 10.9443 14.0424
864 432 -6.2001  0.1895 13.8955
888 432 -6.7820  0.1114 15.9300
912 432 -13.9021  2.3072 13.9456
936 432 -12.8353  1.7615 16.1279
960 432 -2.9419 -1.8125 11.1221
984 432  3.5085 -0.0443  8.5362
 24 456 -0.0067 -0.0054 12.1277
 48 456 -12.1479 -3.9764 14.7134
 72 456 -8.0885 -2.9228 10.3378
 96 456 -6.3520 -0.7838 10.0724
120 456 -7.5615  1.3256  9.4816
144 456 -2.3544 -4.4236 10.3655
168 456 -0.9621 -1.9277 11.5044
192 456 -6.1382 -0.8452  9.9095
216 456  1.0000  1.0000  8.0610
240 456  2.8247 -0.1563 16.0080
264 456  4.7593 -1.7176 17.9696
288 456  4.9110 -1.4371 21.0984
312 456  1.0000  1.0000  8.5413
336 456  8.2093 -6.2321 13.9687
360 456  8.9187 -5.9638 15.3662
384 456  7.2991 -2.4139 12.6947
408 456  8.1373 -5.1741 11.6708
432 456  9.0129 -6.1050 14.4992
456 456  8.4687 -6.2988 14.4708
480 456  7.5235 -5.9960 13.7962
504 456  8.0053 -6.0481 12.6231
528 456  7.6867 -8.8557 11.8335
552 456  6.1516 -9.0463 17.3045
576 456  2.3399 -6.9280 10.6994
600 456  2.8410 -6.2261 11.9636
624 456  0.3157 -5.4564 16.2221
648 456 -1.9255 -6.3503 16.3817
672 456 -3.6906  0.2051 12.1414
696 456 -3.7428 -0.4971 22.0243
720 456 -2.8147 -0.9122 18.1764
744 456 -1.6110 -3.0778 17.1121
768 456 -0.6773 -3.6975 15.3628
792 456 -1.2478  1.0478 16.5018
816 456 -0.8391  7.5662 14.2506
840 456 -0.8167  8.2322 11.2540
864 456 -5.0439  1.2104 15.0456
888 456 -4.9569  0.7225 17.1460
912 456 -3.1813  4.4015 14.8032
936 456 -0.1111  3.8733  8.7582
960 456 -3.9209 -4.2114 12.3152
984 456  3.5110  0.0157  8.5502
 24 480 -0.0019 -0.0354 12.0067
 48 480 -6.0261 -2.9659 12.1743
 72 480 -5.9724 -1.1946 10.8062
 96 480 -6.0040 -0.9920 12.6940
120 480 -2.1466 -3.9953 16.6847
144 480 -1.4694 -2.1123 14.6949
168 480 -0.4420 -2.0963 16.0921
192 480 -0.5402 -1.5708 16.4842
216 480 -1.4002 -1.2830 11.2272
240 480  3.2888 -2.9177 18.2217
264 480  3.3763 -2.7442 19.6524
288 480  2.2073 -1.1124 18.0443
312 480  1.0000  1.0000  7.8892
336 480  7.9091 -3.7985 12.4040
360 480  8.0423 -3.1233 13.8848
384 480  6.8619 -2.1968 17.5316
408 480  6.1778 -1.0248 13.0205
432 480  6.0062 -4.0104 11.8257
456 480  6.0432 -4.1282 18.0077
480 480  7.3813 -4.9987 17.3028
504 480  8.3811 -6.0469 22.1423
528 480  7.6359 -7.0114 15.1710
552 480  6.5361 -8.4202 17.4325
576 480  3.7142 -5.3102 13.7510
600 480  3.0322 -5.0522 16.9631
624 480  0.7023 -5.3192 17.6293
648 480 -1.0641 -6.9922 20.8824
672 480 -1.0640 -7.0931 10.7129
696 480 -2.6070 -0.2460 12.5727
720 480 -0.8790 -1.6574 15.4543
744 480 -0.7836 -3.1617 14.0989
768 480 -0.7737 -2.9919 14.2898
792 480 -1.7479 -1.1021 14.1220
816 480 -2.7797  3.0462 13.3892
840 480 -0.3106  5.7254  7.6918
864 480 -4.1886 -3.2907 14.7679
888 480 -3.9013 -3.0684 17.4638
912 480 -3.9925  1.1699 14.7399
936 480 -0.1208 -2.7828 12.5698
960 480 -0.1537 -2.9178 11.0352
984 480  3.2268  0.0190  8.5805
 24 504  0.0074 -0.0413 11.8302
 48 504 -4.1912 -3.0216 14.1294
 72 504 -4.1014 -2.0679 13.2039
 96 504 -2.6930 -3.8530 19.5148
120 504 -2.9625 -3.4295 18.9508
144 504 -1.9739 -0.9549 17.4496
168 504 -2.4769 -1.4443 16.5321
192 504 -1.8014 -1.2343 17.2292
216 504 -1.7651 -1.1406 15.6210
240 504  0.1457 -2.1616 14.1640
264 504  1.5575 -2.1412 14.6906
288 504  1.9605 -1.1855  9.0884
312 504  1.0000  1.0000 10.4157
336 504  7.7575 -3.9339 15.1489
360 504  5.8001 -4.3107 13.2303
384 504  6.9373 -1.0036 16.6810
408 504  7.1660 -0.8077 15.3753
432 504  8.2677 -1.0783 18.7991
456 504  8.8156 -1.8793 15.1781
480 504  8.2236 -3.9188 14.0676
504 504  8.3575 -5.1524 17.5172
528 504  8.0396 -4.4480 13.7664
552 504  5.6689 -1.1407 10.9213
576 504  4.0521 -4.6132 14.4124
600 504  3.5543 -4.7819 16.9282
624 504  2.3324 -4.1725 15.9255
648 504  4.2226 -6.9881 14.7685
672 504  4.0108 -6.7927 14.9293
696 504  1.5090  0.9292 12.0874
720 504  0.8863  0.3904 14.5465
744 504  0.2918 -2.2868 16.3120
768 504  0.0296 -2.3559 15.9168
792 504 -0.2039 -2.9332 13.8999
816 504 -5.3427  4.0698 11.6281
840 504 -3.9582 12.6785  9.9195
864 504 -3.0251 -4.1896 18.6363
888 504 -3.6714 -4.0048 17.4528
912 504  0.9414 -1.9672 14.4690
936 504 -0.5710 -2.9257 15.2170
960 504 -0.2841 -2.6899 12.8004
984 504  3.1475  0.0260  8.5479
 24 528 -0.0046  0.0098 12.1602
 48 528 -1.8573 -1.8598 18.3087
 72 528 -4.2357 -2.3175  9.6894
 96 528 -3.3493 -3.1458 18.1437
120 528 -3.2471 -2.9792 17.4068
144 528 -3.0691 -0.6727 15.9445
168 528 -2.7415 -0.2438 17.3446
192 528 -0.7895  0.1218 16.6864
216 528  1.9507 -0.9546 14.7704
240 528  1.9229 -1.4486 12.8723
264 528  6.1899 -2.7381 12.8796
288 528  5.8904  0.8786 11.2234
312 528  5.8634 -0.3160 13.8783
336 528  4.1507 -3.1400 14.1255
360 528  6.1312 -0.8693  9.6067
384 528  6.9343 -0.4220 16.4321
408 528  7.6514 -1.1000 19.4559
432 528  8.1127 -1.1766 19.1613
456 528  8.1377 -1.6810 14.8160
480 528  8.7609 -2.7690 18.6940
504 528  8.2686 -3.2288 14.1958
528 528  8.6652 -3.7292 13.8439
552 528  8.5955 -3.8059 14.9135
576 528  7.6694 -4.0653 11.9927
600 528  5.4103 -4.4045 14.6906
624 528  4.4496 -3.5091 11.8275
648 528  5.2762 -3.2926 14.1816
672 528  3.4372 -3.0449 13.9492
696 528  1.9122 -1.6324 14.7093
720 528  2.0967 -0.8595 13.6090
744 528  1.8938 -2.7661 20.9210
768 528  1.7108 -3.2458 17.4696
792 528 -4.6086  2.3373 14.0463
816 528 -3.5549  1.4186 11.0404
840 528 -1.9105 10.8488 11.5465
864 528 -2.6588 -4.3820 12.4509
888 528 -2.2681 -3.4955 12.3137
912 528 -0.0141 -3.7920 16.4910
936 528 -0.4957 -3.4000 14.8733
960 528 -3.9977 -1.1654 13.2615
984 528  3.5369 -0.0170  8.6080
 24 552 -0.0059 -0.0087 12.6079
 48 552 -2.9056 -0.2385 18.3225
 72 552 -3.5050 -0.2710 14.4707
 96 552 -3.8374 -4.1992 13.3046
120 552 -3.2941 -1.9810 14.7565
144 552 -1.6197  0.1736 21.3958
168 552 -1.5207  0.0438 18.5106
192 552  0.0013 -0.8647 14.8551
216 552  1.1786 -1.1857 13.6468
240 552  1.9470 -1.1137 17.7170
264 552  0.9963 -2.1069 13.6067
288 552  7.2041 -0.0805 11.3244
312 552  5.7765 -1.3619 15.5610
336 552  2.6919 -0.1300 15.6760
360 552  3.2569 -0.2109 15.9640
384 552  6.5191 -1.9857 12.8291
408 552  7.7460 -1.3328 16.5194
432 552  7.8871 -1.4297 16.8736
456 552  8.3536 -2.4844 16.6977
480 552  8.3962 -3.0008 20.5946
504 552  8.0037 -3.2149 17.6147
528 552  7.9214 -3.3561 14.2248
552 552  8.4592 -3.6984 15.8673
576 552  7.8765 -4.0381 16.9738
600 552  5.7566 -3.5524 14.3822
624 552  4.6632 -2.4715 13.8437
648 552  4.2518 -2.1025 11.9094
672 552  2.9628 -2.0548 17.6923
696 552  2.1185 -2.2291 19.9430
720 552  2.0141 -2.3298 19.2817
744 552  1.4973 -2.3493 19.4060
768 552  1.8609 -2.9385 14.4075
792 552 -2.0697  1.0152 18.5576
816 552 -1.8064  1.7109 16.4908
840 552 -1.7215  9.8803 13.8376
864 552 -0.0276  5.0601 12.4444
888 552 -1.9410 -2.9392 17.7324
912 552 -2.0891 -2.6876 17.2583
936 552 -3.4057 -1.0526 13.6433
960 552 -4.9047 -1.1179 18.1588
984 552  3.5249  0.0002  8.6472
 24 576 -0.0105 -0.0222 12.5790
 48 576 -3.1900 -0.1793 13.5224
 72 576 -3.7620 -4.2475 14.8396
 96 576 -3.8153 -4.9699 17.9556
120 576 -3.3275 -1.9979 15.4329
144 576 -3.1959 -0.7719 18.3641
168 576 -1.5936  0.3513 17.4724
192 576  0.1257 -1.7578 13.8065
216 576  1.5774 -0.7983 15.4999
240 576  1.8518 -0.7716 16.2819
264 576 -0.1685 -1.0125 14.5479
288 576  6.9200 -4.2039 12.0558
312 576  5.7140 -2.3748 17.4463
336 576  6.1263 -2.0603 16.2542
360 576  6.6675 -2.3077 15.5368
384 576  7.5892 -2.5679 14.6858
408 576  7.8935 -1.8416 15.6002
432 576  5.8164 -2.1410 16.3523
456 576  6.5032 -3.0902 16.8240
480 576  8.5601 -3.1213 16.7594
504 576  7.6835 -4.1794 14.5027
528 576  6.4018 -4.6836 14.7306
552 576  5.9616 -4.8108 13.3207
576 576  4.8404 -3.0618 15.0318
600 576  5.1034 -3.2284 14.0492
624 576 -8.2860  1.9620 10.1617
648 576 13.2036 -2.0572 12.6474
672 576  4.1095 -1.3911 12.0056
696 576  2.3445 -1.9052 16.8238
720 576  2.2147 -1.6141 16.7841
744 576 -0.2578  7.0017 10.0020
768 576 -2.2223  8.2164 10.4704
792 576 -1.3429  1.3450 20.2217
816 576 -1.9157  1.9801 19.1367
840 576 -1.1518  1.1995 10.1187
864 576  1.6726  2.8492 15.2300
888 576  0.1398  1.0809 16.1300
912 576 -3.1572 -1.8120 15.1700
936 576 -3.0662 -1.5180 10.9585
960 576 -4.9016 -0.7294 17.3411
984 576  3.4577 -0.0087  8.6720
 24 600 -0.0304 -0.0199 12.9576
 48 600 -3.2439 -1.8135 12.2434
 72 600 -2.8541 -3.6840 16.3101
 96 600 -3.5166 -2.8963 16.3748
120 600 -1.0165 -1.4473 18.9100
144 600 -2.3749  0.0056 16.9049
168 600 -2.0576 -0.0326 18.4325
192 600 -2.1160 -0.2585 13.8928
216 600 -1.8827  1.0577 14.4310
240 600 -4.0028  2.0679 13.6838
264 600 -0.1503 -0.8582 12.6421
288 600  2.8347 -2.1853 17.4880
312 600  4.1718 -3.1396 16.6029
336 600  5.9376 -0.3603 16.4195
360 600  6.9309 -2.1779 14.5624
384 600  7.1844 -3.0193 13.0960
408 600  4.7911 -0.3247 13.7554
432 600  4.9015 -1.6899 13.8729
456 600  3.8554 -1.0550 16.1471
480 600  6.0799 -3.2200 18.4621
504 600  6.2637 -4.5567 19.1049
528 600  6.1538 -4.7143 15.9162
552 600  3.9406 -3.1874 14.7819
576 600  4.8807 -4.8682 14.7896
600 600  5.8126 -7.0668 14.7323
624 600 -8.2417  1.9681  9.7245
648 600 12.8632 -1.8628 12.8171
672 600  3.7303 -4.5732  8.8662
696 600  1.2076  1.0801 16.7688
720 600  1.0771  1.0154 17.4331
744 600 -0.6233  6.6791 12.8010
768 600 -1.0712  6.2459 14.5610
792 600  2.3790  3.2475 10.2811
816 600 -1.0615  0.7541 17.3248
840 600 -0.1868  0.2441 18.1942
864 600  1.0298  2.2849 17.0585
888 600  1.8017  4.7340 14.3798
912 600 -2.8467 -4.0732 17.9193
936 600 -1.8816 -0.5883 10.0620
960 600 -1.7009  4.2758 14.2344
984 600  3.4082 -0.0096  8.5657
 24 624 -0.0134 -0.0513 12.3764
 48 624 -2.8773 -2.6477 20.4084
 72 624 -2.7382 -3.0126 18.3310
 96 624 -0.4474 -3.0533 17.7566
120 624 -0.1015 -2.8331 23.4945
144 624  1.1153 -2.1999 17.7580
168 624 -0.0245 -1.2180 16.3467
192 624 -2.0749  0.2065 17.1964
216 624 -1.9127  1.2233 16.6921
240 624  3.6384 -2.7942 12.8207
264 624  1.8771 -0.2757 14.8055
288 624  3.0544 -2.7819 16.8261
312 624  3.7275 -2.8667 16.4171
336 624  6.0366 -0.0393 17.6785
360 624  6.0058 -0.1027 11.7943
384 624  2.9799 -0.4577 13.7999
408 624  4.8351 -0.0628 19.1409
432 624  4.1257  0.8495 18.5963
456 624  4.8455 -3.0794 12.9754
480 624  5.0059 -4.1556 14.6990
504 624  6.0959 -4.6735 15.6361
528 624  4.9546 -5.7504 15.9650
552 624  5.2945 -6.6017 15.5844
576 624  5.3329 -7.1808 13.7461
600 624  4.9298 -7.4699 12.6304
624 624  2.0613 -4.1279 13.9610
648 624  2.2115 -5.2001 13.7493
672 624 -0.0560 -3.3608 16.7281
696 624  0.1102 -3.0524 16.3744
720 624  0.1709  0.7063 17.4878
744 624 -1.2264  5.9703 12.4245
768 624  3.2186  5.1510 11.6653
792 624  2.3507  3.0349 12.0198
816 624 -1.8458 -3.0129 14.3620
840 624 -1.4697 -0.0391 17.7965
864 624 -0.1954  0.2545 14.3473
888 624 -0.0565  0.1366 12.2057
912 624 -1.7728 -1.9430 10.5289
936 624 -0.4278  4.8660 11.8997
960 624  0.9315  6.9318 12.4169
984 624  0.9238  0.0298  8.1247
 24 648 -0.0010 -0.0837 11.6630
 48 648 -2.1296 -3.7138 20.1413
 72 648 -1.2911 -3.9720 12.8380
 96 648  1.2465 -3.7793 19.8972
120 648  0.1970 -3.0590 21.4032
144 648  0.9882 -2.1165 17.6873
168 648  0.0391 -0.6001 15.0322
192 648 -4.0066  0.1120 13.4007
216 648 -0.2195  2.0836 12.3439
240 648  0.8325 -1.7869 15.1364
264 648  2.4694 -1.0606 16.5940
288 648  5.2447 -0.8089 20.7442
312 648  4.2845 -0.8812 16.4928
336 648  6.2836 -0.7730 18.5893
360 648  6.0612 -0.7582 13.0793
384 648  3.9270 -1.5396 13.7689
408 648  5.2610  0.1462 13.0508
432 648  5.7614 -0.1829 18.4444
456 648  4.9166 -2.2824 17.1951
480 648  4.1032 -2.2717 12.4899
504 648  4.1111 -3.6515 16.0442
528 648  4.2136 -4.8999 14.9656
552 648  5.1434 -5.9700 15.4626
576 648  5.3626 -6.9963 13.1160
600 648  2.5384 -5.6426 14.0093
624 648  2.6182 -5.7451 14.9109
648 648  0.3133 -6.8642 12.4351
672 648 -0.3086 -3.6688 15.7819
696 648 -0.6059 -3.8780 15.2561
720 648  0.1121  6.8348  7.7430
744 648  3.2096  5.2711 10.9011
768 648  2.7090  5.6753 11.4289
792 648  0.1636  2.4172 12.5866
816 648 -2.1738  3.8468  9.2193
840 648 -3.7363  0.9864 19.9082
864 648 -3.4685  1.1514 16.1309
888 648 -6.0732  1.7527 14.1548
912 648 -5.5450  1.0907 14.4293
936 648 -1.6754  3.1302 12.2049
960 648 -0.2790  5.1642 12.3879
984 648  3.1857  0.0180  8.3890
 24 672 -0.0301 -0.0955 12.4213
 48 672 -3.3722 -4.4192 17.4095
 72 672 -2.0523 -4.0083 15.9168
 96 672 -1.5911 -4.2570 14.2269
120 672 -0.0957 -2.3243 17.8755
144 672 -0.2287 -1.0899 13.1456
168 672 -0.4204 -0.6073 16.6809
192 672 -0.6103 -0.6029 15.3804
216 672 -0.5202 -0.9480 12.2426
240 672  0.1843 -0.6334 17.7977
264 672  1.0099  0.0093 17.8684
288 672  3.5613  0.2920 18.9893
312 672  4.9011  0.8594 14.9833
336 672  5.9890 -0.6808 15.2458
360 672  2.1140  2.0059 12.9323
384 672  3.9758 -1.6954 16.8837
408 672  1.0000  1.0000 12.4892
432 672  5.8290 -0.0989 13.8279
456 672  5.3325 -1.8358 13.8253
480 672  1.9834 -4.8994 10.9595
504 672  4.0674 -4.1311 12.4603
528 672  4.9994 -6.8027 15.2561
552 672  5.7308 -6.9172 13.7181
576 672 -0.1182 -6.7026 13.3656
600 672 -0.1149 -6.2431 17.3649
624 672  0.1861 -6.1643 16.0085
648 672  1.7492 -5.6839 13.7679
672 672  0.8126 -2.3812 17.6536
696 672  1.1039 -2.9114 18.1433
720 672  0.3259 -1.6206 12.7468
744 672  2.7992  5.9300 14.5485
768 672  2.8187  5.9142 16.2591
792 672  2.8818  0.6574 12.5405
816 672  2.3894  0.4025 12.0605
840 672 -3.8154  3.9276 12.7027
864 672 -3.9853  4.1049 16.9232
888 672 -4.0770  2.7657 12.4855
912 672 -5.0367 -0.1256 12.5405
936 672 -4.3387 -0.6786 20.1854
960 672 -3.2993 -0.8870 20.6534
984 672  3.4024  0.0517  8.9860
 24 696 -0.0247 -0.0399 12.1633
 48 696 -3.7679 -2.2971 18.0777
 72 696 -3.0420 -3.8011 17.7882
 96 696 -3.0139 -3.8054 14.8142
120 696 -0.2382 -1.9983 13.0933
144 696 -6.2463 -3.1707 15.0051
168 696 -3.1097 -1.2945 14.1064
192 696 -2.0597 -2.4384 14.5524
216 696 -0.9103 -1.9492 13.4797
240 696 -0.1592 -0.8327 19.1883
264 696  1.1106  0.4238 17.4653
288 696  2.5122  0.1919 19.9417
312 696  2.8020  1.7202 10.9470
336 696  3.9913  0.1405 14.0934
360 696  4.4150 -1.0868 15.6471
384 696  3.9997 -1.6389 17.8159
408 696  4.1445 -1.4747 13.9400
432 696  4.2577 -4.8770 10.4800
456 696  2.1585 -5.1326 16.4916
480 696  1.8879 -5.1452 15.2932
504 696  6.0597 -2.8741 10.7948
528 696  5.1706 -6.9945 13.4049
552 696 -2.7811 -1.8101 13.8872
576 696 -0.8748 -2.8202 15.2535
600 696 -1.6791 -6.0874 16.0961
624 696  0.0544 -5.2449 16.4022
648 696  1.8568 -3.0987 14.6969
672 696  1.2805 -1.9984 14.1397
696 696  0.9930  0.8974 16.2851
720 696  0.1993 -1.5645 14.4015
744 696  3.7924  7.7558 13.0811
768 696  2.4601  6.3173 16.4767
792 696  2.1862  1.0225 13.4417
816 696  2.1140  0.4630 14.8510
840 696  2.1684  5.1375 13.3043
864 696 10.0766 -0.8364 10.2203
888 696 -1.7881  2.2129  8.3662
912 696 -3.4806 -2.9350 12.8473
936 696 -3.9162 -2.4113 22.5927
960 696 -2.1519 -2.4366 17.0336
984 696  3.1320  0.0191  9.1073
 24 720 -0.0086 -0.0217 11.8119
 48 720 -3.0749 -2.1056 17.1527
 72 720 -3.0007 -0.9479 15.7504
 96 720 -4.2772 -1.7398 13.6178
120 720 -5.0778 -2.1683 14.1682
144 720 -7.8580 -3.7036 14.0557
168 720 -4.0519 -3.1939 16.7507
192 720 -1.9645 -3.1476 14.9645
216 720 -1.1890 -3.0331 14.4201
240 720  0.2101 -0.2256 17.8339
264 720  0.2661 -0.1331 15.7530
288 720  2.1879  3.0196 11.6718
312 720  5.2318  3.0269 11.7738
336 720  5.7897  2.3483 15.3973
360 720  4.8714 -0.1750 17.2336
384 720  3.2491 -0.0929 17.2603
408 720 10.2043 -1.4282 10.2183
432 720 10.2814 -2.9040 17.9579
456 720  2.0684 -5.0862 10.0048
480 720  2.0042 -5.0337 11.6670
504 720  5.2816 -3.1950 13.2291
528 720 -1.8502 -2.2405 11.5400
552 720 -2.1697 -1.8009 16.7916
576 720 -3.7935 -0.7317 15.0123
600 720  1.0000  1.0000  7.0512
624 720  1.0000  1.0000  8.0836
648 720  1.9853 -0.2712 10.8946
672 720  2.2547 -0.3822 15.8222
696 720  3.3483  0.8795 17.1805
720 720  4.2047 -3.9817 13.6179
744 720  2.9749  4.9295 13.7760
768 720  3.3546  5.5218 11.5142
792 720  6.3555  1.9830 13.5907
816 720  6.0159  1.9110 12.9136
840 720  4.7307  6.7533 12.9139
864 720 10.0712 -1.1208  8.8668
888 720  1.9445 -8.1273  8.1255
912 720 -3.1269 -2.7830 10.9048
936 720 -3.0739 -2.7281 18.4568
960 720 -0.3509 -0.8953 16.3026
984 720  3.1817  0.0180  8.9933
 24 744 -0.0190 -0.0448 12.2592
 48 744 -2.2446 -0.6420 17.1500
 72 744 -2.8545 -0.9049 15.7887
 96 744 -5.6136 -1.8410 16.3331
120 744 -5.0313 -1.8157 18.0473
144 744 -4.4095 -2.5856 15.1033
168 744 -3.1863 -2.2462 16.7031
192 744 -3.7580 -4.3295 15.8357
216 744 -3.7962 -4.0316 17.0322
240 744  0.0336  1.4386 14.0705
264 744  1.0907  1.9858 15.2094
288 744 11.2011 -9.2251  8.6152
312 744 11.0123 -9.9829 11.0465
336 744  5.9527  1.8731 18.5819
360 744  5.8748 -0.3933 18.4199
384 744  4.4700 -1.2546  9.8191
408 744 10.0534 -3.1956  9.1108
432 744 10.2025 -2.6702 17.7605
456 744  9.3743 -2.0873 11.7846
480 744  1.0000  1.0000  7.6652
504 744  1.0000  1.0000  7.4652
528 744 -1.7134  0.0515  9.0035
552 744 -0.6394  1.0684 19.6491
576 744 -0.3509  0.6408 17.1356
600 744  0.9970 -3.2299 14.6978
624 744  0.8705 -4.8254 15.1465
648 744  2.9520 -2.3012 14.6771
672 744  3.9733 -1.0396 16.1124
696 744  5.7624  0.9450 12.8995
720 744  1.1578  1.0272 10.3411
744 744  2.7463 -0.7656 15.7588
768 744  2.8796 -0.8068 12.1995
792 744  6.1619  0.8005 12.7901
816 744  4.0511  6.0586 11.2945
840 744  4.8979  4.0501 15.2441
864 744  5.0899  3.4986 15.5656
888 744  0.0629  0.4212 14.5074
912 744  0.0664  0.1815 18.3570
936 744 -2.1838 -3.1081 14.7061
960 744 -1.8833 -2.3572 14.4432
984 744  3.2394  0.0282  8.7072
 24 768 -0.0117 -0.0636 12.4124
 48 768 -2.6540 -1.1141 19.3753
 72 768 -3.5193 -0.1558 15.2720
 96 768 -3.8956 -0.3673 18.0289
120 768 -5.3057 -0.5528 19.0046
144 768 -3.4142 -2.9080 14.2792
168 768 -4.5567 -3.2647 15.2813
192 768 -3.8948 -3.9062 18.9500
216 768 -3.7422 -4.0882 15.4940
240 768  0.1420 -2.2882 11.8832
264 768 -0.2819  0.9861 11.4372
288 768  0.0368 11.4302 10.1678
312 768 -4.0211 30.0634  8.6433
336 768  5.7779  0.2042 16.4098
360 768  4.3269  0.2401 14.1557
384 768  3.8514 -1.5477  8.7735
408 768  3.6280 -0.8194  8.7435
432 768 12.9080  1.2023  8.4207
456 768 13.8130  0.5957  8.3525
480 768 12.0210 10.9865  8.5538
504 768 10.0176  7.0977 14.1237
528 768  7.8878  5.3028 13.2657
552 768 -0.0257  1.3866 16.0914
576 768 -0.6001  2.0002 16.5783
600 768  1.1919 -5.1505 17.6887
624 768  1.1713 -4.9361 17.1197
648 768  1.7351 -2.1930 17.2806
672 768  2.3251 -0.1084 13.9166
696 768  1.9415  2.1917 15.9229
720 768  1.9274  4.2133 14.8311
744 768  2.5263 -0.6377 15.1717
768 768  2.3089 -0.7308 18.9648
792 768  1.7942  4.6471 23.6730
816 768  7.6536  3.5393 26.2699
840 768  4.4218  3.8940 10.6460
864 768  4.7857  3.8245 16.4635
888 768  2.7615  2.2334 12.3501
912 768  0.3674  0.5678 15.6476
936 768 -1.7150 -2.2160 15.6304
960 768 -1.3209 -2.2485 16.8818
984 768  3.4550  0.0096  8.7676
 24 792 -0.0230 -0.0899 12.4884
 48 792 -3.9672 -1.8584 15.6006
 72 792 -4.9248 -1.2449 20.8707
 96 792 -3.8230 -0.0678 15.3477
120 792 -2.3218 -0.0126 17.1885
144 792 -3.9468 -1.9736 16.1461
168 792 -4.0093 -3.2154 15.0727
192 792 -4.0785 -3.8418 16.0935
216 792 -1.9995 -6.1742 12.6228
240 792 -3.9377 -5.8051 14.3250
264 792 -2.9841 -4.0188 10.5931
288 792 -0.0343 10.9695 12.0269
312 792 -0.0521 10.7834 10.7378
336 792  5.9678 -0.1079 14.2238
360 792  2.1558  1.1826 15.8206
384 792  3.8316  0.9775 14.6845
408 792  4.7260  0.7280 12.1161
432 792  5.7600 -2.0293  9.7276
456 792  6.0185 -1.6058 12.5997
480 792 11.2720  5.9930 10.6195
504 792 11.7430  8.1159 14.5222
528 792 10.9910  8.8034 11.2641
552 792  0.6965  7.9931 16.5098
576 792  0.1014  7.7719 16.6759
600 792  1.8268  6.7052  8.1744
624 792 -0.2302 -0.1181 15.4295
648 792  1.4010 -1.8951 15.3394
672 792  1.9264  2.8007 16.4865
696 792  1.1959  2.7952 18.7171
720 792  2.0910  4.7632 14.1023
744 792  2.3701 -0.3525 17.8320
768 792  2.1479 -0.3080 16.3830
792 792  1.8867  4.0729 15.8280
816 792  7.6408  3.0055 17.3115
840 792  1.0609 -7.9034  8.5097
864 792  3.8264  3.9313 14.1135
888 792  3.7883  3.6776 16.0388
912 792  1.9560  1.7531 16.8849
936 792 -0.0145  0.1744 18.6243
960 792 -1.2737 -1.8517 17.2433
984 792  3.5215  0.0226  8.9032
 24 816 -0.0337 -0.0271 12.5432
 48 816 -4.6732 -2.1498 14.0733
 72 816 -4.9599 -1.8231 17.9827
 96 816 -2.7941 -1.1953 15.4840
120 816 -2.6401 -0.8830 21.9364
144 816 -2.8052 -0.4186 19.8954
168 816 -2.2121 -2.8126 16.7159
192 816 -1.9914 -3.0642 14.4641
216 816 -0.1373 -6.1458 18.8833
240 816 -0.0253 -6.2046 18.0935
264 816 -0.9117 -4.1966 12.2799
288 816 -4.0344 -2.2578  8.8219
312 816  1.0384  1.7233 10.3312
336 816  1.3162  1.8588 16.0720
360 816 -0.1798  0.8457 16.9353
384 816  2.3952 -0.4814 15.0373
408 816  4.6421  1.2705 13.0351
432 816  6.7474  0.8856 20.0501
456 816  4.2985  1.1071 18.7933
480 816  8.9285  4.5890 11.4691
504 816 11.3817  8.2571  9.6352
528 816 -5.7734 10.2726  8.3238
552 816 -1.1309  6.3029  9.6127
576 816  1.8254  6.9878 11.8453
600 816  1.1935  4.9711 15.0560
624 816  1.9277  0.1283 14.3953
648 816  1.0859 -1.1728 17.7574
672 816  1.1536 -0.7673 15.3379
696 816  1.9509  1.4407 16.0804
720 816  1.1895 -0.0669 15.9469
744 816  2.2398 -0.2332 15.5801
768 816  1.0647  4.0628 15.5114
792 816  0.1110  3.7841 21.7333
816 816  1.9145  3.8101 19.9732
840 816  4.0633 -7.7785  9.6737
864 816  5.1495  0.5702 11.2411
888 816  2.0769  0.9315 15.8622
912 816  1.9140  0.8454 18.1073
936 816  0.4454  0.3205 17.6112
960 816 -0.1847  2.1176 16.4297
984 816  3.3878  0.0336  8.5210
 24 840  0.0051 -0.0039 12.0507
 48 840 -2.5573 -2.1829 14.5388
 72 840 -4.9346 -4.7375 21.9090
 96 840 -4.6119 -2.6508 18.9036
120 840 -3.5874 -1.2988 19.9358
144 840 -1.8240 -0.5358 15.3786
168 840 -0.7758 -0.8707 14.3869
192 840  0.1251 -3.4601 13.5865
216 840  0.5970 -5.3770 16.9159
240 840  1.6453 -5.6303 19.8582
264 840  0.7634 -3.9439 16.7784
288 840 -3.1546 -2.9228 13.0517
312 840 -3.0474 -3.1045 13.7237
336 840  1.2453 -0.0903 12.4596
360 840 -0.0691  0.7825 17.8165
384 840  3.7381  0.0010 14.3799
408 840  3.1240  6.1883 11.6511
432 840  6.7201  1.0613 14.5081
456 840  5.1370  1.5699 15.6873
480 840  6.4259  1.8950 11.0938
504 840  9.2722  1.9653 11.3686
528 840 10.6016  6.3724  9.4911
552 840  9.1295  8.9627 12.7532
576 840  1.6632  3.3295 10.9719
600 840  1.7069  3.7580 13.9950
624 840  1.7447  0.6264 13.8491
648 840  1.1852 -1.3497 16.0598
672 840  1.7017  0.8641 17.2903
696 840  1.9955  0.9346 17.7289
720 840  2.2820  0.2126 15.8030
744 840  2.2118  0.4774 15.7624
768 840  0.0489  5.1399 16.4447
792 840  1.5118  4.0905 18.2086
816 840  2.1944  2.3182 13.9781
840 840  4.7181  0.4650 12.2328
864 840  5.5898  1.2243 14.5262
888 840  3.3586  1.0647 14.2717
912 840  2.5306  1.2230 15.1856
936 840  0.7070  0.2446 16.1527
960 840  0.7463  1.8174 14.8359
984 840  2.9262  0.0363  8.3919
 24 864 -0.0041 -0.0243 12.7665
 48 864 -0.7025 -0.9038 17.7022
 72 864 -2.0205 -1.3767 17.5277
 96 864 -4.6752 -3.0216 17.4387
120 864 -1.1431 -3.1451 14.3966
144 864  0.1145 -3.9295 17.1232
168 864  0.0113 -2.7903 18.6613
192 864  1.1396 -3.8352 18.1295
216 864  1.0832 -3.4157 15.4517
240 864  1.0530 -3.0797 16.1872
264 864  0.2101 -2.1500 15.4208
288 864  0.6642 -1.2612 15.7084
312 864  0.7776 -2.9218 16.0625
336 864  0.4685 -3.1711 13.3004
360 864  0.6677 -0.0710 13.4982
384 864  7.9997  0.0031 13.8217
408 864  4.1834 -2.9820 15.7150
432 864  5.9337  0.0852 13.5978
456 864  5.9296  2.0713 12.9401
480 864  6.4204  3.8387 12.1114
504 864 11.8098  4.8612 11.9509
528 864 10.3871  7.4254 11.4558
552 864  9.2636  9.1221 13.7433
576 864  4.2386  1.9372 14.0219
600 864  1.8626  1.2038 15.3199
624 864  1.6950  0.7025 16.4071
648 864  1.9820  0.5350 18.0714
672 864  2.3627  0.7082 15.6938
696 864  2.3197  0.5889 17.5076
720 864  2.2031  0.0888 16.3987
744 864 -0.0876  2.0431 16.2421
768 864  1.6872  5.8119 15.6448
792 864  1.8745  4.8857 17.3397
816 864  3.7281  3.2647 13.0824
840 864  4.1948  2.9439 15.6813
864 864  3.5633  0.5197 13.2048
888 864  3.7047  0.9421 14.3230
912 864  3.2369  1.2305 14.9519
936 864  0.0593  1.0322 16.3482
960 864  1.1692  1.8555 18.3974
984 864  2.5123  0.0600  8.3574
 24 888 -0.0119  0.0042 13.2164
 48 888 -0.4910  0.0863 19.0198
 72 888 -2.0009 -0.8630 20.5303
 96 888 -2.0800 -3.1504 16.9391
120 888 -2.0454 -6.0060 14.7653
144 888 -0.2182 -4.9298 13.9339
168 888 -0.4362 -4.8389 12.0100
192 888  1.2627 -3.6408 12.2421
216 888  1.1137 -3.3818 13.8380
240 888 -12.9216 -2.0080  9.0485
264 888 -14.0153 -3.3811  6.4478
288 888  1.3357 -0.9551 11.3916
312 888 -0.1252 -2.6849  8.1836
336 888  9.5190 -11.4908 14.1725
360 888  7.2475 -3.8978  9.2742
384 888  8.9063 -0.3060 12.0152
408 888  6.1086  1.8566 11.0348
432 888  3.9294  1.2234 12.3561
456 888  3.9833  4.4249 14.5839
480 888  5.8298  1.0175 11.2883
504 888  6.2723  3.8727 12.9016
528 888  9.8511  7.2037 15.5050
552 888  9.2028  8.2035 12.1957
576 888  4.9321  3.9097 14.6267
600 888  4.0750  2.2297 16.1079
624 888  2.1801  0.2995 17.9194
648 888  1.9316  0.3992 18.1222
672 888  1.8474  3.7380 17.2578
696 888  2.8682  1.0750 17.1067
720 888  3.8897  1.7146 17.0150
744 888  2.0577 -0.7675 15.3128
768 888  2.8236  6.0399 13.5898
792 888  4.7588  6.2658 15.9110
816 888  6.0317  8.1258 12.4155
840 888  4.2830  0.3591 11.8029
864 888  1.6625 -0.6429 13.9380
888 888  0.4455 -3.6719 14.3542
912 888  0.3082 -3.2421 10.3652
936 888  0.9462  2.2593 12.2110
960 888  1.7880  3.6438 17.7029
984 888  2.8625  0.0366  8.6170
 24 912 -0.0035  0.0089 12.6626
 48 912 -0.7176  0.0558 16.5873
 72 912 -2.0498 -0.4249 13.7337
 96 912 -1.5199 -0.9853 15.7982
120 912 -2.0673 -5.0337 13.5730
144 912 -1.6188 -5.7374 14.0330
168 912 -3.7071 -8.0097 11.5334
192 912 -0.1154 -4.7462 13.3898
216 912  0.2833 -0.6243 15.0156
240 912 -13.0764 -8.0167  7.5127
264 912 -14.2501 -4.0231  8.7955
288 912 -0.3654 -14.0031  6.9320
312 912 -8.0374  0.4362  5.6649
336 912 10.1178 -10.1297 10.9126
360 912  0.3477  0.8953 11.2246
384 912  1.9038 -1.8167  9.8810
408 912  3.3358  1.8874 12.5537
432 912  5.3518  6.6994 14.1803
456 912  4.3801  5.8860 15.2376
480 912  5.0985  2.9588 14.0277
504 912  6.0513  2.5526 12.7897
528 912  9.8317  6.2669 14.6654
552 912  9.8559  7.2428 14.7109
576 912  6.9101  2.0984 12.9127
600 912  4.1984  1.2474 14.2954
624 912  2.7957  1.1259 15.6639
648 912  1.2779  2.6020 12.8052
672 912  1.6902  4.1130 15.6795
696 912  2.0792  3.6938 16.9892
720 912  4.1703  1.7493 16.1491
744 912  4.2187  0.3024 17.8250
768 912  4.0630  0.1134 11.7132
792 912  6.2153  5.3413 10.6914
816 912  7.9109  8.7838 14.2999
840 912  8.0604  8.8319 17.0943
864 912  0.2553 -2.0718 10.2183
888 912  0.9183 -3.1479 15.2355
912 912 -1.2441 -5.8705 16.0335
936 912 -5.8013 -4.9103 10.3068
960 912  0.8305  3.1939 14.2690
984 912  3.5038  0.0170  8.8577
 24 936 -0.0183 -0.0126 12.6803
 48 936 -0.8047  0.9143 14.4395
 72 936 -1.2191  3.2634 14.3772
 96 936 -1.7797 -0.8891 16.0917
120 936 -1.5436 -0.1795  9.5717
144 936 -5.0852  0.1732 13.8070
168 936 -7.8770 -4.2894  9.0740
192 936 -7.0903 -2.9065 12.4517
216 936 -0.1046 -0.0937 12.3373
240 936 -0.6760 -0.3141 13.5537
264 936 -0.2904  1.0787 12.0187
288 936 -3.1489  1.7392  8.2827
312 936 -0.8467 -1.4567  8.5666
336 936  0.0156 -1.3457 13.4440
360 936  1.5748 -0.4505 11.5213
384 936  2.6067 -6.0624 10.1564
408 936  0.0408  3.9418 10.2250
432 936  4.2368  5.2641 12.5445
456 936  6.0457  5.6630 14.7344
480 936  6.0602  3.9371 14.4894
504 936  5.9745  2.1023 13.7736
528 936  7.0115  3.8889 13.9053
552 936  7.0881  3.8929 11.8565
576 936  1.9172 -1.7053  9.8504
600 936  2.6277 -0.9884 13.3031
624 936  3.0106 -1.2502 11.4922
648 936  0.8610  2.8873 14.7278
672 936  0.8005  3.8608 15.0904
696 936  1.9000  4.1035 15.3128
720 936  4.5889  1.9262 14.5352
744 936  4.1867  0.1173 15.3372
768 936  4.2020  2.9284 18.0887
792 936  4.1198  2.6449 19.8438
816 936  4.1705  0.1478 12.0359
840 936  6.8692  7.7522 10.5164
864 936  8.4564  6.8460 12.0703
888 936  2.2001  1.9584 10.0247
912 936  1.8209  1.3013 10.3744
936 936  0.2893  3.0943 14.3044
960 936 -1.0216  2.2899 14.7626
984 936  3.5265  0.0046  8.7059
 24 960 -0.0128 -0.0115 12.4953
 48 960 -0.8242  1.0076 11.3361
 72 960 -1.0580  3.8403 13.2802
 96 960 -4.1471  1.8128 11.0114
120 960 -5.6702  3.8464 11.7717
144 960 -5.0922  0.0668 13.3193
168 960 -5.9727 -3.1958 10.7231
192 960 -8.2044 -0.9864 11.4841
216 960 -8.5153 -0.0413 14.3825
240 960 -7.0317  0.2306 12.3215
264 960 -2.0594  0.9150 13.2126
288 960 -1.2599 -0.2549 13.9505
312 960 -0.9024 -1.8705 16.3683
336 960 -0.7181 -2.0742 16.9271
360 960  1.0050 -3.7951 12.8534
384 960  3.7866 -3.3062 13.7111
408 960  4.9150 -2.0903 15.1571
432 960  5.8483  3.9244 12.8980
456 960  5.2561  5.2871 15.9146
480 960  5.3161  5.1988 14.5535
504 960  6.3835  5.0960 14.1127
528 960  6.0658  4.6386 17.9567
552 960  6.7114  4.0807 17.6249
576 960  3.0312  1.9741 11.0680
600 960  3.7139 -4.1212 12.9515
624 960  0.1368  1.0128 10.4873
648 960  0.0907  1.6467 14.3908
672 960 -0.6501  0.9614 14.8446
696 960  2.9426  4.2985 11.4276
720 960  4.9769  1.9206 16.0457
744 960  3.9047  0.1854 18.5375
768 960  3.5630  0.4759 18.9005
792 960  4.6481  1.4204 20.7718
816 960  6.0038  1.2285 12.9088
840 960  9.4634 13.0833 13.4587
864 960  9.8839 13.7549 11.2902
888 960  3.8807  0.2003 11.9371
912 960  1.8088  1.1050 11.3154
936 960  0.3157  2.6173 15.7571
960 960 -0.9139  2.1262 16.6342
984 960  3.3675 -0.0104  8.6208
 24 984 -0.0014  0.0674 14.9601
 48 984 -0.0113  0.0594 12.1599
 72 984  0.0047  0.0564 12.1274
 96 984 -0.0163  0.0553 12.0914
120 984 -0.0188  0.0588 12.1036
144 984 -0.0204  0.0586 12.2257
168 984  0.0026  0.0607 12.2642
192 984  0.0134  0.0702 12.2058
216 984 -0.0368  0.0702 11.7946
240 984 -0.0161  0.0610 11.8312
264 984  0.0042  0.0743 12.4385
288 984 -0.0179  0.0817 12.5944
312 984  0.0314  0.0608 12.4606
336 984  0.0402  0.0658 12.5200
360 984  0.0050  0.0660 12.2608
384 984  0.0107  0.0520 12.0170
408 984  0.0158  0.0538 12.0001
432 984  0.0231  0.0662 12.1106
456 984  0.0236  0.0661 12.2636
480 984  0.0054  0.0547 12.1382
504 984  0.0114  0.0584 12.2151
528 984  0.0213  0.0570 12.1030
552 984  0.0116  0.0522 12.0551
576 984 -0.0020  0.0557 12.1861
600 984  0.0025  0.0592 12.2012
624 984 -0.0259  0.0708 12.4527
648 984 -0.0163  0.0742 12.5497
672 984 -0.0078  0.0580 12.3929
696 984 -0.0002  0.0534 12.1932
720 984  0.0040  0.0538 12.2309
744 984  0.0495  0.0524 12.2787
768 984  0.0535  0.0508 12.1945
792 984 -0.0154  0.0617 12.2605
816 984 -0.0248  0.0611 12.0516
840 984  0.0587  0.0378 11.3892
864 984  0.0297  0.0620 11.8667
888 984  0.0075  0.0699 12.2691
912 984  0.0001  0.0481 12.1503
936 984 -0.0185  0.0494 12.0967
960 984 -0.0104  0.0554 12.1157
984 984  3.1332  0.0453 12.6009
