 24  24  0.0232 -2.4775 12.2971
 48  24 -0.0010 -2.6700  8.1579
 72  24  0.0108 -3.5022  8.2511
 96  24  0.0567 -3.5798  8.9070
120  24 -0.0499 -3.5899  8.5858
144  24 -0.0443 -3.6286  8.5174
168  24 -0.0511 -3.6533  8.9358
192  24 -0.0386 -3.5979  9.0944
216  24 -0.0282 -3.5097  8.6163
240  24 -0.0670 -3.5431  8.4795
264  24 -0.0583 -3.5968  8.6536
288  24  0.0045 -3.5461  8.7005
312  24 -0.0052 -3.6004  9.0188
336  24  0.0012 -3.5979  8.8475
360  24  0.0189 -3.5430  8.6289
384  24 -0.0083 -3.5443  8.7113
408  24 -0.0555 -3.5136  8.2346
432  24 -0.0200 -3.5392  8.0131
456  24 -0.0065 -3.5766  8.5155
480  24 -0.0506 -3.6200  9.4586
504  24 -0.0482 -3.5721  9.1427
528  24 -0.0721 -3.5254  8.5164
552  24 -0.0844 -3.5195  8.3274
576  24 -0.0808 -2.9389  8.1267
600  24  0.0106 -3.5333  8.8096
624  24  0.0399 -3.5833  9.1186
648  24  0.0506 -3.5016  8.3703
672  24  0.0071 -3.5517  8.5997
696  24 -0.0014 -3.6492  9.1647
720  24 -0.0309 -3.6394  9.1080
744  24 -0.0124 -3.6203  9.1762
768  24 -0.0330 -3.5991  9.0548
792  24 -0.0983 -3.5783  8.7136
816  24 -0.0082 -3.5808  8.2716
840  24 -0.0276 -3.6319  8.6437
864  24 -0.0013 -3.6121  8.4973
888  24 -0.0354 -3.5189  8.7195
912  24 -0.0495 -3.4932  8.7773
936  24 -0.0137 -0.4448  8.3243
960  24 -0.0310 -0.4699  8.3871
984  24  0.4348 -3.5395 10.6396
 24  48 -0.0081 -0.0325 12.7191
 48  48  3.0765 -5.1771 10.4286
 72  48  3.7065 -1.1799 14.0963
 96  48  2.1343 -1.1991 15.7677
120  48 -0.1582 -3.2714 13.8863
144  48 -1.1951 -4.2841 18.0341
168  48 -2.3401 -6.1904 16.0450
192  48 -2.6727 -6.1649 16.7066
216  48 -3.7676 -3.8986 11.8720
240  48 -4.0841 -6.4314 16.1164
264  48 -2.8655 -7.2086 17.2845
288  48 -1.2343 -7.0960 20.9208
312  48 -0.1733 -6.2419 18.7876
336  48 -0.0124 -3.9740 13.7507
360  48  1.8351 -2.8778 17.0412
384  48  1.9618 -2.6910 15.5935
408  48  8.0911  8.0863  9.7028
432  48  3.1396  5.7979 13.5726
456  48  3.4027  5.3220 17.0497
480  48  1.9861 12.2492 12.5959
504  48 -2.3543  5.5558 11.7921
528  48 -2.8132  5.1790 13.8784
552  48 -4.9490  7.6471 12.4051
576  48 -4.7584  7.5769 13.5030
600  48 -2.3670  8.6382 10.1180
624  48 -0.2006 10.9558 11.4628
648  48  0.0166  5.3450 14.9777
672  48  1.6180  3.2387 12.5339
696  48  3.8853 -0.2304 13.9214
720  48 -0.1322 -4.9400  9.5418
744  48 -1.5572 -6.0911  9.0259
768  48 -1.9506 -3.4481 11.0171
792  48  0.3062 -4.6450 12.8305
816  48  3.8849 -2.7872 12.3702
840  48  5.0144  2.8533 11.3018
864  48  0.2202  0.3100 16.0160
888  48 -0.2268  0.2611 18.7383
912  48 -0.2826  0.1609 17.8376
936  48  0.1886 -1.6400 17.0593
960  48  0.3994 -1.5803 12.3265
984  48  2.9838  0.0206  8.4306
 24  72  0.0272 -0.0518 11.9413
 48  72  1.2312 -8.7166 13.0791
 72  72  2.8503 -4.9058 13.0313
 96  72  4.9129 -2.1707 10.7979
120  72  0.3051 -3.6660 16.2651
144  72 -0.6992 -4.6394 17.0157
168  72 -2.3591 -6.2362 16.3734
192  72 -3.1383 -6.4398 14.7349
216  72 -4.1911 -5.9925 11.6430
240  72 -4.4600 -6.7126 14.4054
264  72 -4.7578 -7.4162 12.1273
288  72 -0.6944 -7.0313 12.4633
312  72 -1.0228 -6.2697 13.9868
336  72  0.7236 -3.0010 11.9369
360  72  0.4833 -2.9808 17.0270
384  72  0.7218 -2.6556 12.8926
408  72  3.2230  2.1475 11.0494
432  72  2.1396  5.0019 11.1515
456  72  2.9551  7.1863  8.2867
480  72  2.3304 12.2472 10.2913
504  72  1.7456 11.7070 13.5289
528  72  0.1639  9.9553 10.8208
552  72 -1.5756 11.4754 10.5352
576  72 -4.1629  7.9936 12.6799
600  72 -3.9221  9.9819  9.5405
624  72 -1.6853 10.4207  8.6080
648  72  1.7426  5.9256 12.8308
672  72  2.5004  2.9879 11.8424
696  72  4.5571  1.3042 13.6717
720  72  2.9155 -2.7016 10.5699
744  72  0.0101 -4.9069 13.1322
768  72 -1.8827 -3.1652 12.8004
792  72  0.9909 -3.7117 16.6304
816  72  1.8505  1.7723 11.3540
840  72  0.1819  4.0442 15.1032
864  72  0.0515  3.6958 15.2857
888  72 -0.1668  0.8593 18.3983
912  72 -0.1155 -0.0410 19.7782
936  72 -0.0224 -0.3239 20.2153
960  72  0.3604 -0.2531 15.3044
984  72  3.3762 -0.0278  8.7417
 24  96  0.0109 -0.0833 11.9398
 48  96  0.0445 -9.7540 11.3732
 72  96  0.1675 -7.7478 13.9951
 96  96 -0.0072 -7.0792 12.3247
120  96  0.7558 -4.1376 10.4021
144  96  4.8064 -2.9219 11.0295
168  96 -1.7115 -7.0526 11.2285
192  96 -4.9152 -7.5525 15.1473
216  96 -3.8945 -5.4494 14.0668
240  96 -3.9636 -6.7621 12.2909
264  96 -4.0593 -8.6521 12.1647
288  96 -6.0470 -11.1916 14.2350
312  96 -6.0507 -11.1279 10.9708
336  96 -2.1131 -5.7433 13.1994
360  96 -0.8005 -3.4207 16.4253
384  96  0.2253 -2.9894 14.4582
408  96  0.6536  0.2893 11.4424
432  96  1.9084  3.3479 11.3673
456  96 -13.8802  3.4509 12.2424
480  96 -13.6633  5.5702  9.1308
504  96  4.9825 13.6980  6.5088
528  96  0.6585 13.6070 12.9922
552  96  0.4373 11.7936 11.3671
576  96 -3.5881  8.0742  9.8925
600  96 -6.6783 10.6591  7.6163
624  96 -0.9335  3.1656 10.5821
648  96  0.1080  4.6611 13.8139
672  96 -0.0507  4.9148 11.3463
696  96 -1.9208  6.1590 12.4425
720  96 -1.7465  6.4250 12.1581
744  96 -4.8477  1.1150  8.9911
768  96 -3.7437 -0.8379 12.7974
792  96 -2.5421 -2.0161 12.2530
816  96 -0.6196  2.4395 10.8151
840  96  0.1191  4.5956 17.4962
864  96 -0.5796  3.0279 16.0645
888  96 -0.4935  0.2679 12.3705
912  96 -0.8539  0.1884 15.3848
936  96 -0.7970  0.0608 16.7821
960  96  2.1101 -1.8679 15.5046
984  96  3.4886 -0.0664  8.6560
 24 120 -0.0047 -0.0527 11.9879
 48 120 -0.3020 -10.1807 13.4603
 72 120 -1.6606 -6.8871 15.2799
 96 120 -2.1079 -6.7432 16.2649
120 120 -1.9843 -8.7860 13.9121
144 120  0.5834 -6.9020 10.2119
168 120  1.7218 -4.7244 10.0527
192 120 -3.9820 -7.1687 10.4234
216 120 -0.9704 -0.9854 12.6518
240 120 -0.4518 -4.5867 17.2666
264 120  0.0353 -7.0886 16.6766
288 120 -1.7985 -10.7652 14.6060
312 120 -0.1764 -11.6325  9.3927
336 120 -5.7717 -4.9832 11.4419
360 120  0.5456 -2.0531 10.9825
384 120  0.5709 -1.9794 15.4711
408 120  0.3734  0.1370 16.7730
432 120 -0.9397 -0.9106 13.9954
456 120  2.0957 10.3433  9.6442
480 120 -15.4458 -28.0553  5.3916
504 120  5.9488 15.0131 10.0619
528 120  4.3616 13.3511 10.1582
552 120  3.9479 11.1998  7.9324
576 120 -2.0556  9.5757  8.4438
600 120 -0.2490  3.1680 12.5041
624 120 -1.2091  2.3467 17.3913
648 120 -1.2443  3.4599 15.7162
672 120 -2.1471  5.1823 15.1529
696 120 -1.7257  7.7723 13.4863
720 120 -1.0017  8.8860 12.6541
744 120 -3.9184  8.2615  6.6487
768 120 -5.6666  0.0186 17.5473
792 120 -5.5861 -0.7443 17.9551
816 120 -5.6364 -1.1628 16.7529
840 120 -6.6577 -1.1361 13.4499
864 120  0.1220  0.1086 14.2401
888 120 -0.4165  0.0494 16.3539
912 120 -1.0918  0.3290 13.5929
936 120 -0.2918 -0.4896 14.3435
960 120  2.5606 -3.1227 13.6504
984 120  3.2540 -0.0834  8.4148
 24 144 -0.0143 -0.0773 11.6492
 48 144  1.0697 -8.9952 13.2128
 72 144 -2.1802 -6.7398 14.2148
 96 144 -2.3969 -6.9850 15.0160
120 144 -2.4751 -8.9334 16.3637
144 144 -1.6974 -9.1825 12.0983
168 144 -1.6966 -8.9624 10.8220
192 144  0.9436  0.3456 13.5324
216 144  1.6488  1.1538 20.1318
240 144  0.9405 -2.7421 15.0849
264 144  0.2473 -4.6581 14.0556
288 144 -3.6795 -2.0216 10.5661
312 144 -6.9232 -2.0886 13.9950
336 144 -7.0879 -1.9082 17.7331
360 144 -6.3522 -1.0878 15.5339
384 144 -3.8319 -11.2268 11.9391
408 144 -0.0271 -2.7271 13.6588
432 144 -1.1523 -0.9884 13.4459
456 144  1.3472 10.0824 14.5222
480 144  2.1875 10.2960  9.2293
504 144  6.8036 11.9817  9.5954
528 144  5.9343 10.3148 12.1940
552 144  4.9298  7.2332 10.4525
576 144  3.2077  5.9105  9.7288
600 144  0.3888  2.9942 11.2729
624 144 -2.1602  0.9846 14.8650
648 144 -3.7805  1.1692 13.2305
672 144 -4.0003  3.1591 17.9466
696 144 -2.7648  4.0454 10.3096
720 144 -0.5862  7.1965  9.1350
744 144 -4.1850  3.1860  9.4139
768 144 -5.0368  0.7087 14.1546
792 144 -4.3394 -0.6338 13.8552
816 144 -3.7599 -2.0288 18.2238
840 144 -0.8705 -2.9693 17.0388
864 144  0.9811 -0.0228 16.9295
888 144  0.6250 -0.0845 15.4237
912 144  0.2575 -1.8040 16.1312
936 144  0.5450 -2.3306 13.1957
960 144 -0.1179 -3.1475 13.6034
984 144  3.5123  0.0098  8.4113
 24 168  0.0030 -0.0490 11.6525
 48 168  0.0909 -5.3182 13.8815
 72 168 -2.0903 -7.1780 15.4551
 96 168 -3.1712 -8.5547 18.8665
120 168 -3.6437 -8.5827 16.8752
144 168 -2.9719 -10.0182 17.2009
168 168 -3.1176 -10.0895 16.4686
192 168  0.1116  1.0645 16.8620
216 168  0.3725  1.0788 18.1841
240 168  1.7509 -1.7203 17.3448
264 168 -0.7123 -1.0633 19.1920
288 168 -4.0032 -1.2003 16.8850
312 168 -5.7616 -0.3806 14.1225
336 168 -7.1133 -1.3489 16.7751
360 168 -6.0051 -2.3241 13.9317
384 168 -4.1205 -5.7532 12.2276
408 168 -2.0398 -1.6843  7.7446
432 168 -6.6307  7.1073 13.8786
456 168 -1.8864  7.0708 11.6167
480 168  9.8736  6.2960 13.4546
504 168  9.3293  7.7108 10.1292
528 168  8.2087  9.0911  9.8098
552 168  8.3895  4.0649 10.7549
576 168  6.0465  2.0815  9.6773
600 168  2.9776  2.9298 10.8985
624 168 -6.2040 -0.5995 12.5552
648 168 -4.0257  0.1315 10.7113
672 168 -5.7423  1.5043 17.8358
696 168 -5.5422  0.9248 12.6493
720 168 -4.9653  3.1100 13.2218
744 168 -5.7711  3.8515 11.4998
768 168 -4.8754  0.5954 13.4463
792 168 -6.1054 -1.1694 12.7233
816 168 -3.7775 -2.7523 13.4389
840 168 -0.7901 -2.7829 16.0038
864 168  0.5949 -0.2108 14.8659
888 168  0.6595 -0.9729 13.4827
912 168  0.4921 -1.8945 15.8482
936 168  1.3582 -2.2602 16.5869
960 168  0.9464 -2.6997 13.3312
984 168  3.5183 -0.0273  8.3493
 24 192  0.0249 -0.0050 11.9402
 48 192 -0.1775 -4.9457  9.8976
 72 192 -1.4010 -5.9108 11.9220
 96 192 -2.2059 -6.8904 13.8108
120 192 -4.2047 -4.0766 12.5770
144 192 -1.9844 -6.0184 12.0075
168 192 -3.5047 -8.3888 11.9757
192 192 -0.0689  0.3376 13.1097
216 192 -0.1995  0.2604 17.1368
240 192 -0.4711 -0.1249 19.1800
264 192 -1.0861  0.2261 19.1050
288 192 -0.8616  0.8563 18.0141
312 192 -0.1987  0.7675 12.8814
336 192  0.8878  1.9248 14.2981
360 192 -3.8187 -3.0289 12.6473
384 192 -3.6933 -3.4723 11.1117
408 192  1.2851 -0.9583  7.7625
432 192 -0.2453  3.8792  9.5787
456 192  0.0685  3.7337 12.3212
480 192  6.8628  4.7255 12.1253
504 192  7.0646  4.3615 11.5156
528 192  7.7779  1.8113 12.7850
552 192  8.4688 -0.1780 14.2783
576 192  7.0889 -1.0319 13.4631
600 192  4.1555  0.1047 12.0575
624 192  0.2239  3.0032 14.5529
648 192 -1.3813  0.8685 14.0510
672 192 -3.8624 -1.8380 19.8497
696 192 -5.0836 -0.2323 12.6751
720 192 -0.9916  4.0852 10.7703
744 192 -7.7409 -4.7170  9.6331
768 192 -7.6753 -1.9032 14.4447
792 192 -6.8877 -1.9785 16.0675
816 192 -7.6918 -1.6348 15.6292
840 192 -6.0910 -0.4574 13.8318
864 192 -3.1920 -0.9265 15.5082
888 192 -1.0829 -2.0863 12.4713
912 192  1.1102 -2.8523 12.1806
936 192  1.0769 -4.1101 12.9411
960 192  1.1099 -4.9724 12.5186
984 192  3.2239 -0.0282  8.4920
 24 216  0.0197 -0.0658 11.9089
 48 216  4.7290 -4.5874 12.3126
 72 216  2.3089 -4.5085  9.7463
 96 216 -1.8456 -0.8989  9.2768
120 216 -4.0423 -0.1607 13.0365
144 216 -3.5095 -5.6920 16.7536
168 216 -3.3192 -7.5353 16.5883
192 216 -3.0395 -7.8137 13.2644
216 216 -0.6296  0.2951 18.2263
240 216 -0.3759  0.7639 16.9851
264 216 -0.4053  1.2472 25.3180
288 216 -0.4144  1.0739 18.8863
312 216 -0.2630  1.0981 16.5088
336 216 -0.0742  1.0800 19.6162
360 216  2.0588 -1.7092 14.8504
384 216  3.1471 -1.1509 13.2671
408 216  0.1918 -0.2260 14.1855
432 216  0.9011  1.5102 16.3675
456 216  1.7916  1.2949 20.7631
480 216  1.3555  1.9595 16.6804
504 216  2.1556  3.0978 12.5088
528 216  7.0770  0.3173 13.7960
552 216  7.3077 -1.3732 13.9483
576 216  5.0392 -1.9921 14.7284
600 216  2.9600 -1.0997 12.5078
624 216  0.3225 -0.0695 12.4620
648 216  1.6957 -0.7410 13.6899
672 216 -2.3930 -1.8073 10.4834
696 216 -0.1947  3.0673 14.8912
720 216 -0.2016  3.1412  9.9297
744 216 -5.8406 -5.0920  9.9750
768 216 -6.5761 -4.9746 16.9283
792 216 -6.6982 -4.7628 16.4695
816 216 -7.3334 -2.9088 14.4631
840 216 -6.3439  0.1025 14.8332
864 216 -4.8588  0.3205 11.7351
888 216 -5.1327  0.0437 11.9215
912 216  0.6099 -3.6288  9.5541
936 216  0.1196 -7.5939 14.1090
960 216  1.1644 -7.2480 14.3616
984 216  3.4851 -0.0837  8.8652
 24 240  0.0276 -0.0663 12.0260
 48 240  1.5199 -3.2062 11.4657
 72 240 -1.9795 -0.0664 10.3027
 96 240 -1.9133  4.9088 12.4255
120 240 -2.0646  1.2963 13.1148
144 240 -0.8829 -1.6754 11.7450
168 240 -0.2104 -7.0290 12.5485
192 240 -0.2145 -7.5740 11.1041
216 240  3.3698  2.4467 14.2928
240 240  2.0446  3.7644 14.0368
264 240 -0.1821  1.1284 15.0064
288 240 -0.2914  0.7405 14.4143
312 240 -0.3255  0.1893 13.2301
336 240 -0.0577 -2.5674 16.5100
360 240 -0.4220 -1.9998 19.9673
384 240  0.9691 -0.4445 15.7273
408 240 -0.4031 -0.6132 13.7975
432 240  1.0730 -0.2092 13.8915
456 240  1.3309  1.6139 20.0170
480 240  0.8704  2.0845 14.3269
504 240 -1.0937 -1.4595  9.3677
528 240 -1.0648 -2.7853 12.3136
552 240  3.3850 -2.5058 10.5187
576 240  3.8943 -2.9454 17.3340
600 240  2.0627 -2.1263 12.6476
624 240  1.6614 -3.1797 12.7922
648 240  2.2623 -0.8386 11.8149
672 240  2.1045 -0.1002 16.4741
696 240 -3.6756 -3.4062 10.3834
720 240 -3.6768 -4.2893 12.2706
744 240 -5.5997 -4.6399 14.2727
768 240 -6.6658 -4.9998 15.1017
792 240 -7.1030 -4.8635 13.6109
816 240 -6.9672 -3.1883 13.1434
840 240 -6.3205  3.0294  9.7027
864 240 -3.5751  4.2897 11.8838
888 240 -0.6844  0.4581 12.4892
912 240  0.2107 -3.0170 11.7535
936 240 -0.2543 -6.6164 14.9351
960 240 -0.1496 -6.3862 16.7376
984 240  3.1884 -0.0781  8.9939
 24 264  0.0115 -0.0500 12.3216
 48 264 -1.9667 -1.1707 12.6482
 72 264 -2.1077  0.4648 12.8979
 96 264 -1.1230  4.7422 15.0581
120 264 -0.1933  2.3710 13.3694
144 264  0.4954 -0.1980 14.9209
168 264  2.1399 -5.5335 15.2044
192 264  4.8622 -3.6793 12.5318
216 264  3.9969  1.9219 16.5571
240 264  3.3271  3.3777 16.6759
264 264  3.3166  3.0422 12.6132
288 264  5.9807  1.8538 10.5811
312 264  8.1753 -0.2986 10.7329
336 264  0.1393 -3.6050 18.2492
360 264 -0.8852 -2.2870 20.8067
384 264 -1.7015 -2.8163 14.1982
408 264 -3.1423 -3.1493 15.1352
432 264 -3.1032 -2.8303 14.0253
456 264 -1.3394  5.7319 13.4313
480 264 -1.9776  6.1251 15.3297
504 264 -1.9521  6.1692 10.9275
528 264 -1.2882 -3.0313 18.3854
552 264  0.1488 -3.9567  9.8562
576 264  7.5588 -5.3702 10.1117
600 264  2.4194 -2.1387  7.8343
624 264  1.0500 -7.7894 10.1797
648 264  1.9785 -2.8176  7.0762
672 264  2.1952 -0.1883  9.3268
696 264 -4.4733 -4.1464 13.6132
720 264 -4.7625 -5.0571 14.3708
744 264 -5.8557 -4.0877 15.7113
768 264 -6.2904 -4.2394 14.5585
792 264 -5.2224 -3.9269  9.6226
816 264  0.1778 -3.7231 12.7558
840 264  0.2462  5.0964  9.3664
864 264  3.1244  4.1582  8.6319
888 264  2.9816  1.6711  9.0083
912 264 -1.9665 -0.0437 12.0910
936 264  0.0587 -4.3258 12.6641
960 264 -0.3360 -4.2496 16.7008
984 264  3.1216 -0.0700  9.0533
 24 288  0.0074 -0.0199 12.2937
 48 288 -4.1389 -3.9158 11.6398
 72 288 -2.2625  0.0346 11.7011
 96 288  0.4349  0.1994 10.3309
120 288  2.2589  0.1539 15.6071
144 288  2.5960 -0.2365 17.4063
168 288  3.5261 -2.4637 15.7192
192 288  4.9681 -0.0036 14.4449
216 288  6.3329  0.0332 12.7600
240 288  6.3995  1.2769 10.5481
264 288 12.8373  0.3128  8.7790
288 288 12.6402 -0.0065 12.1888
312 288 11.6571 -0.2651 13.6257
336 288 11.1331 -1.1564 11.8221
360 288 -1.8008 -3.7959 15.1257
384 288 -0.1888 -3.0520 16.2216
408 288 -0.6077 -3.9739 17.7713
432 288 -0.3532 -0.8160  9.8416
456 288 -1.8858  4.1835 13.0740
480 288 -2.8780  7.6482 14.4705
504 288 -2.2485  7.3268 13.7779
528 288  4.0527 -5.9963 14.0316
552 288  5.7103 -7.1714 14.1769
576 288  6.8063 -5.2760 10.4289
600 288 -3.7878 -2.3049  8.1874
624 288 -5.7631 -3.7498  9.8396
648 288 -10.5568 -3.8604  9.7474
672 288 -8.7006  1.9784 12.0797
696 288 -4.7807 -4.8340 11.8467
720 288 -5.0771 -5.0802 14.6975
744 288 -5.7501 -3.6394 13.6474
768 288 -5.8037 -3.7831 11.9638
792 288 -2.6740 -3.1373 13.9295
816 288 -0.7345 -1.6943 13.7232
840 288 -0.5732  1.9640 12.6836
864 288  4.2444  7.2973 13.6056
888 288  6.8002 10.9592 10.9916
912 288  1.6815 -1.2111  6.7116
936 288  1.9614 -1.7367 13.1328
960 288  1.7352 -0.3796 11.9962
984 288  3.5027 -0.0251  8.7403
 24 312  0.0096 -0.0755 11.8129
 48 312 -6.6724 -6.2926 13.6198
 72 312 -4.9071 -2.7856 10.3270
 96 312 -1.5165 -3.8715 12.5385
120 312  0.2529 -1.8974 16.3427
144 312  3.6557 -2.1755 16.1500
168 312  5.7418 -2.0222 15.7666
192 312  5.7087  0.1189 14.5304
216 312  7.0239 -0.4095 11.8769
240 312 10.9022 -0.6856 12.6984
264 312 12.8127  0.0980 11.8266
288 312 12.9731 -0.0499 15.1653
312 312 11.8968 -0.2008  9.7847
336 312 10.8354 -0.5997 12.3043
360 312  5.0508 -0.1428 11.8706
384 312  4.1054  0.2990 15.0978
408 312  0.4376 -0.4801 12.2343
432 312 -0.9054  1.1805 13.7970
456 312 -0.7519  2.0427 16.1320
480 312 -1.9834  4.3791 14.4986
504 312 -1.9206 -0.6893 11.7886
528 312  0.3261 -4.2765 12.8693
552 312 -0.0317 -2.4271 13.2866
576 312 -2.4657 -1.5772 13.5692
600 312 -4.3062 -2.3662 16.6817
624 312 -5.2440 -2.9238 13.7349
648 312 -7.2022 -4.0955 11.0797
672 312 -8.6841 -4.8537 12.0416
696 312 -5.2832 -6.9394 16.3269
720 312 -3.3161 -3.6592 14.5325
744 312 -3.9593 -1.8667 12.3602
768 312 -1.6053 -4.0514 10.7811
792 312 -4.1340 -3.7367 18.9054
816 312 -2.6732 -2.5090 15.7472
840 312 -1.2718  1.5637 17.3415
864 312 -0.7201  0.1462 11.1968
888 312 10.0285  4.6878  8.4857
912 312 11.9331  5.7127 10.6362
936 312  6.3528 -1.7504  9.1318
960 312  7.0609 -1.9680 13.0193
984 312  3.5038  0.0334  8.8740
 24 336  0.0138 -0.0564 11.7580
 48 336 -6.2273 -4.7071 15.1997
 72 336 -2.6158 -3.0591 12.0846
 96 336 -0.6345 -4.0257 16.4219
120 336  0.2482 -4.4329 14.4533
144 336  4.3232 -3.9393 12.0887
168 336  5.3017 -0.2689 12.4609
192 336  5.2222 -0.2319 13.2935
216 336  3.1210 -0.9289 12.1522
240 336 12.2473 -0.3162 11.6323
264 336 12.2144 -0.0590 11.7337
288 336 11.8635  0.6706 13.9007
312 336 12.0439  1.8325  7.9165
336 336  8.4328  2.4519 14.2521
360 336  4.9933  0.5526  9.0126
384 336  4.4561  0.1255 14.0172
408 336  1.5671  0.3218 11.5267
432 336 -5.5023 -4.3817 12.5579
456 336 -0.9055  1.6719 17.0810
480 336 -2.5284  2.0485 14.3712
504 336 -3.0214  1.0746 16.9009
528 336 -0.4153 -1.2145 12.6030
552 336 -0.6772  0.2588 12.4253
576 336 -1.6176  1.8534 15.7597
600 336 -2.9779 -0.0056 13.0991
624 336 -5.1567 -3.1298 16.9818
648 336 -5.0245 -2.9065 13.2657
672 336 -6.3153 -6.3331 13.8406
696 336 -5.7547 -7.3728 21.9603
720 336 -1.7456 -3.3231 14.6252
744 336 -0.5410 -2.9199 13.5646
768 336 -1.9722 -3.1022 13.5899
792 336 -5.0414 -4.5943 18.1450
816 336 -4.0310 -3.7879 15.3881
840 336 -2.0141 -0.8357 16.3068
864 336 -0.9678 -0.2260 14.4220
888 336  6.7787  0.7076 11.6734
912 336  8.1383  0.1584 12.0361
936 336  8.6976 -0.2170  9.1575
960 336  7.8646  0.6102 12.2098
984 336  3.5005  0.0809  8.8423
 24 360 -0.0070  0.0118 12.4075
 48 360 -6.0886 -4.7958 10.9636
 72 360 -1.0530 -3.1013 13.4541
 96 360  0.1104 -3.3041 15.3332
120 360  2.9550 -4.0058 12.8759
144 360  3.3339 -2.9302 13.0347
168 360  1.5644 -1.9201 12.7570
192 360  0.9841 -0.3358 11.7756
216 360  1.0977 -0.4815 13.6559
240 360  0.1093 -0.8746 16.9378
264 360  0.1900 -0.5377 14.1108
288 360  2.5980  2.6378 10.7779
312 360  4.6645  3.0878 12.0689
336 360  7.6417  2.9273 15.4999
360 360  5.6491  0.9426  9.9782
384 360  4.8016 -0.1879 14.1253
408 360  4.7167  2.1607 11.7931
432 360  4.9211  3.0936 11.2992
456 360 -5.8629  0.6144  9.5249
480 360 -2.2660  1.0602 17.7348
504 360 -3.0453  1.6384 20.9559
528 360 -1.9617  1.2558 13.3509
552 360 -1.1302  3.5276 11.5331
576 360 -0.8389  3.5044 14.2915
600 360 -0.7093  0.0703 13.8327
624 360 -6.9821 -5.6378 13.8931
648 360 -7.2171 -5.6670 11.7817
672 360 -8.9482 -4.2411 10.1111
696 360 -8.0532 -7.6640 12.4996
720 360 -0.2793 -3.2238  8.9206
744 360 -1.0811 -2.4749 10.8609
768 360 -6.7465 -2.9740 15.3464
792 360 -5.6559 -4.7561 14.5812
816 360 -5.3926 -4.9247 15.5637
840 360 -1.7897 -1.1940 13.5013
864 360  0.4273 -3.3471 14.9142
888 360  5.2804 -0.0335 10.3714
912 360  7.5466  0.0373 12.2325
936 360  6.0450  0.7207  9.2368
960 360  4.3081  0.9258 12.8481
984 360  3.5224  0.0783  8.9270
 24 384 -0.0211 -0.0126 11.6150
 48 384 -4.1647 -3.8006  7.2364
 72 384 -1.0845 -4.0943 11.5675
 96 384  0.2873 -3.4884 12.6698
120 384  2.9768 -2.5475  9.9566
144 384  1.4545 -0.8624  9.4715
168 384 -0.1113 -0.9395 11.5207
192 384 -2.5468  0.0945 16.0280
216 384 -1.1714 -0.4048 13.6806
240 384 -0.0166 -5.2578 11.1370
264 384  2.1893 -1.6530 11.2034
288 384  3.1881  1.9959 14.1635
312 384  4.1289  2.7794 15.6425
336 384  6.7823  2.2083 15.7126
360 384  6.2535  2.8333 13.5098
384 384  6.0880  2.8252 13.4513
408 384  6.4589  2.5854 14.0927
432 384  6.8332  1.7272 14.6488
456 384  8.1421  0.4394 16.9260
480 384 -1.1966  0.6557 15.3039
504 384 -0.2898 -0.1150 16.8190
528 384 -0.2648  0.6644 17.1637
552 384 -1.0712  3.3119 13.0680
576 384 -0.2725  3.0930 13.1661
600 384 -3.1117 -1.7030 13.3911
624 384 -6.1715 -3.2528 12.8063
648 384 -9.5042 -5.1145 12.6285
672 384 -10.0422 -3.2612 12.1193
696 384 -10.0426 -4.8625 18.4579
720 384 -7.2730 -3.0800 14.6999
744 384 -4.2353 -0.4733 13.4445
768 384 -5.2855 -3.2373 13.1383
792 384 -5.7093 -4.9745 13.4961
816 384 -1.1342 -7.9743 11.5048
840 384  1.3750 -3.9236 13.9102
864 384  0.8025 -3.7597 18.6606
888 384  0.8136 -4.7067 13.7569
912 384  0.3276  5.0871 10.2502
936 384  1.9519  6.2596 10.9371
960 384  2.4480  2.1130 15.7427
984 384  3.5360  0.0568  8.8077
 24 408 -0.0279 -0.0166 12.0046
 48 408 -2.1353  0.7083 13.3000
 72 408 -0.3169 -0.0453  8.9619
 96 408 -3.1031 -4.8741 12.9549
120 408 -4.0449  0.7359  8.1695
144 408 -6.8638  7.8292 11.6601
168 408 -3.7721  1.4677 11.1136
192 408 -4.1690  1.9262 14.2323
216 408  1.9434  0.0227  8.2470
240 408  5.0642 -2.1606  8.4558
264 408  7.4008  0.1982 14.3182
288 408  7.4481  3.9337 12.0091
312 408  5.6166  3.9711 12.1767
336 408  5.1693  1.7203 16.0331
360 408  5.7812  2.2597 12.3402
384 408  5.0942  2.4060 17.0085
408 408  1.8451 -1.3138 11.2532
432 408  0.1656 -0.4989 14.6558
456 408  0.2679 -1.1492 15.2901
480 408  0.2311 -1.2939 18.4821
504 408 -0.2427 -0.8133 16.3236
528 408 -0.4651  0.3161 15.1826
552 408 -0.2765  1.8758 12.4135
576 408 -1.3405  1.0395 13.2746
600 408 -4.7954  0.1907 14.3965
624 408 -5.0994 -0.6692 11.1065
648 408 -10.1105 -5.1293 14.3842
672 408 -10.5735 -4.7789 13.2428
696 408 -9.8080 -4.6141 15.9097
720 408 -8.0254 -3.1589 16.9421
744 408 -4.0890  0.2430 12.5659
768 408 -2.5927  1.6145 13.4790
792 408 -4.1921 -2.8757  8.4324
816 408  1.7212 -11.0542 12.8932
840 408 -0.9224 -5.7354 10.4721
864 408 -0.6934 -4.3088 16.1391
888 408  0.5830 -0.2780 11.9516
912 408 -0.0466  5.3804 11.8963
936 408  2.1652  6.6263 10.4803
960 408  1.4086  2.8236 15.1739
984 408  3.0003  0.0502  8.6133
 24 432 -0.0424  0.0605 13.1104
 48 432 -2.9709  1.5721 17.4714
 72 432 -2.8533  1.5223 18.9036
 96 432 -10.8742  4.6933  9.7865
120 432 -11.4819  4.4006 12.0745
144 432 -5.7947  6.8603  9.9293
168 432 -3.7301  8.6562 14.9797
192 432 -0.0922  8.2223  9.9946
216 432  3.8421  0.1573 14.3249
240 432  4.4168  0.1227 15.1769
264 432  5.8331  0.8101 14.3344
288 432  8.3057  5.4718 14.7062
312 432  8.0348  5.1615 14.5151
336 432  6.3310  2.9492 16.3370
360 432  5.0492  1.3423 18.8030
384 432  5.0109  0.4443 11.6329
408 432 -0.0830 -0.3408 20.2855
432 432 -0.2283 -0.4714 17.4143
456 432 -0.1713 -0.5985 19.9772
480 432  0.0117 -1.5917 19.5988
504 432 -2.8327 -0.4536 17.5139
528 432 -4.0345  0.3068 14.5628
552 432 -6.2503  0.2406 15.0288
576 432 -7.4709  0.8885 17.6764
600 432 -11.0506  0.2456 11.1514
624 432 -8.2147 -0.2381  9.6915
648 432 -11.9042 -4.9506 11.5981
672 432 -11.9620 -4.8737 13.9330
696 432 -10.8155 -3.4143 12.1813
720 432 -9.0290 -2.9053 14.9164
744 432 -4.1750 -0.0037 14.3810
768 432 -2.3129 -0.0422  8.3926
792 432 10.9651 -6.0424  9.4417
816 432 11.2332 -7.2371 12.2360
840 432 -2.9839 -3.8760 13.8973
864 432 -1.7725 -3.8304 17.7658
888 432 -0.2235  6.2463  9.7496
912 432 -0.0776  8.0876 15.6895
936 432  3.3059  8.0425 13.1885
960 432  1.6738  3.9989 11.9675
984 432  3.2856  0.0130  8.9510
 24 456 -0.0650  0.0387 13.3270
 48 456 -2.7970  0.3711 15.1182
 72 456 -2.6335  0.2982 17.8945
 96 456 -10.7517  4.6589 13.9568
120 456 -11.1891  4.9213 12.2700
144 456  2.4506  5.0022  6.8454
168 456  3.5294 10.5316 11.8684
192 456  5.9457  8.7945 13.1992
216 456  5.4074  3.5476 11.5624
240 456  5.8653  0.6683 14.3465
264 456  5.8784  2.7473 11.8243
288 456  4.4796  4.1977 12.9826
312 456  7.1127  5.3326 11.2686
336 456  8.1381  4.1258 16.0529
360 456  4.6045  0.9060 18.5886
384 456  4.1616  0.6964 18.0657
408 456  3.2132  1.9777 15.5494
432 456 -3.5244 -2.3080 14.7419
456 456 -2.5082 -2.3152 14.1509
480 456 -2.1754 -1.6641 19.1659
504 456 -4.4237 -0.0750 18.7722
528 456 -4.1055  0.2248 13.4510
552 456 -5.8965  0.1178 13.8337
576 456 -8.0856 -0.0255 16.0154
600 456 -11.0287 -0.7122 10.7381
624 456 -10.4002 -7.8697 11.7326
648 456 -12.7139 -7.0465  9.1922
672 456 -14.2468 -4.9608 11.0196
696 456 -10.1499 -3.9073  8.5238
720 456 -8.3020 -2.2415 13.6210
744 456 -3.7833 -0.2642 15.0245
768 456 -1.5960 -2.7058 14.2375
792 456  1.0204 -4.2733 10.9693
816 456 10.1610 -5.8749 11.2906
840 456  1.7609  1.0300 19.4914
864 456 -0.0161 -1.4286 16.1181
888 456 -1.7266 -0.1443  9.9727
912 456  1.3657  6.5927 10.2101
936 456  3.4010  7.0997 13.6469
960 456  4.9768  3.2988  9.9724
984 456  3.5343  0.0724  8.6333
 24 480 -0.0440 -0.0041 12.7423
 48 480 -2.9964  0.3458 14.4152
 72 480 -1.9641  0.2519 14.7331
 96 480  1.1633  5.2329 16.3603
120 480  4.6393  4.7835 15.2152
144 480  5.8509  5.7204 14.3012
168 480  7.9976 11.0647 12.3312
192 480 10.1138  9.7351 13.7179
216 480  9.1331  6.5766 11.3306
240 480  7.1925  2.3059 14.2650
264 480  5.7152  1.1655 11.5938
288 480  5.4722  3.0285 11.4680
312 480  5.9232  2.9961 17.7604
336 480  8.0864  4.7863 20.9183
360 480  7.5036  2.8335 14.4826
384 480  5.8486  0.5089 15.9136
408 480  3.7500  1.9373 17.5308
432 480 -4.2965 -3.5550 13.8709
456 480 -4.4292 -4.2011 19.5652
480 480 -2.3716 -2.4474 18.5285
504 480 -4.8357  1.0565 19.0648
528 480 -4.0164  0.4892 13.6514
552 480 -4.6664  0.1306 14.6594
576 480 -7.4802 -0.1286 11.7556
600 480 -10.0161 -1.8031 10.5600
624 480 -11.4275 -9.8569 13.8009
648 480 -10.2032 -8.6243  7.2650
672 480 -15.0686 -3.0556 12.9415
696 480 -9.8254 -3.7887  8.6441
720 480 -8.5567 -2.1096 11.7951
744 480 -6.6109  0.3226 13.2180
768 480 -5.9937  1.9322 17.3826
792 480 -3.9064 -0.1619 13.3992
816 480 -4.4906  1.7925 17.5405
840 480 -1.3525  3.0466 13.6466
864 480  0.2828  4.0414 18.0142
888 480  1.9150  4.0187 17.6032
912 480  3.5109  6.2226 13.7884
936 480  4.4149  6.8721 15.5538
960 480  6.0022  5.2323 13.0657
984 480  3.2114  0.0279  8.3870
 24 504  0.0094  0.0185 12.1439
 48 504 -3.8981  0.7386 16.8255
 72 504 -0.1325  0.5347 17.0557
 96 504  1.9306  2.9236 16.3747
120 504  3.7969  5.5769 13.9218
144 504  4.1591  6.6821 14.1062
168 504  4.7901  6.9012 13.7257
192 504 10.3470  9.2139  9.6174
216 504 10.3046  8.9151 12.6327
240 504 11.4395  9.0836 11.2223
264 504  4.2730  1.3181 16.2088
288 504  3.8892  5.8602 15.4145
312 504  4.0247  3.5529 14.3449
336 504  6.4375  4.1681 14.9186
360 504  8.0564  3.0662  9.9471
384 504  5.8729  0.2694 11.5434
408 504  3.2386  2.2142 13.9575
432 504  1.7116  4.0342 14.5904
456 504 -4.3088 -2.5492 16.8133
480 504 -2.9601 -0.4420 14.7897
504 504 -2.7445  0.2634 14.1894
528 504 -2.9762  1.2419 11.9950
552 504 -4.7677  1.2297 14.0461
576 504 -9.0793 -1.0732 10.7516
600 504 -9.8127 -3.8796  9.5367
624 504 -13.8416 -9.8929  7.5524
648 504 -16.5077 -9.0405 13.6415
672 504 -11.1430 -0.1236  8.6172
696 504 -8.1102 -8.5801 11.2006
720 504 -9.2646 -9.8510  9.4278
744 504 -6.3048  1.7858 16.3377
768 504 -6.4723  2.2456 17.5101
792 504 -6.1132  0.5486 14.7532
816 504 -5.7574  0.9371 17.0398
840 504 -3.8467  2.7393 16.1701
864 504 -1.8262  3.7497 12.8402
888 504  0.1809  3.6284 15.0385
912 504  1.8842  3.1285 14.2415
936 504  3.6592  3.2331 12.6275
960 504  5.5326  5.5788 12.8265
984 504  3.3067 -0.0126  8.5442
 24 528  0.0148 -0.0360 11.9288
 48 528 -3.7221  0.5551 16.8228
 72 528 -1.7487  0.4620 20.0380
 96 528 -0.9267  1.8705 15.3407
120 528  1.1383  3.2869 14.6774
144 528  2.0437  7.7146 12.2755
168 528  2.3740  9.5600 11.9181
192 528  2.1889  9.6721  9.7701
216 528  9.0409  7.3685 11.6153
240 528 10.3227 10.7122 10.7092
264 528  2.9197  7.0810 16.5975
288 528  3.1284  6.8451 18.5026
312 528  2.0425  5.3603 16.3360
336 528  2.7053  6.8538 16.4422
360 528  0.4256  8.0492 14.2131
384 528  0.9402  4.6990 13.9362
408 528 -0.6973  0.1813 17.7923
432 528 -0.9281  0.0648 17.6435
456 528 -0.2187 -0.3409 18.0302
480 528 -0.9035 -1.8875 19.1875
504 528  0.3275  2.6253 18.7194
528 528 -0.4740  2.7609 16.3134
552 528 -2.9426  2.2069 15.5381
576 528 -6.2681 -0.8654  9.4345
600 528 -8.0984 -3.0651 10.7906
624 528 -11.7307 -8.3639 11.4018
648 528 -15.2526 -9.1269 12.0525
672 528 -7.7554 -7.9264 11.4228
696 528 -7.5225 -8.8009 14.1975
720 528 -7.7991 -9.4140 11.0271
744 528 -5.7677 -0.2598 11.8666
768 528 -4.6586  3.1690 13.1159
792 528 -2.7585  2.1848  8.8248
816 528  2.8792  4.7841  8.0578
840 528  0.6410  3.0057 10.1215
864 528  8.0742  2.1806 11.8707
888 528  4.7285  4.0565 11.5262
912 528  2.3210  2.9915 13.5891
936 528  2.8224  3.0240 13.4651
960 528  1.0148  2.2485 15.6869
984 528  3.4139  0.0324  8.8228
 24 552  0.0106 -0.0124 11.7321
 48 552 -2.0291  0.7364 18.6790
 72 552 -1.9273  0.5948 16.9587
 96 552 -0.3688  4.8239 14.1592
120 552 -0.6953  5.0078 18.3137
144 552 -6.1735  6.3299 13.1962
168 552 -19.1348 17.7958  7.9752
192 552 18.3560 -5.1108  9.2518
216 552 -3.3277 -19.1783  7.6009
240 552 -7.5232  0.0937 14.9174
264 552 -2.9573  1.9697 11.5940
288 552  2.0717  6.0902 14.7192
312 552  1.8238  6.3246 14.4226
336 552  1.7378  6.8540 12.4100
360 552  1.1412  5.2959 12.3874
384 552  0.3994  3.2894 15.5630
408 552 -1.7199  0.7483 15.7431
432 552 -1.1678 -0.0912 14.9953
456 552 -0.2039 -1.0224 16.7037
480 552  0.2161 -1.3692 21.8728
504 552  0.5796 -0.7963 20.4377
528 552 -0.7080  3.1942 16.8203
552 552 -1.3256  3.3897 16.2198
576 552 -2.7871  2.8666 12.6108
600 552 -4.6839 -4.8527 10.4792
624 552 -6.7931 -7.4681  9.3897
648 552 -4.2291 -7.5479 13.1611
672 552 -5.8905 -9.9061 14.5229
696 552 -6.2926 -9.3936 12.6699
720 552 -8.1020 -8.6445 11.7191
744 552 -3.0480  0.2387  8.7571
768 552 -0.4648  1.9602 12.1600
792 552  0.2830  0.0840 12.1929
816 552  4.1545 -3.5150 12.5831
840 552  3.0754  0.9826 13.7432
864 552  3.5966  1.2595 12.9970
888 552  1.7720  6.2602  9.6437
912 552  3.1581 11.0490 11.3645
936 552  0.5912 12.3050  9.9991
960 552  0.2996  3.8459 12.0568
984 552  3.2715  0.0872  8.8148
 24 576 -0.0005  0.0594 11.9518
 48 576 -0.1815  1.1507 16.7592
 72 576  0.1555  4.7374 17.6716
 96 576  0.1460  5.3926 16.7822
120 576 -0.4370  5.4968 12.3170
144 576 -6.2308  6.6982 17.5688
168 576 -7.9846  3.3879 10.9475
192 576  1.8450  2.9994 13.4455
216 576 -4.5023 -2.9317 14.9200
240 576 -4.4991 -3.4018 16.3049
264 576  6.3923  8.8965  8.6815
288 576  6.2669  7.4970 11.0560
312 576  5.8969  7.0512 12.4908
336 576  5.5964  5.3779 13.4334
360 576  2.1852  3.1175 15.1443
384 576  2.5457  4.3066 13.9655
408 576 -4.8131  3.0733  9.1808
432 576 -0.6858 -0.0105 11.1815
456 576  0.1491 -1.0349 17.6711
480 576  0.1553 -1.0445 16.9937
504 576  0.1164  0.3888 16.5933
528 576 -0.1468  3.6682 15.7598
552 576 -0.1999  4.1479 12.9651
576 576  2.6189  3.9593 10.2042
600 576  2.6402  3.8518 10.9469
624 576  1.2624 -2.9422 11.7328
648 576  0.2867 -2.7954 10.1482
672 576 -4.3565 -9.1601 13.3146
696 576 -4.0471 -8.2352  6.9457
720 576 -4.8205 -2.4087 13.1841
744 576 -1.9865 -0.6195 13.7155
768 576  0.0527  1.6741 16.2792
792 576  5.9458  5.1617 10.8026
816 576  7.2491  5.7815 11.7837
840 576  2.9215  1.4149 14.2253
864 576  1.1126  2.0338 11.6266
888 576 -0.1133  5.3000  9.8682
912 576  2.2263  9.8405  9.5696
936 576  0.1259 11.3994  9.3490
960 576 -0.6181 12.6050  9.7703
984 576  3.5422  0.0128  9.3946
 24 600  0.0010  0.0001 12.4271
 48 600  1.8819  2.3993 16.9023
 72 600  0.2897  5.1088 18.8741
 96 600 -0.7498  6.5570  9.8979
120 600  4.7204  7.3075 13.3847
144 600  4.2868  6.9167 10.6820
168 600  2.7907  0.8761  8.4364
192 600  3.5980  3.7305  9.8245
216 600 -3.9163 -3.1272 12.8456
240 600 -4.0278 -3.3406 10.2637
264 600  6.1289  8.1307  8.4251
288 600  4.2724  7.6404 12.7999
312 600  3.6191  6.0711 13.6566
336 600  5.7408  4.7664 13.3580
360 600  5.2917  3.7174 16.7921
384 600  5.0991  3.9848 14.4092
408 600  6.8982  4.3585  8.3129
432 600  6.0251  0.2373  9.2331
456 600  1.9040 -0.1387 12.3316
480 600  0.6697  0.7102 11.2156
504 600 -0.0105  2.0909 13.2591
528 600  2.2468  4.9613 13.7170
552 600  0.0943 12.4128  7.1782
576 600  1.0662  6.8675  8.3799
600 600  2.7973  4.3295 13.8355
624 600  1.6044  2.6946 12.8567
648 600  2.3833  1.2738 15.7166
672 600  5.3173  2.9988 12.1799
696 600  4.1862  7.0099 11.4116
720 600 -4.7357 -1.8960 13.1837
744 600 -0.1177  1.4042 13.0129
768 600  2.1087  4.0477 12.4403
792 600  6.2314  6.5303 14.5625
816 600  6.9927  7.9084 14.2669
840 600  5.3397 12.0514 10.1119
864 600  2.0640  4.9371 11.0842
888 600 -0.3198  5.0228  8.4188
912 600 -3.8802 12.8920 10.5863
936 600 -1.7597 12.9555 14.5745
960 600  0.3309  8.6940 12.1188
984 600  3.5250  0.0439  9.1933
 24 624  0.0042 -0.0466 12.0312
 48 624  2.0440  1.8477 13.5504
 72 624  0.9491  1.5217 13.7066
 96 624  5.3872  6.0595 12.4760
120 624  7.4662  8.7254 12.4451
144 624  9.0209  6.8971 11.5062
168 624  9.9682  5.3173  9.4942
192 624  7.1075  5.0848 15.9591
216 624  6.9804  4.7732 12.0809
240 624 -9.2303 -1.4926  8.3776
264 624  7.8104 -36.1502  9.2526
288 624  2.9972  4.3234  9.4804
312 624  5.6302  2.0110 12.4089
336 624  5.9258  3.6395  9.9508
360 624  6.1318  2.9560 14.4220
384 624  5.9560  2.7540 12.5062
408 624  9.8422  1.1169 12.4413
432 624  9.7784  0.9252  7.7772
456 624  5.7842  3.3161  8.3208
480 624  2.1280  2.6905  9.7983
504 624  2.2761  4.9702 10.5086
528 624  0.0843 15.6277 10.6244
552 624  4.2594 17.1463 11.7020
576 624  5.4133 19.9556  7.7526
600 624  1.2388  6.7702 13.5714
624 624  1.3019  7.2808 12.3691
648 624  4.7793  2.3491 10.2592
672 624  5.6771  2.8362 10.9555
696 624  3.8612  6.8117 10.7179
720 624  4.0071  4.1818 13.5516
744 624  2.3570  5.8906 13.6241
768 624  1.9808  6.2981 12.6158
792 624  3.8555  8.5129 13.0372
816 624  3.8343  8.6114  7.0776
840 624 -5.0654  9.3455  6.8063
864 624 -7.9899  8.3035  7.1198
888 624 -4.7324  7.2196  9.5472
912 624 -4.7306  7.4605 10.6713
936 624 -1.5114 11.0934 12.3432
960 624  0.1121  7.0467 11.4076
984 624  2.9355  0.0754  7.8419
 24 648  0.0275 -0.0487 11.4313
 48 648 -3.2871 -3.8044 14.7001
 72 648 -2.4210 -2.7893 11.8921
 96 648  4.7833  5.8391 10.6645
120 648  5.8513  4.5749  9.0778
144 648  5.0189  4.0859 10.0842
168 648  4.7892  4.8312 13.3623
192 648  5.8554  5.1640 15.0510
216 648  6.1382  5.1046 15.5454
240 648 -8.6964 -2.1083 14.4569
264 648 13.2115 25.4645  9.8979
288 648  4.0384  3.5817  8.2395
312 648  4.8763  1.1336 13.7320
336 648  6.2283  5.1370 13.5273
360 648  7.1626  6.5264 13.6408
384 648 10.9053  2.7315 10.2490
408 648 10.2096 -0.0632 14.6312
432 648 10.5589  1.3808 13.4762
456 648 11.8371  8.0001 10.9160
480 648  9.3001  8.5640  8.8262
504 648  8.1564 14.3956 10.0936
528 648  7.5236 14.8629 13.7132
552 648  5.3291 17.9011 10.8584
576 648  1.8821 17.7306  8.8422
600 648 10.0475 -35.3385  6.2445
624 648  1.9814 10.4088 11.3103
648 648  2.0873 10.0762 12.9351
672 648  4.4409  4.4171 12.8696
696 648  3.1154  6.1182 14.0375
720 648  3.0040  3.4952 15.9904
744 648  3.7061  9.2819 13.7063
768 648  3.9268  9.1033 13.4675
792 648  3.2217  9.2401  9.2930
816 648 -1.7450 14.9769 16.4274
840 648 -2.7470 13.8571 11.7473
864 648 -6.0001 10.7781 13.4162
888 648 -4.8629  6.8700 18.1043
912 648 -5.2426  4.8118 14.1089
936 648 -6.1848  4.5605 14.0389
960 648 -3.9368  1.9663 14.6374
984 648  0.7914  0.0565  8.0474
 24 672  0.0210 -0.0132 11.9571
 48 672 -6.0190 -5.4073 13.3488
 72 672 -6.7360 -5.2092 12.2661
 96 672 -7.1886 -0.9552 14.6005
120 672 -5.7023 -0.7099  9.3097
144 672  3.3210  2.3041 10.0559
168 672  4.3137  4.8897 17.1753
192 672  4.6591  5.1142 15.3019
216 672  3.4972  5.9013 13.5519
240 672  1.0547  8.4843 11.0679
264 672 -12.0277  2.5386 12.1586
288 672 -12.9811  4.7395  9.3592
312 672  4.5404  1.9121 13.4589
336 672  5.2165  5.5817 16.4534
360 672  7.0034  5.0038 13.7389
384 672 10.9725  4.7622 14.0915
408 672 10.0094 -0.1911 14.5558
432 672  8.9616  0.2042 16.0274
456 672  8.6931  0.6074  7.8248
480 672  9.2668  9.2059 11.4710
504 672  7.9963 13.2459 13.2405
528 672  7.7469 14.2420 12.2481
552 672  5.5526 17.7228  9.8975
576 672  3.1192 16.1666 10.1669
600 672  5.7775 13.7595 15.2292
624 672  5.0070 12.6294 13.1001
648 672  4.8255  8.9271 10.5909
672 672  3.8399  8.9655 11.3335
696 672  5.5193 13.8122 10.7296
720 672 -1.1737  6.3616  9.4672
744 672 -0.9227  9.7747 12.2935
768 672 -4.1313 12.1652  9.3244
792 672 -4.7332 14.7310 11.4237
816 672 -7.6394  9.1008  8.3407
840 672 -7.0168  9.9146  8.6815
864 672 -3.3425  2.2368 14.1557
888 672 -3.7705  2.9369 14.3143
912 672 -5.1300  3.0185 11.5445
936 672 -6.0623  2.8097  9.8149
960 672 -4.5121 -1.4343 12.8302
984 672  2.8592  0.0353  8.3406
 24 696  0.0086 -0.0267 12.5328
 48 696 -1.7663 -5.1820 12.3028
 72 696 -5.8269 -3.8821 11.1921
 96 696 -7.7737 -2.7447 14.6364
120 696 -3.1988 -3.0841 15.1021
144 696 -2.1254 -0.2981 15.9426
168 696 -0.9768  2.3214 16.4759
192 696 -0.1454  3.4793 18.9741
216 696  2.0426  5.6640 10.4245
240 696  3.9176  8.7454  7.1888
264 696  2.1023  8.9335  7.9424
288 696  7.0433  7.0483 10.9117
312 696  4.0688  5.7263 14.2009
336 696  4.5199  6.0417 14.7036
360 696  5.8439  3.9705 16.9403
384 696  6.1811  3.5564 19.7517
408 696  9.6114 -0.5334 12.6160
432 696  9.9390 -0.4111 18.0070
456 696  9.7146 -2.0605 14.8019
480 696  9.1287 -2.8769  9.3106
504 696  6.2996  9.9530 12.1987
528 696  6.0843 10.3157  9.5248
552 696 10.1639 21.8175  9.9302
576 696  9.6836 18.8830  6.2212
600 696 15.4870 -31.5648  9.7314
624 696 -26.3974 -28.0147  6.2673
648 696  7.0942 19.1014  6.6343
672 696  2.3086 14.8409 15.3630
696 696  3.3337 13.8820 18.4816
720 696  3.8349 13.7344 11.3176
744 696 -1.0084 11.7487 10.0700
768 696 -4.6871 14.8954 10.8059
792 696 -4.7064 14.9253 10.1995
816 696 -7.9402  8.3787 11.5056
840 696 -7.8060  8.2390 11.9331
864 696 -3.9935  2.1841 17.9555
888 696 -3.9059  2.7929 12.7227
912 696 -23.7343 -7.8686  8.1808
936 696 11.4281  0.3423 15.6745
960 696 -0.6847 -4.1141  8.4989
984 696  3.5515 -0.0199  9.1236
 24 720  0.0132 -0.0681 12.0548
 48 720 -0.0419 -3.8413  9.9163
 72 720 -5.4475 -3.0048 15.6811
 96 720 -5.3843 -2.8512 14.3901
120 720 -2.1480 -0.9028 13.5571
144 720 -1.9693  0.4697 16.0845
168 720 -1.2856  2.0479 18.8883
192 720 -0.3463  2.8840 18.7400
216 720  8.4093  3.7340 12.3170
240 720  8.8358  4.8603 11.1990
264 720  6.7277  5.3010 10.5555
288 720  7.6533  6.8109 10.0935
312 720  4.3725  6.4149 14.3788
336 720  4.6576  6.3033 14.9882
360 720  4.8513  2.2697 14.9126
384 720  5.7634  2.8080 12.7443
408 720  7.9767 -0.6490 11.5728
432 720 10.1607 -0.7887 20.6371
456 720  9.1985 -1.1447 16.0996
480 720  6.8605  5.2677 10.7696
504 720  6.2002  8.1706 14.8819
528 720  6.3170  9.5244 11.6031
552 720  9.9500 19.8388 13.6468
576 720 10.0343 18.1233 11.7458
600 720  9.6552 18.1602 17.5011
624 720  6.9050 19.9846 10.9609
648 720  5.0782 20.7004 12.5927
672 720  1.6561  8.0663 13.1747
696 720  3.9635 13.3546 11.6288
720 720  0.3255 14.9045  8.8265
744 720 -3.5623 14.0517  8.8290
768 720 -5.0178 16.1791 13.5771
792 720 -4.5053 15.9600 14.3065
816 720 -3.8416 15.7249 12.9605
840 720 -4.2184  3.6825 10.4209
864 720 -4.3531  1.9644 13.9980
888 720 -2.0298  0.9897  7.6695
912 720 -20.9595 -16.3163 14.3241
936 720 12.9687 -6.8215 22.0590
960 720 -1.2927 -9.7534  7.9313
984 720  3.5322 -0.0726  9.0732
 24 744 -0.0081 -0.0951 11.9527
 48 744 -1.1702 -3.4379 13.0343
 72 744 -1.1387 -3.2209 15.0944
 96 744 -1.9843 -0.9553 11.6086
120 744 -0.7960  1.9868 13.0538
144 744 -0.3389  0.9587 12.5389
168 744 -1.9387  1.0736 12.0583
192 744 11.1474  5.9229 12.0402
216 744  5.8465  1.1787 13.8539
240 744  8.1813  4.4199 16.0048
264 744  1.0000  1.0000  8.2052
288 744  3.7320  6.6615 13.6778
312 744  3.9806  6.9145 15.4560
336 744  3.8315  7.1492 13.6838
360 744  0.1645 -1.1192 12.1251
384 744  3.1167 -1.6648 18.9205
408 744  2.7071 -1.3582 16.2616
432 744  2.9943  3.6641 12.4693
456 744  2.8475  3.7953 19.4588
480 744  3.1028  3.8928 14.3689
504 744  7.1181  9.0308 16.9957
528 744  8.4752  9.0851  9.7298
552 744  9.2217 10.0087 11.5515
576 744  6.3931 10.0243  8.5647
600 744  8.9762 18.8563  9.0538
624 744  0.8563 20.2718 10.0152
648 744  0.0387 11.9279  9.0813
672 744  0.0868  7.9773 15.0213
696 744  0.2673  8.1557 14.4593
720 744 -0.3430  8.0338 12.4662
744 744 -1.9964  5.0347  8.1356
768 744 -9.5905 16.1411  9.9247
792 744 -6.3763 15.7222 10.2255
816 744 -3.7521 14.1454 10.5524
840 744 -3.9911  2.2231 10.0280
864 744 -4.4212 -1.1896  9.9907
888 744 -3.9006 -3.2190 10.5061
912 744 -4.6223 26.6919  6.5208
936 744 11.0962 -4.5876  9.5748
960 744 -8.9041 -12.0409  9.4369
984 744  3.2566 -0.0946  8.3183
 24 768  0.0063 -0.1421 11.7248
 48 768  1.5927 -3.9926 15.6755
 72 768  1.2799 -3.1270 15.4466
 96 768  0.0509 -0.5618 13.1910
120 768  0.1492 -0.1084 14.9249
144 768 10.1266  2.2021  9.0176
168 768 12.1169  4.5635 18.5312
192 768 11.5837  5.7730 14.7097
216 768  6.0451  1.0045 12.6694
240 768  6.0935  0.8954  7.6430
264 768  7.9263 -0.0058 17.0870
288 768  5.9769  6.1972 11.0102
312 768  4.8514  7.5041 11.1362
336 768  2.6972  6.1768 12.8622
360 768  3.5009 -1.8727 14.6018
384 768  2.9575 -1.8240 21.2546
408 768  2.8261 -1.0051 17.3200
432 768  2.9957  3.9779 15.6206
456 768  2.8659  4.0843 22.5795
480 768  2.7463  4.2585 19.2098
504 768  2.9818  5.7157 12.4655
528 768 10.0585  5.9290  9.5586
552 768  9.8799  9.2724 13.8079
576 768  7.1415  9.0006 12.4901
600 768  5.1425 10.6485 15.2455
624 768  1.9569 -21.9534  8.3306
648 768  0.0892 10.0975  9.7936
672 768 -0.3801  7.0352 12.0166
696 768 -0.1542  8.7946 12.9494
720 768 -2.0594 10.0458 14.2733
744 768 -3.7041  6.8367  7.5779
768 768 -13.3213  9.3725 12.0462
792 768 -13.8565 10.7766  8.0208
816 768 -17.2736 -1.6939 10.1266
840 768 -4.1200 -4.1299 24.2102
864 768 -5.8291 -3.7535 28.9694
888 768 -6.6534 -5.9560 12.2986
912 768 -8.7957 -7.7046 15.0254
936 768 -9.9553 -8.5196 13.1124
960 768 -8.1844 -10.2169  9.4711
984 768  3.5114 -0.0330  8.4270
 24 792  0.0190 -0.1581 11.1282
 48 792  1.2214 -4.1297 17.6535
 72 792  2.0616 -1.2674 15.3334
 96 792  0.8349 -0.0492 18.4192
120 792  0.9263 -0.8257 17.3289
144 792  0.8478  1.7484  9.7265
168 792  7.1351 10.9698  8.5684
192 792 13.6723 12.2831 10.1754
216 792 12.3268 12.9782 15.3531
240 792 11.5570  7.3149  8.4981
264 792  9.6480  2.7127 11.8994
288 792  4.2067  0.2341 11.3701
312 792  3.4633  3.1202 13.3267
336 792  2.7401  0.5833 14.2596
360 792  2.9732 -1.0573 12.5086
384 792  3.0207 -2.2791 13.8106
408 792  2.0482 -0.9523 14.9340
432 792  2.7080  1.1704 13.9899
456 792  2.7219  3.9425 14.3928
480 792 -0.2316  4.7492 18.1097
504 792  0.3393  4.8915 17.8154
528 792  7.9891  8.7778 10.0487
552 792  7.4947  8.9073 16.1940
576 792  5.8935  8.9080  9.5381
600 792  1.1240 13.2239 11.0948
624 792 -0.9225 13.9408 14.5743
648 792 -1.4088 13.8194 10.7777
672 792 -2.1445  7.0841 11.5196
696 792 -7.8007  0.5035 14.1598
720 792 -9.8987  1.6975 10.1191
744 792 -12.2199  6.6727  9.2330
768 792 -14.1563  6.8414 14.1605
792 792 -14.1229  3.8376  6.7458
816 792 -17.0022 -2.0445 20.4661
840 792 -4.1455 -3.8885 23.1059
864 792 -6.1055 -3.4897 31.3041
888 792 -7.0005 -6.5049  9.2242
912 792 -8.3766 -7.9168 17.8029
936 792 -6.0012 -0.0349 11.8060
960 792 -4.1026  1.8739 12.1357
984 792  3.5467 -0.0394  8.3935
 24 816 -0.0132 -0.0931 12.2757
 48 816 -0.0018 -2.9287 13.1084
 72 816 -0.7476  2.4672 17.6277
 96 816  0.1987  1.3035 13.4287
120 816  3.5876 -0.7854 16.2041
144 816  3.1629 -0.5548 11.8663
168 816  6.4753 12.2161 10.3994
192 816 12.3049 12.0043 10.0661
216 816 12.5576 12.0924  9.3543
240 816 10.4015  9.9365  9.5707
264 816  7.7842  4.6490 11.4951
288 816  3.9786  2.6629 18.9518
312 816  3.7544  3.4766 16.6165
336 816  3.0081  0.1256 13.6930
360 816  3.2115 -0.3454 10.3144
384 816  4.7499 -16.8740 11.8261
408 816  1.6799 -0.8045 19.0104
432 816  0.0372  9.2518 13.9321
456 816  0.6743  9.0620 15.2673
480 816 -1.7441  3.9089 18.4949
504 816 -1.8577  3.7182 19.3048
528 816  7.6202  8.6140 12.9947
552 816  7.7244  9.2650 19.7007
576 816  2.1103 10.8761 10.0246
600 816  1.6349 13.0912 14.7708
624 816  0.6514 14.1360 13.6582
648 816 -1.8213  7.9685 12.5511
672 816 -1.8719  7.7849 16.0006
696 816 -7.7588  0.0005 11.7089
720 816 -9.9134  1.5162 17.3786
744 816 -12.3055  4.5727 13.9946
768 816 -13.9648  5.6083 11.5172
792 816 -10.1208 -0.1487 12.4443
816 816 -10.3632 -0.6704 13.5105
840 816 -7.9906 -6.2482  9.9878
864 816 -8.1276 -7.5418 16.9907
888 816 -8.3826 -8.6737 12.8438
912 816 -6.1021 -9.1280  8.4743
936 816 -5.0806  0.8233 17.3763
960 816 -3.1866 -0.0147 12.3554
984 816  3.5468  0.0044  8.8782
 24 840 -0.0190 -0.0946 12.8559
 48 840  0.5921 -2.8127 13.7374
 72 840 -0.1091  4.1573 14.1670
 96 840  2.0834  4.8587 18.0149
120 840  3.3680  6.0035 13.1134
144 840  3.1162  0.5740 13.9331
168 840 10.5501 15.0637  7.1650
192 840  6.1010  6.6589 13.1149
216 840 11.3050  9.6552 11.1341
240 840 10.2816 10.1724  9.8322
264 840  9.2658  9.5767 13.7064
288 840  2.2877  3.9940 11.2646
312 840  1.8928  7.8528 12.0884
336 840  2.9167  0.4514  6.9631
360 840  3.9162 26.3875 10.5504
384 840  0.1180 25.8899 12.4868
408 840  2.2491  0.9127 13.0773
432 840  0.5326  9.1026 18.5839
456 840 -0.3215  7.7953 18.6872
480 840 -2.9016  6.4245 13.0428
504 840 -8.0218 -2.3007 21.0769
528 840 -1.8146  1.1832 11.1474
552 840 -0.1485  3.6848 14.8988
576 840 -0.1759  4.7222 12.6367
600 840 -0.2320 13.0078 11.5741
624 840  0.7707 14.3219 15.0115
648 840  1.9882 12.6890  8.9921
672 840 -3.9366  6.0999 14.0638
696 840 -6.1323  1.9300 10.4748
720 840 -8.1533  1.5697 14.4693
744 840 -11.6797  0.0627 13.5473
768 840 -11.3587 -1.0866 15.8758
792 840 -8.6253 -1.6667 12.6392
816 840 -10.7012 -0.4682 15.5184
840 840 -8.3379 -8.1848 15.1286
864 840 -7.8486 -7.1669 16.2082
888 840 -7.9000 -7.1768 13.1093
912 840 25.6656 21.2123  9.6671
936 840 -22.1512 -15.9276  7.5468
960 840 -6.8073 -3.2808 11.1789
984 840  3.4831  0.0654  8.5165
 24 864 -0.0004 -0.0666 12.4625
 48 864  4.8059 -2.8932 11.1768
 72 864 -0.1230  7.9549 10.8046
 96 864  3.8062  9.0751 17.4741
120 864  3.7198  8.4204 14.9385
144 864  3.1724  6.0380 15.0556
168 864  6.5408  6.2951 10.6291
192 864  6.2528  6.1068 11.1615
216 864 12.1864  9.5571 10.6760
240 864 -8.2792 -15.2231  8.4880
264 864  5.9401 10.6360 15.2681
288 864  4.0212 10.0420 10.4994
312 864  1.2155  8.5180 12.5565
336 864  0.4108  5.5093  8.3087
360 864  6.1679  8.9126  5.9943
384 864  5.2183  9.5263  9.2003
408 864  4.4362  8.7880 11.3373
432 864  9.0381 -30.3495  8.5515
456 864 -2.3591  6.8698 13.8524
480 864 -3.6651  6.8316 11.8037
504 864 -9.2226 -2.5827 18.8242
528 864 -9.0207 -2.1702  9.2421
552 864 -2.3317 -10.7711 11.8354
576 864 -1.0731  1.1217 11.6987
600 864 -1.7696  2.0627 13.8945
624 864 -2.8252  3.2072  9.7847
648 864 -4.3883  5.7749 14.2894
672 864 -4.6488  5.8820 15.1769
696 864 -8.1382  2.1049 12.2177
720 864 -8.2446  2.1965 15.3956
744 864 -11.8903 -0.7657 23.0731
768 864 -11.1617 -1.2430 19.2785
792 864 -8.8282 -4.0578 11.6512
816 864 -8.0355 -4.2945 10.0919
840 864 -4.8800 -3.5480 12.9730
864 864 -6.2570 -5.7072 12.3287
888 864 -5.9973 -5.9886 11.2596
912 864 -12.6080 -10.2937  9.8848
936 864 -12.2623 -13.3523  9.6206
960 864 -6.7408 -4.5853  9.3652
984 864  2.9606 -0.0725  7.3104
 24 888  0.0100 -0.0085 12.1084
 48 888  3.4687 -2.8838 10.8295
 72 888  6.0986  6.6144 15.1615
 96 888  6.2012 10.7613 15.6475
120 888  7.0667 11.9695 20.6034
144 888  6.8119 12.3654 12.6046
168 888  3.2122  7.9715 12.4423
192 888  4.7786  7.2275 13.2288
216 888  4.7003 11.5656 13.7264
240 888  5.0631 11.3293 15.3006
264 888  4.5988 10.0986 13.1376
288 888  2.9382 11.8606 11.4875
312 888  1.8766  9.2140 10.2969
336 888  5.1780 11.1792  9.5794
360 888  5.4036 11.0289 12.1199
384 888  3.7861 11.7166 14.2739
408 888  4.2530  9.2984  8.9629
432 888  2.5168 19.1602  8.9334
456 888  0.3788 10.3493 11.5823
480 888 -3.2704  7.0618 13.6770
504 888 -8.9751 -2.3294 18.5989
528 888  0.0352 -7.8027  9.8713
552 888 -5.9783 -8.1540 11.2645
576 888 -3.2672  0.8321 13.6836
600 888 -3.2692  0.9998 19.2814
624 888 -5.6375  8.3850 13.0931
648 888 -4.3011  5.6435 14.5131
672 888 -5.6942  4.8565 14.1787
696 888 -11.7806 -5.9089 14.9046
720 888 -11.7696 -5.9470 13.3888
744 888 -5.7268  0.6180 10.4841
768 888 -7.8933 -3.3969 10.8988
792 888 -7.6041 -6.1199 13.2232
816 888 -6.0998 -5.3008 12.2505
840 888 -3.5748 -4.0794 14.3477
864 888 -1.7152 -4.3745 16.4792
888 888 -1.7436 -4.2680 13.6616
912 888 -4.4813 -5.8526  8.7761
936 888 -13.6848 -14.6134 10.5882
960 888 -7.1255 17.3451  7.2239
984 888  3.0392  0.1080  8.0178
 24 912  0.0022 -0.0115 12.0081
 48 912  5.7415  2.7108  8.9730
 72 912  6.8280 10.6861 17.5055
 96 912  6.7592 10.2173 11.7051
120 912  7.8533 10.4664 12.6541
144 912  6.9951 10.2898 13.5730
168 912  3.9836  7.3594 14.6564
192 912  4.5292  7.1233 16.7295
216 912  0.1163 11.3121 12.2679
240 912  0.1084 11.4941 12.9209
264 912  1.2513  9.9957 13.6831
288 912  1.6922 11.0109 11.8829
312 912  1.3178 13.7409  8.8719
336 912  4.1755 13.2374  9.4338
360 912  4.6858 12.2438  7.1474
384 912  3.6193 11.6434  8.1274
408 912  2.8322 11.2207  8.4216
432 912  1.8612 19.8224 12.5934
456 912  0.5325 10.3687 11.7642
480 912  0.8264  9.3862 17.1825
504 912  0.8635  8.7199 17.4230
528 912 -4.9004 -5.6490 14.1595
552 912 -0.2888 -3.3413 13.1917
576 912  0.0304 -0.4099 13.9095
600 912  3.1181 -1.8224 10.5774
624 912 -5.8257  7.4095  8.3782
648 912 -0.1145  0.9318 13.6033
672 912 -3.2289  2.1054  8.3359
696 912 -9.0533 -4.0441 16.3160
720 912 -10.2559 -5.7380 10.2321
744 912 -6.2514 -18.7337  9.8244
768 912 -5.9972 -10.3486 14.0561
792 912 -6.2242 -7.0019 13.5904
816 912 -5.9413 -6.4086 15.8599
840 912 -4.1097 -5.3120 15.7542
864 912 -1.7239 -4.7452 11.6189
888 912 -1.5250 -4.2017 11.5032
912 912 -1.6042 -4.3235 13.7241
936 912 -4.9117 -10.7685 11.9014
960 912 -7.3918 -12.5877  9.7895
984 912  3.5236  0.1385  8.5477
 24 936 -0.0027 -0.0129 12.2726
 48 936  4.2200  3.2786 10.7317
 72 936  4.3893  9.7858 11.5376
 96 936  5.7944  9.8937 13.9270
120 936  6.7612 11.1880 14.8907
144 936  5.0590  9.0888 15.0128
168 936  4.4567  7.2741 14.8487
192 936  1.9627  8.5895 14.5370
216 936  1.9945  9.9287 17.2785
240 936  1.3380  9.5767 13.2408
264 936  0.1969 11.3055 11.6361
288 936  0.3050 12.8224 13.4744
312 936  1.5171 12.9102 12.8827
336 936  2.9423 14.6650  9.4332
360 936  3.1516 21.3318  9.7571
384 936  3.5809 15.1182 12.0117
408 936  2.1593 14.3197 11.2934
432 936  0.2246 13.1446  8.2973
456 936  0.8989 10.1738 15.8545
480 936  0.6658  9.5976 19.1728
504 936  0.9656  8.7630 14.0846
528 936 -4.6050 -4.7016 11.4813
552 936 -0.0580 -4.5358 13.1478
576 936  2.0775 -2.1604 12.7777
600 936  4.0961 -1.6504 15.5420
624 936  2.3105  2.8782 18.1799
648 936  0.1121  0.7768 13.3300
672 936 -2.9094 -2.4364 12.8301
696 936 -7.7297 -3.4979  8.8242
720 936 -8.0131 -20.2099  9.7845
744 936 -8.7059 -17.7673 12.5887
768 936 -7.8735 -13.0514 11.2457
792 936 -8.3919 -0.0537 10.5200
816 936 -5.6569 -6.0411 12.5039
840 936 -5.8057 -6.0506 11.2420
864 936 -4.2003 -6.6726 11.7009
888 936 -3.5412 -5.9582  9.4544
912 936 -3.3879 -5.8739  9.6602
936 936 -5.5927 -8.9287  9.5365
960 936 -7.0623 -10.7854 10.6942
984 936  3.5509  0.0556  8.9434
 24 960 -0.0054 -0.0006 12.5468
 48 960  3.7143  3.3421 13.0132
 72 960  4.9588  8.3149 14.5545
 96 960  5.8284  9.7138 17.6450
120 960  3.9571  8.5913  9.5784
144 960  3.9727  8.0309 14.9155
168 960  3.6462  8.4190 15.9085
192 960  3.0396  8.9049 19.1093
216 960  3.2434  8.6035 14.4578
240 960  3.9081  8.0247 12.7076
264 960  2.0893 12.1657 10.7042
288 960  1.5738 12.1697 12.1799
312 960  1.3686 11.3358  9.9497
336 960 15.4155 -26.7634  5.4222
360 960 -6.9958 -10.3256  6.0476
384 960  3.0912 15.2689  9.4259
408 960  2.3014 14.4327 10.4153
432 960  1.9638 16.6591  9.0176
456 960  0.2300 11.0461 12.1761
480 960  0.2321 10.4134 15.2344
504 960 13.8784 15.1351  6.8494
528 960 -7.0736 -3.1310 10.4110
552 960 -9.0797 -7.0665  8.4304
576 960  2.4690 -0.9884  9.6553
600 960  3.0106 -0.7857  9.8683
624 960  1.9885  3.2292 12.8158
648 960  0.8396 -2.7743  8.9406
672 960  0.1305 -3.3847 16.5067
696 960  0.1527 -4.4672 22.2908
720 960  0.1822 -4.2511 14.8938
744 960  7.9691  8.9035  5.4084
768 960 -12.2504 -4.0792  7.5838
792 960 -11.6206 -1.9930 14.9563
816 960 -8.9119 -2.8192 11.8693
840 960 -6.7635 -5.8090 15.6574
864 960 -6.1212 -8.1068 21.5285
888 960 -5.6176 -7.8293 13.4353
912 960 -5.6731 -6.5827 11.1399
936 960 -5.9801 -8.1841 10.5200
960 960 -6.9285 -10.1424 11.8223
984 960  3.4797  0.0096  8.9858
 24 984 -0.0077  0.0077 15.0139
 48 984 -0.0049  0.0085 12.4354
 72 984  0.0496 -0.0104 12.3782
 96 984 -0.0090  0.0020 12.4260
120 984 -0.0541  0.0066 12.4673
144 984 -0.0475 -0.0146 12.2247
168 984 -0.0301  0.0119 12.5197
192 984 -0.0433  0.0265 12.6673
216 984 -0.0268  0.0130 12.3442
240 984 -0.0055  0.0145 12.5036
264 984 -0.0723  0.0075 12.1631
288 984 -0.0544 -0.0049 12.2617
312 984 -0.0054 -0.0006 12.2036
336 984  0.0607  0.0116 12.4527
360 984  0.0342  0.0269 12.9033
384 984 -0.0447  0.0141 12.4541
408 984 -0.0415 -0.0244 12.0774
432 984 -0.0091 -0.0054 12.1279
456 984 -0.0140  0.0307 12.8355
480 984 -0.0170  0.0160 12.6856
504 984 -0.0107  0.0073 12.5475
528 984  0.0151  0.0073 12.4690
552 984  0.0122  0.0000 12.2213
576 984 -0.0074  0.0060 12.4896
600 984 -0.0270 -0.0144 12.1987
624 984  0.0164 -0.0180 12.0126
648 984  0.0005  0.0070 12.5265
672 984  0.0216  0.0055 12.6959
696 984  0.0246 -0.0180 11.7731
720 984  0.0094 -0.0143 11.4062
744 984 -0.0017  0.0098 12.2670
768 984  0.0380 -0.0057 12.3434
792 984 -0.0503 -0.0322 12.2811
816 984 -0.0451 -0.0073 12.1102
840 984 -0.0005  0.0198 11.9607
864 984 -0.0422  0.0066 11.9353
888 984 -0.0533  0.0102 12.1903
912 984 -0.0610  0.0212 12.7796
936 984 -0.0262 -0.0179 12.1793
960 984  0.0116 -0.0022 12.5240
984 984  3.2004  0.0033 12.3320
