 24  24  0.0152 -1.5776 13.3333
 48  24 -0.0661 -1.6197  9.5913
 72  24 -0.0160 -1.6871  9.6806
 96  24 -0.0148 -1.6995 10.2115
120  24 -0.0497 -0.4223  9.9176
144  24  0.0013 -1.6443 10.3540
168  24  0.0799 -1.6474 10.4867
192  24  0.0112 -1.5788 10.1127
216  24  0.0610 -1.6183 10.0938
240  24  0.0365 -1.6274 10.2327
264  24  0.0312 -1.6814 10.0648
288  24  0.0282 -1.6605  9.8219
312  24  0.0240 -0.4235  9.5554
336  24  0.0219 -1.5658  9.6397
360  24  0.0156 -1.6900  9.9927
384  24 -0.0346 -1.6546  9.7210
408  24  0.0329 -1.6037  9.4989
432  24  0.0754 -1.6272 10.2751
456  24  0.0725 -1.6051 10.5969
480  24 -0.0134 -1.6318 10.6032
504  24 -0.0934 -1.6694  9.6266
528  24 -0.2483 -0.3458  8.8224
552  24 -0.1365 -0.3627  9.5143
576  24  0.0224 -0.4167 10.0606
600  24 -0.0098 -1.5981 10.2365
624  24 -0.0008 -1.6447 10.1850
648  24 -0.0781 -1.6351  9.9546
672  24 -0.1242 -1.6258  9.6429
696  24 -0.1287 -1.6960  9.4695
720  24 -0.0155 -1.7418 10.3253
744  24 -0.0057 -1.6086 10.2632
768  24 -0.0337 -0.3689  9.7676
792  24 -0.0028 -0.3622  9.8780
816  24  0.0220 -1.5723  9.9929
840  24  0.0425 -1.6072 10.0559
864  24  0.1163 -1.5920 10.0208
888  24  0.0692 -0.4352  9.4545
912  24 -0.0235 -1.5912  9.7546
936  24  0.0321 -1.6519 10.4093
960  24  0.0334 -1.5963 10.1675
984  24  0.3336 -1.6058 12.6631
 24  48 -0.0005 -0.1250 12.2309
 48  48  3.9397 -4.1243 11.4855
 72  48  0.9569 -3.9375  9.9274
 96  48  0.3834 -3.4328 10.4638
120  48  2.1764 -2.9832 17.1780
144  48  1.5409 -2.7554 13.5784
168  48  2.1934 -2.6246 14.7112
192  48  2.9913 -2.0014 14.1423
216  48  5.1136 -2.9017 14.3235
240  48  6.6289 -2.9802 16.8916
264  48  3.3047 -0.1173 14.3496
288  48  1.2847 -0.1957 13.1870
312  48  2.2314 -1.0597 13.6916
336  48  1.9175 -1.5984 14.1097
360  48 -3.3354  1.1254 15.0785
384  48 -0.9386  2.1854  9.9380
408  48  4.0022 -3.0980 10.7000
432  48  1.8606 -2.1478 15.3950
456  48 -0.5237  0.2076 17.0506
480  48 -0.8755  1.7690 14.6774
504  48 -0.7151  1.3478 13.5778
528  48 -2.2785  2.5634 11.9189
552  48 -3.5529  2.8118 15.6346
576  48 -4.4235  1.0281 14.2184
600  48 -3.8970  0.7739 12.2953
624  48 -2.1791  1.5356 13.0731
648  48 -1.9027  1.2998 16.5569
672  48 -2.4154  3.0682 13.3432
696  48 -2.0355  0.7260 12.4754
720  48  2.6195 -4.7008 13.5438
744  48  1.9298 -3.6317 15.9076
768  48 -0.3453 -1.2591 12.2029
792  48  1.1089 -0.0872 14.0666
816  48 -4.0084 -1.9054 12.2089
840  48  1.4379  3.2681 19.6038
864  48  2.9203  2.0224 14.9503
888  48  0.8253 -3.1799 12.9601
912  48  1.4899 -4.6561 15.1198
936  48  0.4361 -5.7462 13.9534
960  48  1.9664 -5.3374 13.5312
984  48  1.6451 -0.0034 10.1019
 24  72 -0.0103 -0.1065 11.7963
 48  72  3.4424 -5.1566 10.6717
 72  72  5.1896 -3.6800 14.0468
 96  72  6.6922 -1.8912 14.4783
120  72  4.0674 -1.0882 14.0070
144  72  2.2307 -2.4218 10.6527
168  72  2.5106 -2.5353 11.8017
192  72  2.8993 -2.1108 14.1856
216  72  4.7253 -4.9635 11.3491
240  72  5.7411 -3.8276 10.3398
264  72  3.3650  0.0439 14.2694
288  72  1.8358 -1.0910 14.8823
312  72  1.9930 -3.0678 14.6093
336  72 -0.2520  0.7780 15.5293
360  72 -2.9631  0.7074 20.6712
384  72 -2.2979 -1.0329 13.3627
408  72 -4.6622 -3.9059 12.3729
432  72 -2.3830 -2.7227 11.5477
456  72 -2.2283  0.5405 11.5328
480  72 -2.5260  0.4232 11.6513
504  72 -2.5848  0.1319 15.4797
528  72 -1.4005 -0.0417 14.2146
552  72 -3.5282  3.0911 13.4670
576  72 -4.4542  1.1867 13.0410
600  72 -4.4182  0.2326 14.5955
624  72 -3.7666  0.0988 14.7094
648  72 -1.9459  1.3450 16.0761
672  72 -1.0800  3.0452 14.7660
696  72  0.3067 -0.4334 13.5662
720  72  1.2131 -2.2893 14.4630
744  72  0.1336 -3.0106 18.2823
768  72 -1.7937 -4.0548 16.2117
792  72  0.0502  0.6694 11.1261
816  72  0.2206  0.5210 16.3494
840  72 -0.8160  2.8833 16.2914
864  72 -1.8642  2.2043 15.6734
888  72  0.5278 -0.4105 15.9346
912  72  1.3829 -3.9834 23.8448
936  72  1.2769 -3.7328 15.8541
960  72  1.1101 -3.4613 12.1777
984  72  1.7027 -0.0409 10.2661
 24  96 -0.0161 -0.0223 11.7184
 48  96  3.2840 -7.6064 10.7308
 72  96  5.0461 -3.9768 17.1753
 96  96  6.3323 -2.2933 13.7006
120  96  6.7121 -1.7310 15.4905
144  96  2.2415 -4.1998  8.2430
168  96  1.3403 -4.9357 11.7351
192  96  1.4347 -4.8999 15.0048
216  96  2.8880 -4.8165 19.1198
240  96  3.2243 -4.2930 14.6762
264  96  4.1876  0.1558 14.7416
288  96  3.9714 -0.2535 14.2056
312  96  4.0776 -2.8939 12.7315
336  96  0.9079  1.2630 11.9822
360  96 -1.3823 -0.1582 16.5619
384  96 -2.4557 -1.4100 14.3715
408  96 -4.9942 -5.7978 12.6448
432  96 -5.1161 -2.7404  9.9147
456  96 -5.3075  3.0402 12.8692
480  96 -4.8055  2.8682 12.2438
504  96 -3.2090 -0.2283 14.7250
528  96 -4.0799  4.6446 13.1251
552  96 -3.1672  2.4202 15.9922
576  96 -3.1111  1.8002 15.1331
600  96 -2.5497  0.7727 15.3670
624  96 -3.0299 -0.0335 14.1046
648  96 -1.4157  0.2533 15.1511
672  96  0.2142 -1.8767 12.9596
696  96 -0.2644 -0.9527 14.5896
720  96  0.0760 -2.3502 14.2750
744  96 -0.8427 -2.9480 15.7021
768  96 -0.9183 -4.9281 10.1177
792  96  0.4207 -1.2543  7.1123
816  96 -0.1502  0.9017 14.0437
840  96 -1.0925  2.7820 17.9824
864  96 -2.0556  1.1839 16.9307
888  96  0.1950 -1.9154 12.7686
912  96  1.6140 -3.3298 20.3215
936  96  1.1250 -3.1233 16.2565
960  96 -3.6481 -0.1758 10.9828
984  96  1.6143 -0.0419  9.8419
 24 120  0.0139  0.0771 12.2709
 48 120  0.8738 -9.6778  7.1590
 72 120  4.1175 -4.4893 12.2747
 96 120  6.5114 -2.9413 12.3791
120 120  6.9873 -2.2832 14.3889
144 120  7.6186  0.1992  9.9639
168 120  8.3486  0.0639 10.4630
192 120  4.8919 -3.8246  9.1219
216 120  2.5950 -4.7262 19.1078
240 120  2.4884 -3.6084 19.0869
264 120  3.8852 -0.1016 20.3732
288 120  5.8128 -0.9344 16.3510
312 120  2.6988 -4.8523 12.8213
336 120  2.6123 -4.5547 14.3892
360 120 -0.7009 -3.7677 13.5022
384 120 -2.0233 -2.0769 15.6584
408 120 -4.5140 -3.0318 13.5645
432 120 -3.4262 -0.6083 11.4229
456 120 -5.1544  3.0174 14.1584
480 120 -3.4221  4.9255 13.2396
504 120 -0.9190 -2.4072 10.5510
528 120 -0.3331  1.9800 13.9159
552 120 -0.9177  2.7705 12.6582
576 120 -0.0475  2.0621 12.4555
600 120  0.8625  0.0585 11.4944
624 120  0.7337 -0.7313 13.6425
648 120  0.1910 -1.2986 13.3021
672 120 -0.4653 -1.9595 13.6020
696 120 -1.0953 -0.9717 16.8655
720 120 -1.0106 -2.6275 16.5663
744 120 -1.1739 -2.8454 14.9893
768 120  6.0245 -26.3763 10.2142
792 120  5.6669 -26.3778 11.6988
816 120 -0.9604  1.1437 11.5787
840 120 -2.2714  0.4950 13.8054
864 120 -1.9239  0.3605 11.9751
888 120  0.9342 -2.7571 12.7932
912 120  0.9917 -3.2084 16.6395
936 120 -0.7189 -1.6928 12.3919
960 120 -5.9348 -1.1107 13.4002
984 120  1.6080 -0.0498 10.1354
 24 144  0.0043 -0.0072 12.2065
 48 144 -0.9026 -10.6578  9.1927
 72 144  0.1531 -8.3233 11.2513
 96 144  2.7435 -4.1327 13.2487
120 144  2.8116 -3.9047 15.7146
144 144  1.1185 -2.9192 17.9995
168 144  1.4421 -2.9675 13.4059
192 144 10.2979  2.9638 13.8060
216 144  7.7029  0.5614 12.8826
240 144  3.2415 -1.6416 14.6154
264 144  5.2953  0.2863 15.7411
288 144  6.7021 -0.6848 13.7857
312 144  2.4180 -6.0908 13.3771
336 144  0.4960 -6.9155 16.1241
360 144 -0.9586 -5.7731 18.3080
384 144 -1.7025 -4.8808 13.2248
408 144 -2.2241  0.9551 14.6804
432 144 -5.1497 -1.1954 12.2368
456 144 -5.5630 -0.6706 10.6745
480 144 -1.3261 -2.4389 14.2674
504 144 -0.3185 -1.2532 13.6565
528 144 -0.1603  1.6347 15.8994
552 144  0.0323  2.0809 14.9274
576 144  0.4177  1.8747 14.7952
600 144  2.7501  1.2456 12.3779
624 144  1.9888  0.1227 13.6495
648 144  0.1959 -0.6255 15.3770
672 144 -1.3176 -0.9138 15.1768
696 144 -2.6894 -1.4634 16.1009
720 144 -2.8621 -1.8695 14.4876
744 144 -2.9570 -3.4745 11.5616
768 144 -2.5173 12.6720  7.4203
792 144 -2.2727 12.5480  9.6382
816 144 -5.6910  0.3153 13.3532
840 144 -6.2187  0.7843 16.0860
864 144 -2.0712 -2.1970 12.6863
888 144 -2.2935 -2.3524 12.3002
912 144 -4.3072 -0.7072 12.2148
936 144 -4.8339 -0.0789 11.7072
960 144 -6.8306 -0.3116 12.6998
984 144  1.6752 -0.0700 10.0372
 24 168 -0.0336 -0.0814 12.8577
 48 168  0.1954 -12.3309  9.2322
 72 168  0.5766 -11.4209 11.0169
 96 168 -0.4714 -5.2653 12.5256
120 168  0.9518 -4.4580 16.2077
144 168  1.3596 -3.4992 15.4018
168 168  2.0432 -3.3506 16.4107
192 168  9.1894  1.1198 11.2109
216 168  9.1300  1.7029 13.0064
240 168  6.8882  1.3142 15.0871
264 168  7.6794 -2.1593 15.1684
288 168  7.6459 -3.7832 17.4978
312 168  3.6230 -5.5152 13.9778
336 168  1.3146 -7.1201 14.1674
360 168  0.0064 -7.1945 14.4547
384 168 -1.6698  0.2241 11.5316
408 168 -2.1176  0.6352 18.3501
432 168 -7.3879 -3.0567 15.7162
456 168 -6.6676 -2.4333 15.3593
480 168 -2.9175 -2.8624 15.4539
504 168 -3.1689 -3.2587 13.1424
528 168 -1.9795  0.1999 15.5507
552 168 -1.7368  2.0791 15.8127
576 168 -1.2388  3.6350 14.4040
600 168  0.6207  3.2041 13.6409
624 168  3.2144  3.8326 12.7180
648 168  2.6551 -0.1107 14.2946
672 168  0.8102 -0.1259 14.6451
696 168 -2.0956 -1.3105 14.9023
720 168 -3.6670 -1.1089 13.8415
744 168 -4.6651 -0.2781 11.8327
768 168 -6.6072 -1.8667 10.3963
792 168 -5.2192 -0.3109 11.0467
816 168 -4.6324  0.8776 13.7606
840 168 -1.3935  0.2556 13.5171
864 168 -4.6760 -1.0792 12.8357
888 168 -4.6677 -1.0228 15.9210
912 168 -5.2615 -1.0114 16.1057
936 168 -5.5783  0.0285 13.5658
960 168 -5.2494  0.3783 14.5770
984 168  1.6569  0.0465 10.0845
 24 192  0.0022 -0.0901 11.9048
 48 192  3.8898 -10.4398  9.2064
 72 192  1.1640 -10.2667 12.1710
 96 192 -0.2700 -7.9933 13.0186
120 192 -1.5292 -9.0372 14.1689
144 192 -0.9574 -10.7060 16.3268
168 192  2.4129 -4.7964 16.0336
192 192  2.5905 -4.6651 13.6207
216 192  5.6985  5.6258 13.5784
240 192  9.5737  0.3067 11.3946
264 192  8.9580 -0.3083 13.6739
288 192  7.8772 -2.8431 14.9737
312 192  5.9683 -7.9625  9.3788
336 192  4.2441 -8.1044 14.7254
360 192  3.6634 -7.9935 17.0184
384 192 -0.7409  0.8149 13.0996
408 192 -0.8576  1.1077 16.2668
432 192 -0.0659  0.8901 16.7278
456 192 -5.3262 -1.2310 12.9651
480 192 -5.1831 -2.7294 11.4244
504 192 -5.0734 -3.2952 10.1089
528 192 -2.7868 -1.7654  8.6874
552 192 -2.1425  1.4092 12.3768
576 192 -0.5803  5.6927 14.2475
600 192  0.1989  5.0899 12.7646
624 192  0.3059  5.8888  7.5693
648 192  3.1463  0.4055 11.4420
672 192  1.7791  1.8229 12.8432
696 192  0.0702  0.3359 14.6597
720 192 -0.9937 -0.1517 12.5473
744 192 -3.8794  0.0410 10.7867
768 192 -2.4864 -0.9279 12.7747
792 192 -4.0865 -0.0023 12.0096
816 192 -2.0752  0.9767 14.3852
840 192 -0.6911  1.1962 16.8672
864 192 -2.7602 -0.3121  9.9527
888 192 -6.4788 -1.1983 13.5103
912 192 -5.9388 -1.2803 14.6622
936 192 -4.8206 -1.7388 12.8141
960 192 -4.0557  1.1464 11.9631
984 192  0.4072  0.0694  9.7584
 24 216  0.0227 -0.0604 11.2919
 48 216  3.7908 -7.2376  9.8533
 72 216  1.2619 -6.6662 13.3237
 96 216  0.5924 -8.2848 13.4143
120 216 -1.7397 -9.7993 14.6237
144 216 -1.6032 -9.9099 17.0303
168 216 -0.8399 -10.0819 11.6001
192 216  3.4427 -6.2534 12.0986
216 216  6.6540  6.1767 15.8316
240 216  9.6486 -0.1099 12.7125
264 216 11.9117  2.6095 15.2794
288 216 13.1331  2.9370 12.0223
312 216 11.8065 -7.2377 11.8642
336 216  5.7410 -7.9791 13.1584
360 216  5.8168 -7.3415 13.4373
384 216  3.7204  2.7633 14.3644
408 216  3.7520  2.7489 12.7859
432 216  1.0927  0.4877 10.0667
456 216  6.2117 -2.0125 13.8591
480 216  2.7271  1.8289  9.8372
504 216 -0.4632  1.5957  7.9693
528 216 -2.6244  3.1456 12.3181
552 216 -3.8245  4.0507 13.8745
576 216 -1.0785  6.2548 13.0389
600 216 -0.4144  5.1816 14.7388
624 216 -0.5889  5.0978 16.0937
648 216  1.5771  3.1728 13.4919
672 216  1.6445  1.8047 14.5986
696 216  3.7550  2.7696 11.9859
720 216  1.9081  1.1448 13.0214
744 216  1.1172  0.6937 17.0984
768 216 -0.0980  0.2369 15.5488
792 216 -3.7952  1.5929 15.4693
816 216 -0.4102  0.6036 11.5641
840 216  0.6545  1.2321  8.8853
864 216 -10.1580  4.7891  7.9083
888 216 -8.7598 -0.6541 14.4884
912 216 -6.2818 -3.0574 17.3061
936 216 -4.8545 -2.2893 12.2501
960 216 -6.0134 -0.7141 13.5115
984 216  0.3000 -0.0241  9.0742
 24 240 -0.0064 -0.0163 12.3798
 48 240  0.3712 -6.5689 11.8390
 72 240  1.7848 -6.8157 13.1688
 96 240  0.6976 -8.5858 11.8304
120 240 -0.3822 -9.7347 12.6106
144 240  0.0683 -10.5755 14.1345
168 240  0.2169 -10.8746 15.5626
192 240  0.2389 -12.5789 15.2129
216 240  9.5698  0.1422 10.5977
240 240  9.7708  0.5455 14.2334
264 240 11.8704  2.7523 14.7672
288 240 13.1012  2.7826 11.8999
312 240 10.0586 -2.6456  9.6324
336 240  5.6348 -3.2045 14.4806
360 240  4.7915 -1.3930 16.7848
384 240  4.1274  2.5773 15.1281
408 240  4.9851  2.5698 14.8058
432 240  5.8715 -1.9119 12.7861
456 240  5.5859 -2.3255 13.9025
480 240  2.3204  1.2465 14.5973
504 240  2.6307  2.1298 11.5298
528 240 -0.9670  4.0554 15.0081
552 240 -3.8342  5.4539 15.0318
576 240 -5.1954  7.5130 16.7914
600 240 -2.9565  6.3779 15.5387
624 240 -0.8260  4.3216 17.7145
648 240 -0.0172  3.3545 17.9290
672 240  0.0413  0.4854 15.8101
696 240  1.1313  0.2003 11.3489
720 240  1.4070  0.1332 12.1376
744 240  0.4725  0.2286 14.1018
768 240 -0.2422  2.0566 16.7845
792 240 -1.5206  3.2351 13.1196
816 240 -0.0665  0.7420 11.4786
840 240  2.1193 -0.2342  8.2259
864 240 -10.9394  4.9088  9.9344
888 240 -7.0827 -0.3547 13.5694
912 240 -5.6656 -4.3391 16.9175
936 240 -7.7756 -5.0055 12.5496
960 240 -6.4517 -0.8733 11.9275
984 240  0.4013  0.0037  9.0711
 24 264 -0.0068 -0.0803 12.3682
 48 264 -1.0142 -6.0526 16.0243
 72 264 -0.2199 -9.3196 13.3353
 96 264  5.7291 -8.9248  9.4665
120 264  6.3106 -8.8046 11.1318
144 264  6.0145 -6.9109 15.4789
168 264  2.7504 -11.3278 10.6699
192 264  0.3925 -10.4592 12.6231
216 264 12.0229 -0.2260 16.0032
240 264 11.0715  0.1536 13.0975
264 264  8.2227  0.7355 13.9322
288 264 10.1372  1.1436 12.8105
312 264  7.1583 -1.2799 13.0154
336 264  5.5939 -2.7667 16.1568
360 264  4.7123 -2.6218 14.7880
384 264  4.5561 -0.4510 10.4692
408 264  7.9576  2.5194 16.7581
432 264  6.6006 -0.6714 11.1809
456 264  3.9018 -1.4755 13.3398
480 264  4.0552 -0.8442 11.7840
504 264  4.0938 -0.3819 11.4304
528 264 -3.8773  6.9058 11.2876
552 264 -5.6845  7.9056 15.5863
576 264 -4.8650  6.7818 14.2410
600 264 -3.3181  5.5131 14.6055
624 264 -2.4579  2.9172 15.4064
648 264 -0.6818  1.5287 12.3151
672 264 -0.2984 -0.9890 15.4956
696 264 -0.6796 -0.6278 16.7014
720 264  0.1281 -0.3005 15.0102
744 264  0.2854  0.1083 14.8251
768 264 -0.4408  2.6061 13.1276
792 264 -1.7120  3.5539 12.6470
816 264 -0.4407  0.5580 11.8019
840 264  2.2463 -1.5419 10.1925
864 264 -4.8888  6.6131 13.9317
888 264 -5.0473 -3.5004 13.0291
912 264 -5.0169 -4.4405 17.1546
936 264 -6.4821 -4.6287 11.9056
960 264 -6.8181 -3.1045 14.2395
984 264  0.4165  0.0341  9.5244
 24 288  0.0048 -0.0561 12.2796
 48 288 -1.7807 -6.2558 13.5164
 72 288 -2.1692 -7.8424 13.0983
 96 288 -1.8581 -5.2069  8.9718
120 288  6.1073 -7.0832 11.6118
144 288  6.0224 -6.6068 15.0425
168 288  5.5627 -4.8963 20.2592
192 288  6.4270 -4.0599 16.2731
216 288 10.2035 -2.2182 13.3866
240 288 11.9611  0.7214 11.7166
264 288 11.0128  0.4877 17.9927
288 288  9.3541  0.8016 14.5086
312 288  7.7378 -0.1785 13.8922
336 288  8.0906 -0.8285 13.4258
360 288  4.5827 -0.6275 15.0339
384 288  4.0909 -1.1349 13.1045
408 288  6.9268  1.4310 14.4692
432 288  8.3452  0.5525  9.9379
456 288  7.2622 -4.0574 17.0707
480 288  5.2524 -2.1445 14.4514
504 288  4.0937 -1.4404 12.6656
528 288 -0.7363  1.3054 15.0804
552 288 -2.3351  1.6840 14.2838
576 288 -3.8430  3.6940 10.0493
600 288 -1.2209  4.8355 11.2916
624 288 -0.9225  0.2027 14.1229
648 288  0.5294 -1.2007 14.9136
672 288  0.0668 -2.9713 15.6057
696 288  0.3073 -2.4226 15.0339
720 288  0.3653 -2.7132 12.2362
744 288 -0.3470 -1.3701 16.0088
768 288 -1.9203  2.3674 12.9922
792 288 -2.9674  1.7682 15.9292
816 288 -3.9169  1.6938 12.6713
840 288 -4.7820  3.8661  7.5259
864 288 -2.3726  7.2272 10.6982
888 288 -3.9258  5.7697  9.5359
912 288 -4.0009 -5.7214 15.4132
936 288 -4.9309 -4.6845 15.1567
960 288 -5.8373 -3.3850 18.6618
984 288  0.3892 -0.0102  9.8027
 24 312 -0.0148 -0.0553 12.5436
 48 312 -2.3591 -6.8282 16.7528
 72 312 -1.7998 -6.8175 17.9054
 96 312 -1.3655 -3.8455 19.5773
120 312  3.3511 -5.2548 16.0582
144 312  4.0702 -4.3004 14.6669
168 312  4.7243 -2.6449 18.6188
192 312  6.1466 -2.3072 14.4872
216 312  7.9556 -1.9046 15.0068
240 312 10.9865 -0.1495 12.2409
264 312 10.6087  0.1803 14.7871
288 312  5.8442  0.4131 16.0120
312 312  3.5547  0.1724 15.5887
336 312  3.0618 -0.1036 16.8735
360 312  3.7007 -0.3204 18.8039
384 312  3.7036 -1.1561 16.6309
408 312  2.3178 -1.3638 15.3563
432 312  2.1072 -3.3140 11.4784
456 312  5.7305 -3.3951 12.1803
480 312  5.3501 -2.6402 14.2041
504 312  1.9451  0.5396 11.6387
528 312 -0.9057  1.1690 17.2494
552 312 -1.7739  1.9088 15.2840
576 312  0.7412  2.3463 13.0323
600 312  2.1105  4.4667 13.9410
624 312  1.9229  1.1548 13.2214
648 312  0.6218 -1.8423 15.0418
672 312  2.1708 -1.5745 12.5636
696 312  2.3279 -1.9250 14.6592
720 312  1.7938 -3.4279 13.7057
744 312 -0.3575 -2.1546 13.3157
768 312 -2.9303  0.4620 15.1799
792 312 -5.5138  1.0253 14.8864
816 312 -6.7731  1.3972 15.6682
840 312 -7.0688  1.0925 10.5554
864 312  0.0505 10.2640 16.2229
888 312  0.8401  9.7914 14.9028
912 312 -5.9027 -1.2358  8.1168
936 312 -11.1906 -7.1266 11.8090
960 312 -2.6649 -3.9789 13.1517
984 312  1.6932 -0.0908  9.3748
 24 336 -0.0078 -0.0841 12.7094
 48 336 -1.9681 -6.6987 13.0738
 72 336 -0.9457 -6.5716 12.8423
 96 336 -1.9775 -1.1301 14.6646
120 336  3.8596 -4.6019 16.5937
144 336  4.4122 -2.4801 17.4468
168 336  5.0042 -1.4941 15.7459
192 336  6.2777  0.3730  9.6380
216 336  8.8565 -0.2490 14.8398
240 336  8.0392 -1.3731 13.2585
264 336  6.4293 -0.2862 13.4682
288 336  4.8362  0.3924 13.2165
312 336  3.2285  0.3523 16.5373
336 336  1.8968 -0.1024 18.0109
360 336  2.3134 -0.3330 13.3441
384 336  2.2742 -1.0420 16.4726
408 336  1.8231 -1.2045 14.8112
432 336  1.7126 -3.9648 13.8452
456 336  1.9180 -5.6700 10.7305
480 336  4.1938 -1.1968 10.3626
504 336  0.0614  2.0153 14.1581
528 336 -0.3832  1.6943 14.9992
552 336 -0.2863  2.6097 13.4355
576 336  0.7888  3.5736 12.5107
600 336  1.4062  1.9656  9.8727
624 336  1.6780  1.0398  9.8559
648 336  0.2509 -2.5961 12.9446
672 336  0.4409 -1.2716 10.9054
696 336  1.0147 -0.9537 10.4474
720 336 -0.0929 -5.5301 11.2875
744 336 -2.6752 -4.1304 11.5852
768 336 -5.8706 -0.4207 13.8701
792 336 -6.0091  0.6724 14.9907
816 336 -6.5093  1.1711 16.4002
840 336 -5.7660  1.5588 13.4539
864 336  0.3807 10.1856 14.4500
888 336  1.2134  8.6166 15.9199
912 336  1.0916  7.9760 12.6197
936 336 -11.3097 -6.9896 11.8566
960 336 -1.2886 -5.5753 10.0275
984 336  1.6848 -0.0438  9.3226
 24 360  0.0294 -0.0160 10.3236
 48 360 -1.3539 -4.2772 10.1853
 72 360 -2.1743 -0.6126 13.3245
 96 360 -1.5028 -0.1521 14.4071
120 360  1.8225 -2.4775 17.0552
144 360  2.3581 -0.3770 16.8536
168 360  4.5962  7.3852 10.4603
192 360  5.7697  8.0251  9.5791
216 360  8.5763 -1.2478  9.5538
240 360  7.8597 -2.2506 12.3562
264 360  5.4396 -1.1461 13.3492
288 360  4.0570  0.2363 13.6079
312 360  3.9713  1.2946 13.3456
336 360  0.4076 -0.0281 15.2134
360 360  1.1946 -1.5950 11.4093
384 360  1.6429 -2.6741 12.7518
408 360  1.8411 -1.7858 12.2924
432 360  0.4580 -3.1287 13.6087
456 360 -1.1219 -3.2872 15.8180
480 360 -3.6442 -0.8043 16.2719
504 360 -2.2763  0.4196 13.8139
528 360 -0.7176  2.0987 13.0745
552 360 -4.8678  3.8920 11.9393
576 360 -7.7893  2.7438 10.2674
600 360 -12.2096  0.4731 12.6731
624 360 -11.1883  0.3335 11.3084
648 360 -5.3019 -4.8533  9.2422
672 360 -0.2913 -2.1511 13.4911
696 360 -1.9151 -2.1628 13.5149
720 360 -3.3415 -4.2903 12.6604
744 360 -3.1266 -4.3008 11.6984
768 360 -4.7877 -2.1897 13.6339
792 360 -4.1223 -1.7632 15.4848
816 360 -3.3491  2.0270 18.4827
840 360 -1.9761  1.6500 14.8073
864 360 -0.9167  0.3376 16.0987
888 360  1.9410  5.2682 16.5350
912 360  1.3848  5.6363 14.2096
936 360 -1.1374  6.3716 13.5916
960 360 -6.5660 -6.1729 10.9634
984 360  0.4233 -0.0231  9.3366
 24 384  0.0053 -0.0444  9.4807
 48 384 -0.3244  0.0408 10.6891
 72 384 -1.8671  0.6183 13.7845
 96 384 -0.7724  0.0103 16.7372
120 384  0.9304 -0.9943 13.8639
144 384  1.7115  0.0674 12.1145
168 384  0.3490  3.4293 12.9124
192 384  5.1547 -0.3116  8.5657
216 384  7.2313 -1.4656 13.7347
240 384  0.1559 -2.6986 11.5905
264 384  0.7205 -1.6182 11.9764
288 384  0.8068 -0.2581 14.9256
312 384  1.4308  0.4570 13.4063
336 384  2.6031  0.2239 15.4939
360 384  2.4202 -1.1468 12.4403
384 384  1.8014 -2.7301 10.6067
408 384  2.0031 -2.9849 10.7110
432 384  2.6510 -3.8385 15.6385
456 384  1.0548 -1.6835 17.9914
480 384 -2.1823 -1.7522 15.0555
504 384 -5.1371  0.3744 12.6670
528 384 -2.7399  2.4111 12.1086
552 384 -2.4116  2.9598 11.9954
576 384 -2.7626  2.6418  9.4610
600 384 -12.2379 -0.2367 10.2519
624 384 -11.8798  0.9491 10.9463
648 384 -6.1681 -8.5094  9.1110
672 384 -4.3011 -6.2842 12.1333
696 384 -3.0485 -3.7318 12.9579
720 384 -3.6234 -3.6280 12.6823
744 384 -3.6774 -2.9253 10.0378
768 384 -4.0672 -2.7215 13.0708
792 384 -4.4089 -2.2946 19.0816
816 384 -1.9903  1.3654 15.3237
840 384 -1.6029  3.0151 13.0793
864 384 -1.4756  0.3537 11.5442
888 384  2.1928  4.9337 15.0169
912 384  0.0944  8.2473 10.8982
936 384 -1.9763  7.8835 11.4760
960 384 -3.8523 -4.1673 10.4167
984 384  0.3446 -0.0379  8.6493
 24 408 -0.0221  0.0043 11.9975
 48 408 -2.9627  2.3890 10.3163
 72 408 -2.7830  2.2817 15.1526
 96 408 -1.9583  1.7068 13.7243
120 408 -1.9960  1.0519 18.8533
144 408 -0.0164  1.3224 15.1819
168 408  0.4252  4.0322 19.2094
192 408  0.6870  3.8011 15.4626
216 408  2.0743 -0.5683 12.4724
240 408  1.4282 -0.2552 14.0091
264 408  1.6821 -0.8936 17.6320
288 408  2.5948 -0.0903 17.1683
312 408  1.2013  0.3414 16.0584
336 408  1.3701 -0.2542 11.2941
360 408  2.9274  0.0392 10.4896
384 408  6.2670 -0.6388  6.9142
408 408 -8.0276 24.1800  7.3910
432 408  3.0514 -0.3568 10.3584
456 408  0.6326 -0.6858 14.6449
480 408 -1.5229 -1.7337 16.9434
504 408 -5.5320 -0.3219 14.6103
528 408 -2.7458  1.9547 15.1042
552 408 -1.6832  2.8609 12.8893
576 408 -0.1139  2.6971 16.4528
600 408 -1.8864  1.2568 17.4527
624 408 -2.5553  1.1466 18.1319
648 408 -2.3757  0.7319 12.2812
672 408 -3.9065 -9.4363 16.2685
696 408 -3.7014 -12.8874 12.3908
720 408 -3.2903 -1.3203 11.0014
744 408  2.3150  5.6542 11.7462
768 408  2.1359  4.9569 10.8188
792 408 -5.0745 -1.8880 13.7979
816 408 -6.2921  2.3568 15.0783
840 408 -2.0774  5.0730 10.4647
864 408 -4.4160  1.3836 12.1122
888 408 -0.0671  9.8314 11.0522
912 408 -0.5051 10.8036 12.7799
936 408 -2.7231  8.6066 12.2114
960 408 -1.4423 -5.0420 11.6483
984 408  0.3854 -0.0823  8.8584
 24 432 -0.0024  0.1213 12.4599
 48 432  1.0520  3.8948 16.7194
 72 432 -1.9107  4.3883 16.1257
 96 432  0.1187  1.0939 12.1206
120 432  2.0361 -0.0502 17.9300
144 432  1.9345  1.0825 16.5427
168 432  0.3166  3.8995 19.3804
192 432  0.1858  3.7289 17.0258
216 432 -0.3888  0.3330 18.5562
240 432  0.0837  2.5791 18.4707
264 432  0.7264 -0.0315 13.4394
288 432 -0.5529  1.9890 12.0709
312 432 -0.2869  2.2003 17.6594
336 432 -0.7414  0.2177 13.4265
360 432  0.5617 -0.7898 11.9279
384 432  5.6593 -0.3655 13.7272
408 432  1.4982  0.5511  8.1555
432 432  0.4916  0.7144 13.6562
456 432 -0.0596  0.5279 17.1858
480 432 -1.5546 -1.3846 15.9316
504 432 -2.1674 -1.2149 15.9994
528 432 -3.0612 -0.1964 18.0909
552 432 -4.2513  2.5665 12.1392
576 432 -0.4737  3.9447 13.0181
600 432 -0.5894  3.0444 18.5176
624 432 -1.8875  1.8995 17.1823
648 432 -0.2913 -0.0605 14.7000
672 432  1.8035 -3.6883  8.6521
696 432 -3.5787 -4.1466  9.5412
720 432 -5.2609 -1.6726 13.3067
744 432 -4.9310 -0.3864 12.7145
768 432 -5.0676  7.5790 13.1079
792 432 -6.0338  7.7294 15.9344
816 432 -7.9337  3.7312 18.1356
840 432 -7.3930  3.5625 16.5904
864 432 -6.5551  2.0151 11.4403
888 432 -3.4651  8.5817 10.9880
912 432 -3.1599  8.9897 12.9114
936 432 -3.0676  9.0260 11.8451
960 432 -2.4182 -0.1363 10.1575
984 432  0.3587 -0.1064  9.3355
 24 456  0.0283  0.0711 12.1477
 48 456  1.6020  4.1504 16.8512
 72 456  1.2537  5.7170 20.2393
 96 456  3.5674  4.3387 16.7324
120 456  2.9725  3.5408 14.1806
144 456  1.0223  3.0433 16.6209
168 456  0.9933  3.7068 15.7314
192 456  0.0511  0.4431 14.6060
216 456 -0.3343  0.1505 21.6574
240 456 -0.6585  1.3697 19.9694
264 456 -0.3859  3.0596 18.8638
288 456 -0.8537  4.7987 17.8062
312 456 -0.7171  4.6709 15.8915
336 456 -0.6757  1.0404 13.2983
360 456  5.1522  0.6770 11.5136
384 456  3.2750  0.0346 17.7870
408 456  0.0299 -1.7117 14.5291
432 456  0.0010  0.6275 15.7129
456 456 -0.4116  0.4786 19.2449
480 456 -2.1069 -1.4010 14.9270
504 456 -3.1570 -1.1156 16.5484
528 456 -3.7819 -0.0602 15.9922
552 456 -4.6854  4.5333 13.0068
576 456 -4.9063  4.8312 11.2922
600 456 -2.8277  3.2350  9.9565
624 456 -0.8726  2.7964 12.8106
648 456  0.0168 -1.5083 16.1268
672 456 -0.2084 -1.9928 17.2337
696 456 -0.3485 -2.2204 14.0458
720 456 -0.9714  3.1307 13.5427
744 456 -1.4874  3.2309 17.9270
768 456 -2.0847  8.0671 10.6388
792 456 -5.6831  8.0172 19.6347
816 456 -7.9109  4.1332 21.4534
840 456 -7.9419  2.1110 18.3506
864 456 -8.1408  1.0257 12.7269
888 456 -10.8685 -0.5539  9.2514
912 456 -3.6380  7.8627 14.7374
936 456 -3.9114  5.8206 13.7658
960 456 -4.4816  3.9600 14.7919
984 456  0.3987  0.0215  9.7930
 24 480  0.0521 -0.0288 11.1960
 48 480 -4.9612 -3.6824 13.0383
 72 480  0.9682  5.5385 15.1861
 96 480  3.9076  4.9163 24.3639
120 480  3.1966  4.5828 17.8654
144 480  1.3695  3.4279 16.0235
168 480  1.7661  3.6203 14.0251
192 480  3.8248  0.2461 18.6367
216 480  4.4492  0.0365 13.8305
240 480  4.7464  4.0944 14.1188
264 480  1.0655  3.5640 15.7364
288 480 -1.1484  3.9886 12.2845
312 480  8.3752  2.0677 10.0977
336 480  6.1039  2.1959 12.7237
360 480  1.2117  0.2739 16.2201
384 480  3.6787  0.1550 18.4116
408 480  1.3892  0.0861 17.1845
432 480 -2.0911  0.3703 16.5472
456 480 -3.4398  0.2234 15.9179
480 480 -4.5579 -1.4598 17.2034
504 480 -3.2735 -0.2099 17.2492
528 480 -3.7762  0.2762 15.3856
552 480 -6.2156  6.7966 13.3323
576 480 -6.3374  6.0477 10.4190
600 480 -4.5068  3.4502 13.5969
624 480 -2.0260  0.1023 12.6347
648 480 -0.3540 -0.8410 18.7367
672 480 -0.3623  0.3169 15.0355
696 480 -1.0228  0.2771 15.2997
720 480  0.8034 -1.0595 10.5284
744 480  2.1416 -6.8846 11.7170
768 480 -2.0190  4.6441 10.5113
792 480 -3.0736  3.3272  9.4392
816 480 -0.0177  3.2209 12.1264
840 480 -0.0957  3.2247 17.1436
864 480 -5.9136  3.1891 10.9481
888 480 -10.9938 -0.5221 14.6061
912 480 -3.3915  4.5934 11.0159
936 480 -4.0885  4.9123 15.1107
960 480 -3.3682  3.9901 17.2116
984 480  1.6610  0.0188 10.2887
 24 504  0.0356  0.0028 11.0356
 48 504 -4.9042 -3.9138 16.0065
 72 504 -1.1809  4.0110 23.1082
 96 504 -1.0006  4.0583 21.4986
120 504  1.9884  4.2856 17.4191
144 504  2.1763  2.9164 14.9196
168 504  5.1079 -0.9256 16.7172
192 504  4.9376 -0.9028 17.7944
216 504  5.6400  0.3683 16.7325
240 504  5.3885  1.9541 15.6880
264 504  6.8685  3.0955 14.4978
288 504  8.4023  1.8252 14.5107
312 504  9.5776  1.9226 13.8317
336 504  7.8219  4.9397 15.9343
360 504  1.7065 -0.0013 14.2863
384 504  3.2010 -0.0591 15.9809
408 504  1.5521 -0.2912 14.5680
432 504 -0.2970  2.3547 15.6282
456 504 -2.8416  0.8034 13.2466
480 504 -4.4892 -0.9933 17.2201
504 504 -2.7695 -0.0998 15.5690
528 504 -1.9771  0.9828 14.7536
552 504 -3.9068  6.8948 13.8323
576 504 -3.1387  5.2056 10.2827
600 504 -3.8902  2.2053 14.5326
624 504 -2.0268 -0.2852 14.6563
648 504 -0.1355  1.8198 13.1634
672 504 -0.8265  3.3115 15.4107
696 504 -0.1394  3.0282 13.6420
720 504  4.4511  0.9756 18.9153
744 504  1.8737 -7.0485 20.4193
768 504  2.2373 -7.1774 16.7787
792 504 -0.0852  4.0474 18.5639
816 504  0.6657  3.9629 21.7636
840 504  1.6840  5.0111 19.0241
864 504  0.0339  4.1688 15.1384
888 504 -2.9775 -0.2470 16.4873
912 504 -3.7794 -0.0377 12.6785
936 504 -3.2352  3.9143 16.1585
960 504 -3.9540  3.1787 17.0555
984 504  1.6497  0.0281  9.9922
 24 528  0.0010  0.0162 11.3153
 48 528 -0.1230  2.3023  8.4542
 72 528 -0.7946  3.6954 17.0821
 96 528 -0.3527  3.5531 19.6798
120 528  1.6514  2.2758 15.3904
144 528  4.6289 -1.8163 14.6837
168 528  5.3725 -1.8714 18.1134
192 528  5.0957 -1.4312 19.3697
216 528  5.5322  1.1469 16.2568
240 528  7.7621  2.0806 13.3389
264 528  8.1164  2.2550 14.3225
288 528  7.9091  2.3503 12.9826
312 528  6.0443  5.5933 12.7617
336 528  5.8027  4.6604 11.6774
360 528  3.8226  1.8183 13.1314
384 528  3.2618 -0.5130 15.1087
408 528  2.5156 -1.1737 16.8645
432 528  0.9470  1.8869 16.3000
456 528 -0.1768  1.0390 17.0266
480 528 -1.1657  0.3305 20.7960
504 528 -1.4380  0.4517 18.0968
528 528 -1.2226  1.5893 13.8118
552 528 -2.0376  5.7759 12.5158
576 528 -1.9190  6.0656 13.8399
600 528 -2.4860  2.1806 13.0730
624 528 -4.9731 -0.0983 12.3605
648 528 -0.0150  5.8372 11.6505
672 528 -0.0420  6.2132 14.8136
696 528 -0.0936  3.2554  9.7229
720 528  3.9305  0.5935 13.6759
744 528  1.5269 -5.8012 14.2164
768 528  1.7782 -6.2774 11.8900
792 528  3.7883  3.2523 19.1071
816 528  0.3096  3.0998 15.4792
840 528 -0.0277  3.3649 18.5305
864 528  0.1582  3.9034 13.7871
888 528 -1.1234  0.0655 14.7796
912 528 -4.7212  0.3933 11.9882
936 528 -5.5493  3.5410 15.5475
960 528 -5.6116  4.1725 14.3920
984 528  1.6901  0.0279  9.6146
 24 552 -0.0112 -0.0183 12.1040
 48 552  4.3270  2.9326 14.0410
 72 552  4.7028  2.7037 21.2894
 96 552  1.9654  3.3225 18.8384
120 552  2.7021  1.3054 15.7383
144 552  4.3821 -2.5134 17.0912
168 552  4.9431 -2.1686 17.6149
192 552  4.8736 -1.0707 15.2320
216 552  5.7501  0.5841 10.3985
240 552  8.2469  0.9129 10.7229
264 552  9.8673  1.7867 13.1286
288 552  3.1253  3.6433 12.4191
312 552  4.9833  5.3465 12.0503
336 552  5.1193  4.7776 10.9509
360 552  3.2849  0.1912 11.2807
384 552  3.6986 -1.5106 12.5429
408 552  2.8901  1.5987 16.4818
432 552  3.2139  1.8189 17.8075
456 552  3.6519  0.8844 16.1240
480 552 -0.1399  0.2826 13.2074
504 552 -1.3454  1.1017 20.6850
528 552 -1.3282  2.0282 21.8672
552 552 -0.3817  4.6284 15.4655
576 552 -0.2303  5.0377 13.8426
600 552 -0.0990  3.3134 13.4442
624 552 -1.9731  1.9680 12.2865
648 552 -2.1241  6.1391 10.6932
672 552 -1.7252  6.8506 16.4828
696 552 -1.5516 -1.1208 12.5390
720 552 -0.1790 -1.8547 15.3536
744 552 -0.0274 -4.6828 16.1211
768 552 -0.0068 -4.4107 10.9352
792 552 -0.0121  2.0885 12.7975
816 552 -0.9830  1.5664 15.6653
840 552 -1.6058  0.0831 17.0531
864 552 -4.0890  0.0373 13.7767
888 552 -5.4083  2.3332 13.8124
912 552 -6.0780  2.8469 17.4736
936 552 -6.2962  2.8995 13.0533
960 552 -5.9002  1.7236 15.3404
984 552  1.6229  0.0431  9.6747
 24 576  0.0107  0.0292 12.3923
 48 576 12.4017  0.9074  9.3157
 72 576  5.1482  1.3231 12.6636
 96 576  7.2894  2.2302 11.0241
120 576  6.7428  1.8048 15.9598
144 576  4.9193 -2.7940 14.1091
168 576  4.0265 -2.2006 14.8074
192 576  6.0468  1.1033 17.5074
216 576  6.0569 -0.2346 12.9941
240 576  6.9098 -0.7252 12.8303
264 576  6.5289  1.2466  9.0664
288 576  2.4927  4.3620 13.0307
312 576  4.2777  5.6153 13.6779
336 576  5.7294  4.3545 15.4597
360 576  3.8658  1.7536 11.7567
384 576  2.0727 -0.0670 16.3982
408 576  2.9920  1.2438 14.8990
432 576  4.4104  1.0719 13.2331
456 576  4.9961  0.9430 12.8766
480 576  4.2004  1.6555 17.7635
504 576  0.5278  1.2047 13.4380
528 576 -2.1079  3.1940 20.1533
552 576 -0.8498  3.8261 18.0753
576 576 -0.4304  5.1103 16.1392
600 576 -0.7415  4.5710 17.4163
624 576 -0.9563  1.0134 15.0442
648 576 -2.4816  0.0812 11.6958
672 576 -1.5688  6.6714 15.1995
696 576 -2.1692 -1.0918 15.3430
720 576 -1.1074 -0.9078 11.9222
744 576  0.0151 -3.2439  8.3496
768 576 -2.7364 -1.8068  7.3654
792 576 -1.5901  0.7850 10.7863
816 576 -1.4427 -0.0501 14.9403
840 576 -1.5722 -0.3128 15.9074
864 576 -4.1628  0.0974 13.9448
888 576 -6.3657  0.3755 13.8427
912 576 -4.9735  2.5129 14.0073
936 576 -5.0274  2.8060 16.1096
960 576 -3.8969 -0.0843 19.4666
984 576  0.4644 -0.0249 10.0789
 24 600  0.0289 -0.1418 11.4775
 48 600  1.6764 -6.2389 15.3732
 72 600 12.8018  1.4237 12.0566
 96 600  9.6664  1.9072 13.5308
120 600  8.2264  0.5009 13.9409
144 600  7.1089 -0.3789 15.1010
168 600  4.1183  0.5557 12.3866
192 600  3.9729  1.3927 14.7791
216 600  2.3820 -0.2396 13.0060
240 600  6.7735 -0.9463 17.1244
264 600  7.2505 -0.3809 16.6756
288 600  9.8083  2.7508 10.5254
312 600  4.9755  3.0745 10.9392
336 600  7.6176  3.1080 12.6989
360 600  4.4713  2.6015 10.9951
384 600  2.5483  1.0973 12.4839
408 600  3.8644  0.9860 15.0001
432 600  5.6222  0.6507 14.3010
456 600  5.7163  1.0106 14.5547
480 600  4.4350  1.8258 15.7889
504 600  3.8664  2.8227 10.4578
528 600 -2.4197  3.3747 19.5055
552 600 -1.1298  4.0331 17.1295
576 600 -1.8480  2.8465 17.9589
600 600 -1.8317  3.0107 17.6362
624 600  0.2013 -0.8401 16.7099
648 600  0.2793 -0.8415 16.7207
672 600 -1.7012 -0.2730 16.0588
696 600 -0.7610 -0.1741 18.3816
720 600 -0.5058 -0.1644 12.5943
744 600 -8.2577 -9.0927 11.8534
768 600 21.9533 -6.6012  6.5802
792 600 -8.5789 -0.0697  9.5283
816 600 -1.4805 -1.1676 12.8801
840 600 -2.2165 -0.2562 14.0667
864 600 -3.0976  2.5655 11.8107
888 600 -5.9172  0.0653 16.8369
912 600 -4.0672  0.7411 16.4887
936 600 -2.9971 -0.1506 15.8066
960 600 -3.6548 -1.4727 12.8749
984 600  0.4206 -0.0627  9.6388
 24 624  0.0002 -0.1682 11.8242
 48 624  1.7333 -5.7206 17.7218
 72 624  7.2180  0.1352 13.4736
 96 624  7.7043  0.0811 13.4000
120 624  8.1653 -0.9701 15.9905
144 624  7.5511 -0.7819 17.3313
168 624  5.2995  0.1596 12.7685
192 624  4.0187  1.3919 12.7738
216 624  5.4160 -0.2411 12.6153
240 624  7.0917 -0.7099 16.9391
264 624  8.0595 -0.1452 13.2596
288 624 10.8660  3.1060 13.4336
312 624 10.4112  3.9194 11.8891
336 624 10.1786  2.4195 13.1454
360 624  9.3355  2.9262 10.4446
384 624  9.2149  3.8509 12.7108
408 624  5.6435  1.1196 12.0240
432 624  5.7079  1.8205 11.6445
456 624  6.1237  2.9373 14.4697
480 624  5.2130  2.4728 10.3409
504 624  2.1152  4.9637 13.3515
528 624  1.1570  3.8306 17.1013
552 624 -0.0600  3.2624 11.7548
576 624 -1.2469  2.8419 14.6493
600 624 -1.5774  2.9326 16.9841
624 624  0.0798  0.3419 14.5023
648 624 -1.7505  4.3528 14.5425
672 624 -1.1529  3.1347 13.4591
696 624 -1.1099  0.1127 17.0230
720 624 -0.2856  0.0958 14.4896
744 624 -6.9923 -8.7263 12.2134
768 624 -15.7734 -4.2366 12.6777
792 624 -14.0893 -5.6012  9.8844
816 624 -5.7437 -3.8185  8.3580
840 624 -3.7824  0.8129 13.6657
864 624 -3.7158  3.3269 14.7911
888 624 -3.3179 -0.2580 11.1389
912 624 -3.1148 -0.8853 13.6587
936 624 -3.3927 -2.1852 11.9993
960 624 -4.1557 -4.5387 13.4432
984 624  0.3545  0.0142  8.9249
 24 648  0.0053  0.0098 12.5153
 48 648  2.7137 -7.6515 15.3188
 72 648  8.3541 -1.1762 10.5396
 96 648 11.9816 -0.8654 16.3910
120 648  9.1016 -1.8329 10.4301
144 648  7.4283 -1.7349 11.7214
168 648 12.2039 -0.6359 11.3909
192 648 12.0285  0.6645 11.7921
216 648 10.9532  2.4269  9.5117
240 648  6.9691  2.5977 11.1697
264 648  8.0481  1.5400 14.6244
288 648 10.4515  2.8210 11.1931
312 648 10.3544  5.2367 12.6635
336 648 10.7853  3.3268 10.6679
360 648 10.2945  2.3771 12.0992
384 648  8.7520  3.9130 14.2107
408 648  7.8519  0.7826 14.9674
432 648  6.2209  2.4085 11.1825
456 648  6.1075  3.7323 12.8137
480 648  2.3541  1.8267 11.5331
504 648  0.6132  2.2050 11.0585
528 648  0.1329  2.1146 15.0209
552 648 -1.0639  2.3852 12.0844
576 648 -0.7885  2.2862 13.3684
600 648  0.0640  3.3888 14.0024
624 648 -0.0796  3.8256 17.4168
648 648 -0.9832  4.6517 19.8001
672 648 -0.9344  4.7745 14.4352
696 648 -0.2509  1.8375 15.4428
720 648  0.0068 -0.0623 10.8526
744 648 -2.3112  0.3379 14.2877
768 648 -3.6282  0.7555  8.8534
792 648 -8.8877 -10.8327  7.0886
816 648 -7.2115 -10.2866  7.9613
840 648 -4.3697  0.5518 14.0767
864 648 -2.9943  3.1153 12.7796
888 648  0.9935  0.1192 14.0045
912 648 -0.4888 -0.1671 12.5518
936 648 -4.5171 -3.2648 13.6897
960 648 -6.0958 -5.5217 16.2955
984 648  1.6912  0.0285  9.3167
 24 672  0.0242 -0.0070 12.1745
 48 672  2.8905 -7.1166 16.6729
 72 672  6.9713 -3.7603 10.0849
 96 672 11.7132 -1.0387 19.6770
120 672 11.2211 -2.1233 10.9589
144 672 13.4093 -0.6882 12.8423
168 672  4.0096 -1.7573 10.3308
192 672  3.7232  2.4904 13.2813
216 672  6.4305  8.1375 14.7016
240 672  6.1461  6.8175 12.9499
264 672  7.3422  2.3651 15.8458
288 672  8.4095  2.4973 13.1081
312 672 10.2313  5.0441 10.7124
336 672 10.9219  3.0776 11.3649
360 672  8.9260  3.7768 13.6917
384 672  7.0377  2.7830 12.5843
408 672  7.3678 -0.2328 18.1676
432 672  6.2888  0.9523 11.3822
456 672  6.3669  4.9896 12.0214
480 672  3.2480  4.6403 12.4005
504 672  0.5882  3.9995 15.5286
528 672 -0.3675  5.7875 18.6028
552 672 -1.0086  3.7405 11.8064
576 672 -1.8834 17.6922 11.2783
600 672 -0.0642  3.9673  9.9972
624 672  0.3880  3.8954 16.0931
648 672  1.9346  4.7482 18.9431
672 672  0.0944  2.0820 18.4850
696 672  0.1022  3.1822 17.0109
720 672 -0.0490 -0.7742 10.7050
744 672 -2.8635  0.9269 12.5929
768 672 -3.6290  0.7808 12.4864
792 672 -3.9158 -11.0245 11.6790
816 672 -3.2365 -10.3134  9.1437
840 672 -4.2680 -0.2835 14.6474
864 672  0.8862 -2.6190 13.9371
888 672 -0.0621  1.7421 14.2481
912 672 -0.9486  2.7349 17.3544
936 672 -4.8735 -2.4216 18.5913
960 672 -5.6620 -2.8469 17.2663
984 672  1.6427  0.0079  9.1191
 24 696  0.0119 -0.0472 12.0971
 48 696  3.8987 -4.1173 12.4989
 72 696  7.0833 -0.7788 11.9167
 96 696  8.8437 -0.9103 12.8447
120 696 10.9144 -2.6624 11.3017
144 696  3.5484 -1.0955 13.9536
168 696  3.1162  0.0714 17.2968
192 696  3.1029  2.1893 18.9912
216 696  3.3442  2.9298 13.0681
240 696  7.1343  6.5228 11.4797
264 696  6.2905  3.0404 12.6303
288 696  8.0596  3.3391 16.2312
312 696  8.3265  5.0097  8.4625
336 696 11.2291  1.4583 13.0721
360 696  9.8418  2.7765 16.0469
384 696  9.3039  0.1733 14.7370
408 696  8.4377 -1.0119 16.8692
432 696  6.3672  3.8382 10.9652
456 696  3.7806  6.8636 11.7673
480 696  2.0881  5.5174 19.1867
504 696  0.0513  5.1594 17.9737
528 696 -0.3308  5.5945 20.1038
552 696 -0.8030  6.4147 12.9674
576 696 -0.2128 13.3318 11.0428
600 696  1.1526  6.8733 14.1448
624 696  0.9595  4.7642 15.9255
648 696  0.8071  3.2653 14.6427
672 696  1.8774  0.9579 12.6728
696 696  2.2558  1.1239 14.2286
720 696  0.1862  0.9971 13.1420
744 696 -2.2502  2.7183 10.7012
768 696 -2.7391  1.6225 10.6146
792 696 -4.7837 -8.1130  8.9320
816 696 -4.9492 -1.1926 10.7547
840 696 -3.9582 -2.3198 14.4586
864 696  0.2892 -4.0341 18.3853
888 696 -1.2310  3.8096 13.6280
912 696 -1.2069  3.7452 16.3181
936 696 -5.2137 -1.6795 17.9435
960 696 -5.3237 -2.0437 15.3071
984 696  0.3592 -0.0836  9.3321
 24 720 -0.0104 -0.0741 12.5185
 48 720 -2.9994 -5.1734 11.2412
 72 720  4.0218 -1.4088 11.1297
 96 720  4.1853 -1.1098 17.5150
120 720  3.0107 -1.2322 10.4592
144 720  2.5053 -0.2549 18.1902
168 720  2.2151 -0.0844 16.1983
192 720  2.7073  1.8715 16.4943
216 720  1.6954  1.9364 16.0995
240 720  4.1738  3.0057 12.9265
264 720  7.1363  4.0303 12.0658
288 720  7.4106  3.7764 13.2959
312 720 10.9516  0.0018  8.7035
336 720 12.9014  0.8347 13.5904
360 720 11.2059  0.0591 16.2807
384 720 10.0034 -0.2976 16.3151
408 720 10.2710 -0.4810 18.9631
432 720  6.9019  9.7521  6.5825
456 720  2.0029  4.0706 13.0920
480 720  0.8235  2.4150 16.1368
504 720 -0.0980  4.1157 12.8789
528 720 -0.7203  4.7811 13.3822
552 720 -1.7906  9.9009 13.5149
576 720  0.0803 10.5225 15.5393
600 720  0.9831  6.7649 15.5685
624 720  1.1969  5.1860 15.2727
648 720 -0.0145 -0.5941 14.6115
672 720 -0.0919 -1.4873 18.1192
696 720  0.0562 -2.2796 17.5303
720 720  1.2467  1.5713 15.1649
744 720 -0.2972  2.7116 12.8154
768 720 -1.8416  3.5718 13.0804
792 720 -0.3180  0.6093 12.5856
816 720 -2.4856 -3.1980 13.3118
840 720 -2.2994 -5.1059 15.2743
864 720 -0.2663 -2.1794 11.5213
888 720 -0.7044  0.0448 10.3765
912 720 -3.0693  3.8450 12.6082
936 720 -4.3081  0.0527 13.7331
960 720 -4.7092 -2.0216 17.8154
984 720  1.6589 -0.0317  9.5444
 24 744  0.0107 -0.0247 11.8647
 48 744 -1.1850 -4.9758 13.6319
 72 744 -0.6468 -4.7133 14.5635
 96 744  3.6659 -0.9466 12.4350
120 744 10.9119  4.9167 12.6521
144 744 11.1948  5.4291 16.8924
168 744  1.6410  0.1275 14.0187
192 744 -1.9908  3.6835  8.9798
216 744 -1.8571  1.7021 11.6312
240 744  1.7076  2.0376 17.1149
264 744  4.9388  3.0654 18.2988
288 744  8.0302  3.8998 10.8660
312 744 10.4058 -1.0600 13.3292
336 744 10.5341 -1.3872 12.9260
360 744  4.2515  0.8649  9.8460
384 744 10.0221 -0.4000 14.2929
408 744 11.6976 -0.7678 19.9036
432 744  1.9380 -3.3118  7.4150
456 744  3.1898  3.1257 10.5523
480 744  2.1963  0.0115 16.2397
504 744 -0.7199 -0.1382 14.7913
528 744 -3.6663 -0.9951 16.4170
552 744  0.9255  9.0024 11.1869
576 744  1.9623  8.6477 13.7682
600 744  0.4582  6.1895 14.7863
624 744 -2.0521  3.0063 14.4087
648 744 -0.0911  2.1734 13.5079
672 744 -0.0218 -1.9794 19.9828
696 744 -0.0196 -1.9401 18.2211
720 744 -0.0784 -1.0595 13.8249
744 744  2.4396  3.0694 10.6532
768 744  1.7150  3.2776 12.0235
792 744  1.2709 -0.3542 15.0751
816 744  0.1072 -3.0311 13.5882
840 744 -0.2459 -4.8221 13.0600
864 744 -2.4006 -1.6092 11.3490
888 744 -2.9987  0.1257 11.7998
912 744 -6.2529  3.4450 14.7428
936 744 -6.6066  2.0418 11.3989
960 744 -5.0906 -2.3712 10.3974
984 744  1.7707  0.0035 10.3860
 24 768  0.0246 -0.0266 11.6813
 48 768  0.9381 -2.0605 11.4409
 72 768  0.3699 -2.2631 13.5562
 96 768  1.0701  0.0567 14.5581
120 768 11.2463  4.7112 12.7196
144 768 11.0165  5.0171 17.3706
168 768 10.9125  6.7090 14.5388
192 768 -4.2362  5.2624  8.1663
216 768 -4.2474  5.1677 12.0473
240 768 -0.3516  1.4123 12.6150
264 768 -5.2874 -1.2459 12.1770
288 768 -2.0555 -7.9860 11.5752
312 768  0.2034 -2.2696 12.2999
336 768  3.6481  0.5226 13.6744
360 768  5.1172 -0.7809 14.6841
384 768  7.8921  2.8826 14.8141
408 768  9.9308  2.3383 14.4382
432 768  6.8482  2.7912 10.1940
456 768  9.8618  3.9753 14.3832
480 768  7.2801  2.1378 12.1751
504 768 -0.4474 -0.8801 13.0729
528 768 -2.7734 -1.3447 12.5555
552 768 -9.0964  2.7149 10.8825
576 768 -0.2296  7.7473 10.7246
600 768 -1.5618  5.0249 14.6863
624 768 -0.0339  3.0099 15.2888
648 768  0.3694  2.7726 12.7256
672 768  0.1404 -1.9816 13.8384
696 768  0.0205 -1.8155 17.4307
720 768  0.3689 -1.7602 12.3346
744 768  3.6303  3.7505 11.8983
768 768  3.3922  3.8644 15.4733
792 768  2.2414  2.8033 15.8548
816 768 -11.1683 -5.4451 11.4335
840 768 -9.6431 -3.9292  7.9827
864 768 -7.4850 -2.0206 14.2580
888 768 -6.7563  0.0654 14.1649
912 768 -6.7703  1.6088 13.5264
936 768 -7.6578  1.9287 13.0139
960 768 -6.9698 -3.9870 10.6723
984 768  1.7206 -0.0104 10.2831
 24 792 -0.0003 -0.0463 12.5723
 48 792  1.9761 -0.6073 20.2138
 72 792  2.3676  0.5625 15.7210
 96 792  3.7733  1.9481 11.3507
120 792  6.0986  8.0492 13.3127
144 792  4.0480  8.8382 13.4510
168 792  2.9993 11.7395 16.4264
192 792  2.0802 10.4576 17.1763
216 792  2.4827 10.3218 19.4915
240 792 -1.5818  6.9844 12.4838
264 792 -2.0095  4.0333 10.0861
288 792 -3.9943 -9.0645 11.9649
312 792  2.2530 -0.1876 10.0134
336 792  2.4771  0.0724 13.7871
360 792  4.7939  0.6058 14.3293
384 792  5.2119  1.2426 14.3601
408 792  8.9276  2.6192 15.6260
432 792  8.2368  3.5088 15.5078
456 792  9.2560  2.0362 15.7030
480 792  8.3747  0.2292 12.2371
504 792  2.6186 -3.2361 13.9066
528 792 -8.4211 -0.5989  7.7158
552 792 -10.1301  2.3011 15.0141
576 792 -10.0737  4.2036 10.9900
600 792 -2.0742  2.4066  9.8473
624 792 -0.6136  1.8171 17.2389
648 792 -0.0137  2.8997 12.1425
672 792 -0.7948 -2.7298 14.6364
696 792  0.0864 -3.8137 17.4154
720 792  0.7731 -3.7526 12.9150
744 792  0.2599  2.6474 11.0921
768 792  2.3218  4.1161 14.9834
792 792  2.4441  3.4895 10.2526
816 792 -11.5726 -4.7871 19.6680
840 792 -9.7432 -3.9788 14.2968
864 792 -8.6649 -3.3393 14.2842
888 792 -6.9267 -1.0417 13.6414
912 792 -5.5743 -7.0175  9.0729
936 792 -5.4819 -7.7935 12.3101
960 792 -5.9146 -9.2186 11.7112
984 792  1.6851  0.0247  9.4477
 24 816 -0.0050 -0.0007 12.5847
 48 816  1.8763 -0.0277 17.6247
 72 816  3.4871  7.9596 12.9853
 96 816  2.9454  8.0233 15.5208
120 816  2.2426  7.5415 15.0000
144 816  2.3306  6.8266 14.1277
168 816  0.9187  9.2797 17.9410
192 816  1.2617  9.8728 15.0953
216 816  2.2797  5.0586 13.8660
240 816 -0.1948  6.7993 11.4194
264 816 -0.3655  7.7145 12.6973
288 816  1.1697  0.0273 12.8419
312 816  1.6880  0.6126 14.5097
336 816  0.0704  3.6483 19.8700
360 816  1.8488  0.1487 13.6460
384 816  4.3435  1.2301 17.8862
408 816  7.9639  2.6419 14.9906
432 816  8.0812  2.2349 18.1089
456 816  7.2427 -0.2011 11.9022
480 816  6.6616 -4.7727 16.6000
504 816  6.0857 -5.3091 13.8990
528 816 -7.2073 -2.0028 19.3209
552 816 -7.6141 -0.8916 13.0160
576 816 -7.7420  1.3070 11.2410
600 816 -4.5310 -0.3359 13.4717
624 816 -0.4105  0.0932 15.7949
648 816 -1.0978 -0.8350 14.6317
672 816 -1.0182 -2.7150 18.7045
696 816 -0.8802 -3.8749 15.6505
720 816 -0.4618 -3.4327 13.9146
744 816 -1.2195  1.4282 14.7086
768 816 -1.0128  0.4327 13.8957
792 816 -4.8638 -0.7958 11.6858
816 816 -6.5707 -2.7782 15.2049
840 816 -6.9664 -3.6285 10.4335
864 816 -9.1010 -4.9995 10.2958
888 816 -6.1978 -7.6358  9.2347
912 816 -11.6779 -10.8515 10.5351
936 816 -7.0098 -11.2835 13.7577
960 816 -6.0463 -8.6005 11.4048
984 816  0.4011 -0.0877  9.4185
 24 840 -0.0011  0.0608 12.7277
 48 840 -0.0937  1.7719 11.5995
 72 840  4.2692 11.4186 12.4021
 96 840  2.2451 10.1380 12.8321
120 840  0.2923  3.7083 13.8575
144 840 -2.0454  4.0404 10.7749
168 840  2.5453  1.8392 14.9998
192 840  2.7175  1.3568 16.8631
216 840  3.3720  1.4925 22.0018
240 840  2.9724  2.9274 14.2803
264 840  2.2629  6.6299 10.5699
288 840  2.6550  2.7985 14.0217
312 840  1.9445  8.7222 12.3486
336 840  0.3322  5.0275 16.0615
360 840  1.3234  4.7359 14.5002
384 840  3.0984  0.8280 15.8234
408 840  4.9322  0.0445 15.1608
432 840  4.3542 -1.0033 14.7694
456 840  0.7773 -3.0695 14.7842
480 840  1.5502 -4.9084 14.9034
504 840 -0.8804 -0.9527 14.3049
528 840 -1.7051 -1.3287 13.2285
552 840 -7.3111 -2.1601 15.7063
576 840 -6.0374  0.7156 15.3516
600 840 -1.4257 -1.4217 13.5309
624 840  0.0360 -0.2691 15.4294
648 840  0.1653 -0.0941 15.5592
672 840 -0.4452 -2.7833 14.6926
696 840 -0.2405 -4.5913 15.3891
720 840 -0.0931 -3.6430 14.1076
744 840  0.0007 -2.9299 14.5622
768 840  0.1392 -3.2312 15.7093
792 840 -0.8219 -4.9010 11.0749
816 840 -5.2452 -3.0591 15.7458
840 840 -5.3423 -4.9103 12.8499
864 840 -7.9040 -7.7184 12.3306
888 840 -8.1400 -8.0671 10.5124
912 840 -12.3416 -12.1481  8.9387
936 840 -10.4849 -13.7650 11.9465
960 840 -7.1154 -8.8658 10.3295
984 840  0.3882 -0.1472  9.1862
 24 864 -0.0030  0.0502 12.6207
 48 864 -15.2059 11.7784  8.5805
 72 864  6.2083 12.1648 11.4926
 96 864  7.9505 10.3248 10.6926
120 864 -1.7749  0.8306 19.5897
144 864 -1.2210  0.8768 18.8194
168 864  0.7570  0.9603 18.2008
192 864  1.7909  0.1125 18.5712
216 864  3.0117  1.0272 19.2936
240 864  2.7365  1.2866 14.8404
264 864  3.7830  9.7293 12.8773
288 864  2.2002  9.0168 18.2527
312 864  3.2119 10.1139 17.2766
336 864  4.0688  7.1595 13.4527
360 864  5.8738  4.1185 15.5816
384 864  5.7840  2.6862 17.0609
408 864  3.6708 -0.2322 18.9957
432 864  2.4947 -2.0330 16.0271
456 864  1.7336 -2.0592 15.6549
480 864  0.6081 -5.2353 15.0110
504 864 -0.6737 -3.6562 13.3491
528 864 -2.3239 -3.8040 11.8282
552 864 -7.3679 -2.2353 16.1214
576 864 -4.8306  0.2419 13.3234
600 864 -0.8409 -2.3952 16.0726
624 864  0.2222 -2.3137 13.8793
648 864  1.3863 -0.4320 13.3705
672 864 -0.1727 -5.0683 14.5546
696 864 -0.2627 -5.0718 14.3843
720 864 -0.1078 -4.5709 18.1848
744 864  0.0156 -4.8843 13.0965
768 864  0.1731 -5.9588 14.1814
792 864 -0.0888 -5.8793 15.0315
816 864 -2.8751 -5.0709 13.1828
840 864 -3.9227 -2.4832 12.5138
864 864 -9.0870 -5.7662 10.0271
888 864 -10.4769 -6.9665 10.4402
912 864 33.4902 -2.1099  6.5826
936 864 -12.4482 -13.9545 12.8625
960 864 -8.7419 -8.2091  8.6180
984 864  1.5972 -0.1462  9.2600
 24 888  0.0037 -0.0180 11.9574
 48 888  5.9421 -0.1948  8.3267
 72 888 -0.2278  6.9699 11.6090
 96 888 -2.9100  7.8619 12.3644
120 888 -5.8405 -1.7236 15.7565
144 888 -1.8504  0.5932 14.0997
168 888 -0.9223  0.4355 16.6211
192 888 -1.1042  0.7874 16.7477
216 888  1.0996  0.3512 12.9721
240 888  0.9583  4.0843 11.5512
264 888 -1.7297  8.1150 19.4003
288 888  2.1723 10.7741 14.4316
312 888  4.1619  7.3323 14.4592
336 888  5.9104  7.7202 15.1609
360 888  5.7907  4.0720 14.7104
384 888  5.6752  2.8318 17.1519
408 888  3.4820 -0.3766 16.9362
432 888  1.9108 -2.0730 14.6396
456 888  1.7645 -1.8880 17.1902
480 888  0.8610 -4.9937 16.1915
504 888  0.2655 -5.9397 14.7602
528 888 -6.9000 -3.0196 13.0268
552 888 -7.2217 -2.1384 11.3430
576 888  0.1452 -7.5959 18.5009
600 888  0.2822 -6.7600 12.4493
624 888  3.6956 -3.3573 14.7073
648 888  3.5186 -1.9380 16.4597
672 888 -0.1743 -3.0340 17.2844
696 888 -0.7419 -2.5999 15.8952
720 888 -1.7695 -0.8214 15.1159
744 888 -1.1617 -5.7618 12.1235
768 888  0.1907 -8.1397 14.2337
792 888 -2.7897 -4.9667 10.9083
816 888 -3.1440 -4.7646 12.0458
840 888 -6.1329 -6.0849 11.4446
864 888 -4.2977 -4.8212 11.0736
888 888 -2.9502 -4.3079 12.9838
912 888 -3.8621 -6.7427 14.3766
936 888 -2.3339 -3.1659 11.9711
960 888 -3.0274 -2.6187 10.1289
984 888  1.6216 -0.0774  9.7195
 24 912  0.0141  0.0109 11.6843
 48 912 -6.0995  8.3566 11.8461
 72 912 -2.2918 11.0695  9.8359
 96 912  2.0947  4.9584 13.5963
120 912  4.2001  2.7985 14.6960
144 912  4.4270  1.8432 13.5708
168 912 -3.2574  0.4396 18.6161
192 912 -1.8733  2.5675 14.9858
216 912 -1.8457  3.7120 13.0850
240 912 -2.8877  8.9678 15.2681
264 912 -2.9609  8.9983 21.0826
288 912 -0.8237  6.9534 13.6946
312 912  3.6994  6.8054 13.5235
336 912  4.8987  4.3020 14.0541
360 912  4.0995  6.7770 12.1234
384 912  4.5951  3.5695 11.3144
408 912  4.0205  0.6328 14.4516
432 912  0.3948 -4.5651 16.6999
456 912 -0.2021 -4.2771 12.8482
480 912 -3.0183 -5.7330 16.2777
504 912 -2.8498 -5.9231 14.2356
528 912  0.8502 -8.1680 11.4303
552 912  1.0904 -8.1048 12.5379
576 912  3.7412 -8.0742 12.3536
600 912  4.2452 -7.4757 12.6655
624 912  3.8967 -3.9163 15.3870
648 912  2.8262 -1.0801 14.5622
672 912  0.1913 -3.7528 18.2275
696 912 -0.8455 -2.2759 15.8169
720 912 -2.5681 -0.2662 17.9630
744 912 -2.2544 -8.0583 11.8564
768 912 -1.6297 -8.7574  8.2368
792 912 -3.7193 -8.6634 13.1110
816 912 -5.6960 -5.0985 13.1995
840 912 -5.8645 -5.6310 11.0964
864 912 -3.9023 -5.1227 10.0183
888 912 -3.3215 -5.0241 12.8997
912 912 -3.0950 -5.0962 15.7038
936 912 -2.2972 -2.8243 14.6154
960 912 -1.0921 -1.2690 14.9007
984 912  1.6184  0.1291  9.5815
 24 936  0.0166  0.0440 11.9721
 48 936 -4.2318  9.2232 13.0202
 72 936 -4.1599  9.2837 17.9176
 96 936  2.1950  6.5062 14.6085
120 936  4.1139  5.5262 18.8740
144 936 -9.1186 11.7768  7.9280
168 936 -3.2984  2.9838 16.1981
192 936 -1.8907  3.8287 14.3826
216 936  0.0689  6.5323 13.8035
240 936 -0.3557  6.9581 13.0449
264 936 -0.1944  7.1824 15.6489
288 936  0.1533  7.0353 19.3818
312 936  0.3355  7.0448 15.2928
336 936  0.2416  9.2781 14.9613
360 936  2.5180  8.1447 15.5736
384 936  2.6425  5.5612 11.1361
408 936  3.9258  1.2518 14.1505
432 936  1.0761 -4.1387 15.3711
456 936 -1.8023 -6.3566 12.0645
480 936 -3.4602 -5.2589 19.6501
504 936 -2.5299 -4.5175 13.7498
528 936  3.4635 -10.2958 12.0341
552 936  5.5027 -12.1246 11.6213
576 936  7.8696 -8.7425 10.0254
600 936  4.3097 -7.3372 15.2615
624 936  2.9704 -4.1223 14.3074
648 936  0.9204 -0.4966 12.2054
672 936  0.8648 -0.4732 16.7736
696 936 -0.9538 -2.2224 15.0449
720 936 -4.0262 -1.3736 15.6396
744 936 -3.1822 -13.6528 12.3922
768 936 -3.8153 -12.9825 14.7719
792 936 -4.7951 -8.6772 10.0573
816 936 -5.8067 -5.5504 14.2407
840 936 -6.2398 -6.3098 22.3287
864 936 -5.4741 -6.1269 14.7018
888 936 -5.4975 -5.8819  9.0020
912 936 -5.4268 -4.7639 11.4220
936 936 -3.7888 -3.9893 15.2028
960 936  0.0754  0.8232 14.3645
984 936  1.6640  0.0954 10.2629
 24 960  0.0329  0.0258 11.7905
 48 960 -4.2444  9.1891 11.1660
 72 960 -4.5641 10.1079 16.1483
 96 960 -4.6390  9.8126 11.9553
120 960  4.3368  7.1478 12.6153
144 960 -7.1123  9.8201 10.3361
168 960 -4.6369  5.0964 14.3953
192 960 -5.1208  3.5956 14.2757
216 960  0.1791  7.6812 10.4943
240 960  4.6999 13.9788 13.5912
264 960  0.9534  7.3797 11.8980
288 960  2.5658  8.6133 11.0647
312 960  4.4526  7.5296  9.6113
336 960  0.2148  5.8023  9.1644
360 960  1.3451  3.2406  8.0685
384 960  3.8023  2.2542 11.6355
408 960  4.1870  0.2536 13.4322
432 960  4.6389 -0.3073 16.2482
456 960  2.4518 -5.0295 10.7213
480 960 -3.2967 -4.0000 11.3212
504 960  5.0695 -7.8351  9.4347
528 960 11.0731 -8.1816 10.8158
552 960 10.5656 -8.9602 11.5079
576 960  5.8697 -12.2209  9.9861
600 960  5.8868 -6.8682 12.8942
624 960  3.5979 -7.9920 13.4062
648 960  0.8111 -0.0938 15.5783
672 960 -0.1511 -1.9523 16.3241
696 960 -2.8240 -6.3502 18.0593
720 960 -3.7105 -8.5969 14.5637
744 960 -3.4866 -12.8349 16.0228
768 960 -3.4377 -12.6472 12.9832
792 960 -5.3409 -9.0185 14.1571
816 960 -5.3097 -6.9155 16.1109
840 960 -6.0806 -6.0239 20.6602
864 960 -5.7980 -6.0701 16.2345
888 960 -5.9755 -6.4023 11.2655
912 960 -4.8017 -4.9681 12.0037
936 960 -3.0068 -3.7546 15.7588
960 960 -1.6887  1.1153 12.3475
984 960  1.6970  0.0360 10.0330
 24 984  0.0260 -0.0203 14.4228
 48 984  0.0203  0.0023 12.4637
 72 984 -0.0150  0.0257 12.8481
 96 984 -0.0171  0.0139 12.6720
120 984  0.0275 -0.0082 11.2361
144 984 -0.0209  0.0033 11.7672
168 984 -0.0214  0.0296 12.2896
192 984 -0.0839  0.0237 11.8582
216 984 -0.0601  0.0124 12.3954
240 984 -0.0494 -0.0130 12.2149
264 984 -0.0836 -0.0256 11.8139
288 984  0.0315  0.0364 12.1535
312 984  0.1003  0.0499 12.6439
336 984  0.0336  0.0187 12.5712
360 984 -0.0041  0.0141 12.8119
384 984  0.0381  0.0083 12.6470
408 984  0.1215 -0.0181 12.3590
432 984  0.0809 -0.0403 12.4691
456 984  0.0489 -0.0415 11.8957
480 984 -0.0290 -0.0099 12.3332
504 984 -0.0232  0.0156 12.4061
528 984  0.0516 -0.0084 12.1447
552 984 -0.0139  0.0101 12.5972
576 984 -0.0302  0.0067 12.3227
600 984 -0.0296 -0.0523 11.7861
624 984 -0.0170 -0.0273 12.0524
648 984  0.0393 -0.0065 12.6640
672 984  0.0269 -0.0115 12.5214
696 984 -0.0461 -0.0006 11.7032
720 984 -0.1089  0.0089 11.5358
744 984 -0.0485 -0.0211 11.2936
768 984 -0.0091 -0.0248 11.8671
792 984  0.0127 -0.0025 12.5096
816 984 -0.0667 -0.0241 12.1374
840 984 -0.1010 -0.0244 12.6255
864 984 -0.0093 -0.0060 12.7655
888 984 -0.0579 -0.0200 12.1879
912 984 -0.0562 -0.0329 11.8208
936 984 -0.0282  0.0020 12.4704
960 984 -0.0199 -0.0079 11.7566
984 984  1.5527 -0.0373 12.2477
