 24  24  0.0007  0.0184 14.9670
 48  24 -0.0151 -0.0042 12.6368
 72  24 -0.0005 -0.0106 12.6999
 96  24 -0.0272  0.0029 12.3224
120  24 -0.0971  0.0010 12.7605
144  24 -0.0729 -0.0165 12.9969
168  24 -0.0368 -0.0121 12.7257
192  24 -0.0465 -0.0115 12.7604
216  24 -0.0384 -0.0224 12.4715
240  24 -0.0145 -0.0056 11.5340
264  24 -0.0111 -0.0199 11.2394
288  24 -0.0821  0.0041 11.1899
312  24 -0.0495  0.0181 12.3076
336  24 -0.0250  0.0012 13.0555
360  24 -0.0293 -0.0027 12.5135
384  24 -0.0009 -0.0099 12.2094
408  24 -0.0499 -0.0318 12.8204
432  24 -0.0008 -0.0267 12.9678
456  24  0.0009  0.0009 12.3141
480  24 -0.0645  0.0223 11.9213
504  24 -0.1664  0.0086 11.6228
528  24 -0.1421 -0.0133 12.0717
552  24 -0.1221 -0.0171 12.7605
576  24 -0.0890 -0.0298 12.9877
600  24 -0.0750  0.0038 11.9825
624  24 -0.0290  0.0285 11.0122
648  24  0.0132 -0.0094 12.1145
672  24 -0.0203 -0.0179 12.7115
696  24 -0.0911 -0.0106 12.3120
720  24 -0.0766  0.0074 12.0420
744  24 -0.0268  0.0116 12.0576
768  24 -0.0268 -0.0007 12.2857
792  24  0.0287  0.0046 12.0705
816  24  0.0377 -0.0132 12.0430
840  24 -0.0034 -0.0039 12.1723
864  24 -0.0183  0.0094 11.9195
888  24 -0.0003 -0.0046 12.2932
912  24  0.0054 -0.0064 12.3503
936  24 -0.0468 -0.0120 12.3002
960  24 -0.1180 -0.0019 12.8047
984  24  0.4626  0.0251 11.3645
 24  48  0.0226  0.0699 12.0942
 48  48 -2.0591  3.8594 14.3458
 72  48 -2.5382  3.9284 15.9848
 96  48 -5.0016  5.8469 13.4199
120  48 -6.6737  3.8454 19.8564
144  48 -5.6707  1.9728 16.3753
168  48 -5.7143  1.3618 15.8944
192  48 -5.1172  1.8166 10.6427
216  48  0.9207  5.7775 12.9096
240  48  0.4119  5.5367 13.4853
264  48  0.2079  5.7358 15.7550
288  48 -0.1215  5.7489 18.9081
312  48 -0.1649  5.0413 17.6414
336  48  0.0220  4.3807 14.9100
360  48 -0.2777  0.7717 15.2587
384  48 -0.7381 -0.6407 18.0270
408  48 -1.5841 -1.1545 14.9255
432  48 -2.1181 -2.3487 15.7568
456  48 -2.0715 -2.2496 14.7379
480  48 -2.1246 -1.7219 15.9621
504  48 -2.2928 -0.7241 22.5702
528  48 -2.4010 -0.3141 19.1524
552  48 -1.8953  0.1713 17.3377
576  48  0.0415 -1.3005 14.2528
600  48  0.2960 -6.6626 13.2488
624  48 -0.0868 -6.2958 13.0689
648  48 -0.6861 -4.3900 16.8326
672  48 -0.3408 -5.0040 12.5009
696  48 -3.5761 -0.2759 13.3011
720  48 -2.7191 -0.4567 14.5375
744  48  0.0019 -0.2636 14.3452
768  48  0.1974  0.1705 14.8872
792  48  0.4778  0.2484 17.0163
816  48  0.6252  0.3678 14.7432
840  48  0.7118  1.8777 16.7031
864  48  1.7361  1.8059 16.4260
888  48  2.9478  0.1472 10.7913
912  48 -0.8128  1.9341 14.6303
936  48 -1.0919  1.2992 13.5265
960  48 -2.3779 -0.0499 20.4324
984  48  4.6469  0.0004  8.0548
 24  72  0.0440  0.0799 11.9633
 48  72 -1.9444  5.8946 16.8600
 72  72 -3.3182  4.5947 13.4230
 96  72 -6.1268  5.0858 15.6323
120  72 -6.1982  3.4212 15.0303
144  72 -5.3999  1.8586 15.1521
168  72 -5.2815  1.4151 15.6531
192  72 -4.6687  0.9746 17.0298
216  72 -4.6485  0.5937 13.6274
240  72  0.1436  3.9314 11.2935
264  72 -0.5023  4.9670 15.2561
288  72 -0.7684  4.5158 17.2894
312  72 -0.8182  3.5348 13.5893
336  72 -0.8076  2.5044 11.4214
360  72 -0.9985 -0.1096 17.4599
384  72 -1.7707 -1.0290 18.0723
408  72 -2.4824 -1.0502 14.9270
432  72 -3.6350 -2.7562 15.0892
456  72 -2.9611 -3.7340 15.8919
480  72 -2.3060 -2.1897 16.0883
504  72 -2.3461 -0.7120 18.3573
528  72 -2.6951 -0.4724 19.4499
552  72 -2.2878 -1.6996 13.9988
576  72 -0.1931 -2.1108 15.2916
600  72 -1.6089 -1.4046 16.3961
624  72 -2.3627 -3.0352 16.1884
648  72 -2.0664 -3.2731 14.4760
672  72 -3.7959 -1.1057 13.9580
696  72 -3.3695 -0.1213 15.5641
720  72 -1.1068 -0.2205 17.3152
744  72  0.5932  0.0214 15.8808
768  72  1.1200  0.9718 18.0724
792  72  1.8107  1.1443 17.0543
816  72  2.1115  0.7324 15.2617
840  72  1.0993  1.7171 16.5662
864  72  3.3434  0.4652 13.4652
888  72  5.1348  1.1672 13.6148
912  72  4.9938  1.2609 16.8642
936  72  4.7317  0.0022  9.3757
960  72 -2.4084 -0.1284 22.9221
984  72  0.4891 -0.0967  7.6276
 24  96  0.0277  0.0658 12.1745
 48  96 -2.0018  6.0356 18.2655
 72  96 -2.6365  4.9318 14.4777
 96  96 -5.3018  4.8525 13.1575
120  96 -5.6501  3.3684 16.0905
144  96 -6.0177  2.3365 18.9518
168  96 -4.7161  1.9651 16.6359
192  96 -4.7810  1.4135 19.5523
216  96 -5.1427  1.0438 16.1233
240  96 -5.4495 -0.4662 17.0679
264  96 -4.9524 -0.0144 11.7368
288  96 -2.1402  3.6750 20.0238
312  96 -2.0883  2.7450 16.1219
336  96 -2.2021  1.4156 17.2694
360  96 -1.9239  0.2735 20.2273
384  96 -1.7198 -0.1488 18.7665
408  96 -2.4560 -0.9476 14.8280
432  96 -3.9684 -2.8432 16.4239
456  96 -3.8084 -3.2538 17.6752
480  96 -3.2357 -2.9190 14.2264
504  96 -2.8419 -2.1380 14.5901
528  96 -1.8099 -1.1449  9.2746
552  96 -2.5559 -2.7635 11.1899
576  96 -1.0109 -1.9988 14.7366
600  96 -1.9625 -0.3229 16.8000
624  96 -2.1788 -0.7597 16.7554
648  96 -2.4397 -0.8340 15.3227
672  96 -3.2693 -0.5998 14.3243
696  96 -2.5597 -0.2937 14.2456
720  96 -1.0247 -0.4064 17.3564
744  96  0.0583  0.2106 16.5217
768  96  0.7817  2.0322 15.8776
792  96  1.4492  2.6106 17.2603
816  96  2.2339  2.1431 15.4288
840  96  3.1828  2.1357 16.5440
864  96  4.3469  2.0613 13.8999
888  96  1.5157  3.5921 14.1377
912  96  3.6810  1.0822 13.0175
936  96  3.6557 -1.7999 13.2746
960  96  0.5242 -6.1079 12.8628
984  96  4.5873 -0.0634  7.7645
 24 120 -0.0146  0.0321 12.1973
 48 120 -1.7236  4.3346 17.4688
 72 120 -2.4262  3.8540 13.8171
 96 120 -2.8888  4.5864 14.9745
120 120 -5.3784  4.2223 14.1966
144 120 -6.5563  2.3389 15.7829
168 120 -6.6622  2.0256 15.8642
192 120 -5.2123  1.5738 18.2725
216 120 -5.1663  0.6550 14.5969
240 120 -5.0099 -0.7000 13.9346
264 120 -4.8746 -0.3486 18.0911
288 120 -1.9720  2.7949 18.5007
312 120 -2.3201  2.1471 18.6634
336 120 -3.2718  0.8090 20.2002
360 120 -2.3998  0.1484 21.7797
384 120 -2.0585 -0.0701 21.1323
408 120 -2.0210 -0.4452 17.5363
432 120 -2.1252 -0.9670 15.1686
456 120 -3.0110 -2.7031 13.1927
480 120 -3.9698 -4.0055 13.9062
504 120 -2.8351 -3.1918 12.8689
528 120  2.0499  5.9367 13.0591
552 120  0.1371  1.5616 11.4717
576 120 -1.3139 -1.2911 16.7848
600 120 -2.2956 -0.4813 19.9420
624 120 -1.5726 -0.6537 14.8056
648 120 -1.7598 -0.3117 14.9396
672 120 -0.9970  0.4759 14.6561
696 120  0.0758  0.1909 18.3258
720 120 -0.1951 -0.3966 17.4841
744 120 -0.2455 -0.5377 16.6512
768 120  0.3937  0.7595 15.0868
792 120  1.1406  1.4575 14.4098
816 120  1.9645  2.1117 16.5602
840 120  2.0211  3.0810 14.8573
864 120 -0.0619  5.1723 14.4787
888 120  0.2206  4.0875 15.2189
912 120  0.9429  1.7589 14.9252
936 120  1.0451 -1.9546 14.6061
960 120  1.5440 -5.7251 12.8323
984 120  0.4532 -0.0306  7.8080
 24 144  0.0010  0.0345 12.2141
 48 144 -1.8402  3.2633 17.5162
 72 144 -3.1344  2.8893 15.8649
 96 144 -3.3009  3.3797 19.0044
120 144 -4.9548  4.9346 14.9405
144 144 -5.1697  1.8275 16.7368
168 144 -6.0209  1.4523 15.7107
192 144 -5.1654  1.3644 18.0362
216 144 -4.1827  0.3247 15.0128
240 144 -4.1753 -0.4257 12.8776
264 144 -4.5000 -0.2435 14.1698
288 144 -4.3046 -0.2486 14.3319
312 144 -4.5857  0.3089 15.3737
336 144 -4.0638  0.1420 15.6573
360 144 -2.7953 -0.7057 17.1679
384 144 -2.7595 -0.8156 19.1870
408 144 -2.2707 -0.3330 15.7616
432 144 -2.4624 -1.0116 15.9601
456 144 -2.6477 -1.1672 18.7366
480 144 -2.8762 -3.4055 14.4076
504 144 -1.0974 -6.8171 13.8922
528 144 -0.9231  0.0611 12.5654
552 144 -0.6958  0.4631 11.7685
576 144 -1.3514 -0.9121 17.6007
600 144 -2.7695 -2.1222 15.5038
624 144 -2.8089 -2.5266 10.8446
648 144 -0.6130 -0.3570 12.2989
672 144  0.0248  0.2078 15.1074
696 144  1.0415  0.1652 16.4063
720 144  1.0239 -0.1763 17.4173
744 144  0.5707 -2.0434 18.5307
768 144  0.2240  0.0249 16.1925
792 144  0.5821  0.9027 16.8254
816 144  1.1501  2.7537 14.7331
840 144  1.7265  2.9722 13.3581
864 144 -0.2684  5.8216 10.5036
888 144  0.6970  3.2084 11.7079
912 144  1.0569  1.3018 17.7522
936 144  0.3730 -3.8113 15.7520
960 144  1.9252 -5.2430 14.7916
984 144  0.4782 -0.0979  7.7789
 24 168 -0.0362  0.0507 12.6901
 48 168 -1.3515  4.3070 12.9558
 72 168 -1.1801  4.2286 14.7068
 96 168 -3.1033  3.5501 16.0064
120 168 -3.7436  3.4122 17.0616
144 168 -5.9870  0.6693 14.6978
168 168 -5.2124  0.3589 12.2596
192 168 -4.1570  0.6884 11.3542
216 168 -4.2092  0.1246 15.7561
240 168 -4.1681 -0.7014 16.1127
264 168 -4.2966 -0.4579 13.2000
288 168 -4.1183 -1.6529 18.5284
312 168 -4.1484 -1.7684 18.4180
336 168 -3.0957 -1.7821 15.7430
360 168 -2.6662 -1.9792 20.0930
384 168 -2.8013 -1.3317 17.1725
408 168 -3.4661 -0.7115 16.0311
432 168 -4.6136 -1.0181 15.5449
456 168 -4.4710 -1.9023 18.2669
480 168 -4.3815 -3.7837 15.5393
504 168 -2.8766 -5.0928 12.3436
528 168 -0.0713 -0.0692 11.8205
552 168  0.2775  1.6901 15.2522
576 168  1.9693  3.0353 14.1477
600 168 -2.7384 -2.7998  9.9645
624 168 -3.0540 -3.0172 11.6301
648 168 -1.7952 -1.9056 11.1420
672 168 -0.8504 -0.7543 13.4147
696 168  0.2059 -0.2163 14.6468
720 168  2.7079  0.0032 15.7675
744 168  2.7732 -1.0893 17.1406
768 168  1.8222 -0.4135 17.1070
792 168  0.7692  0.1984 17.3919
816 168  0.2645  0.7002 16.5662
840 168  0.4166  4.1477 13.0303
864 168  3.7724  4.9561 14.1423
888 168  3.3045  3.3437 11.4230
912 168  2.5809  0.8737 16.4571
936 168  1.0618 -1.5235 13.8321
960 168  0.3992 -3.7140 14.0600
984 168  4.6662 -0.0723  8.0814
 24 192 -0.0322 -0.0063 12.6134
 48 192 -6.3751  1.1493 18.1772
 72 192 -4.3113  2.1507 13.1870
 96 192 -6.1010  1.6510 14.4248
120 192 -5.4832  1.4895 12.3504
144 192 -6.0468  0.1179 14.0825
168 192 -4.7496 -0.7025 12.8722
192 192 -5.5866 -0.2978 14.3934
216 192 -4.9460 -0.3016 18.4790
240 192 -3.9469 -1.1305 16.6355
264 192 -3.8879 -1.0496 15.2654
288 192 -3.1421 -1.8729 16.3170
312 192 -4.0540 -2.3855 14.9246
336 192 -3.2158 -3.0143 14.7636
360 192 -2.9198 -2.0683 20.7693
384 192 -2.6183 -1.4100 16.7123
408 192 -5.4003 -0.3019 14.5353
432 192 -5.2964 -0.7252 14.7848
456 192 -5.5843 -0.9991 15.9155
480 192 -4.6928 -2.1839 15.2738
504 192 -2.3676 -2.8561 12.0425
528 192 -0.2368 -2.7786 14.8333
552 192  1.5906  1.0761 13.2167
576 192  2.2174  2.8094 15.0978
600 192  1.5393  0.1269 11.1640
624 192 -0.0047 -2.4693 12.3486
648 192 -3.6380 -2.3654 11.1501
672 192 -3.1414 -1.7009 16.0347
696 192 -1.5842 -2.2527 13.4422
720 192  2.6313 -0.1833 14.3524
744 192  2.9906 -0.7192 17.0074
768 192  2.2409 -0.4008 18.4955
792 192  0.8794  0.3450 19.0233
816 192 -0.0574  0.6991 17.0715
840 192  0.1316  2.1260 15.0707
864 192  2.7081  3.2217 11.2225
888 192  2.2173  0.6389 11.4797
912 192  1.1868 -0.8311 13.3061
936 192  2.5943 -0.2255 13.7529
960 192 -0.6585 -2.2229 13.8003
984 192  4.6508 -0.0791  7.8016
 24 216  0.0181 -0.0167 12.2247
 48 216 -4.7536  0.0903 20.8033
 72 216 -4.2805  1.6086 14.6569
 96 216 -5.6034  1.1742 16.2566
120 216 -5.0816  0.8171 15.7165
144 216 -3.9695 -1.5643 14.4181
168 216 -2.3453 -1.9027 14.8235
192 216  0.2178 -2.4938 11.3693
216 216  0.2047  0.0378 12.6048
240 216 -1.1370  0.4349 14.8321
264 216 -0.8282 -4.0618 17.0992
288 216 -0.4847 -4.8094 17.1404
312 216 -1.6810 -4.2284 15.3202
336 216 -1.1740 -3.8624 12.6329
360 216 -4.8953 -1.0102 15.7136
384 216 -6.2502 -1.9703 11.9619
408 216 -5.9794 -2.0692 14.8475
432 216 -5.2832 -1.6933 13.8597
456 216 -5.7159 -1.0379 14.3050
480 216 -3.7394 -1.5831 16.3069
504 216 -1.5563 -0.9179 18.4498
528 216 -0.2321 -1.6791 16.9574
552 216  1.2242 -1.1654 13.7159
576 216  0.7693  1.2302 12.3880
600 216  1.3180 -1.3247 11.0082
624 216  0.6975 -2.2393 11.7019
648 216 -6.3420 -2.0232  9.8773
672 216 -4.8931 -2.9507 14.0648
696 216 -3.1407 -3.8466 15.1835
720 216 -2.6763 -4.2979 13.5737
744 216  2.8706 -0.3792 12.9114
768 216  3.2537  0.2667 15.3094
792 216  2.8985  1.3395 15.9756
816 216  0.8703  1.6981 14.6365
840 216  0.3809  2.2341 14.4414
864 216  2.9481  1.2149 12.2404
888 216  2.7669 -0.7835 12.6617
912 216  2.0229 -1.9912 17.1840
936 216  2.4858 -1.5542 15.6237
960 216  0.3205 -2.0821 16.5392
984 216  4.6066 -0.0402  7.7354
 24 240 -0.0100 -0.0274 12.4258
 48 240 -3.1920 -1.7415 19.3849
 72 240 -3.6522  1.1046 16.1575
 96 240 -3.6828  0.3295 13.1178
120 240 -2.9988 -0.6791 13.7938
144 240 -2.0031 -1.9719 14.8188
168 240 -0.2421 -3.8549 14.7218
192 240  0.1993 -4.0037 13.6468
216 240  0.1855 -0.0767 18.2998
240 240 -0.9352  1.1395 19.8687
264 240 -0.6512 -1.1353 14.2173
288 240 -0.1167 -3.2281 13.5508
312 240 -1.2173 -4.1545 15.5117
336 240 -1.1094 -3.4793 15.6882
360 240 -2.6827 -1.1629 16.2997
384 240 -5.0815 -0.1931 14.4879
408 240 -5.0075 -1.7154 15.4718
432 240 -3.4334 -1.8998 16.9144
456 240 -4.2409 -2.2000 14.3553
480 240 -1.8770 -0.5667 18.0814
504 240 -1.1120 -0.4807 18.6904
528 240  1.5897 -1.8948 15.1309
552 240  2.8014 -0.7815 14.0353
576 240  2.7044  2.1143 12.3748
600 240  0.6394 -0.4080  8.4610
624 240 -1.5164  3.8831 10.7019
648 240 -2.0455  2.2635 12.5171
672 240 -2.6653 -2.3385 12.5329
696 240 -3.1325 -5.7200 12.5186
720 240 -0.2287 -5.8225 10.5944
744 240  0.4453 -2.2368 18.0314
768 240  2.9635  0.8360 12.0018
792 240  4.6609  4.0983 14.8227
816 240  2.4531  2.6088 12.9983
840 240  2.1747  1.9672 15.8591
864 240  2.7712 -0.0225 15.6192
888 240  3.3439 -1.6278 12.1792
912 240  2.8464 -2.0064 14.2120
936 240  2.4490 -1.2292 16.4702
960 240  0.0103 -1.9471 15.1752
984 240  4.6391 -0.0216  8.0011
 24 264 -0.0045 -0.0519 12.3982
 48 264  0.7882 -1.9004 14.8495
 72 264 -0.0766 -0.7594 14.9036
 96 264 -0.4096 -1.0313 15.1086
120 264 -0.6695 -1.7665 14.5326
144 264 -0.1570 -0.9227 15.2808
168 264 -0.1214 -4.4131 13.4908
192 264 -0.4774 -4.7320 12.9993
216 264 -0.3156  0.2494 15.5482
240 264 -1.5457  1.4250 20.5568
264 264 -3.5594  0.1949 14.9845
288 264 -4.8435 -0.3572 13.5842
312 264 -4.4198 -4.2551 13.9458
336 264 -4.1244 -3.7377 11.9896
360 264 -3.9379 -1.2160 12.4817
384 264 -5.0374 -0.1255 13.2399
408 264 -5.0204 -0.6560 15.7768
432 264 -4.9551 -4.3580 14.2152
456 264 -4.7890 -4.3308 14.0286
480 264 -1.9493 -1.1270 11.3716
504 264 -1.9008 -0.2258 14.3602
528 264  1.2134 -0.9488 14.2320
552 264  1.4126 -0.1135 12.6923
576 264  3.1059  3.9323 13.1809
600 264  0.3400 10.5643  6.6484
624 264 -1.4201  5.3099 12.2562
648 264  0.1055  2.9982 10.2050
672 264  0.1844 -1.5743 16.0659
696 264  0.0489 -2.8290 15.0384
720 264  0.0592 -3.9923 14.1057
744 264  0.8167 -2.3221 16.2634
768 264  2.0371 -0.1862 12.6383
792 264  3.9866  6.1651 14.2578
816 264  3.8912  3.3307 11.7219
840 264  2.6116  1.7697 15.0243
864 264  2.6635 -1.3818 14.2720
888 264  3.7890 -4.7192 13.2393
912 264  3.5289 -4.9999 13.1561
936 264  0.5949 -0.8690 14.9521
960 264 -1.0708  0.0728 18.2553
984 264  4.6502  0.0300  7.9782
 24 288  0.0090 -0.0438 12.1840
 48 288  1.1993 -2.2464 17.3435
 72 288 -0.1964 -0.3484 15.7384
 96 288 -0.3968 -0.7846 17.7025
120 288 -0.4725 -1.3193 16.9008
144 288 -0.3326 -0.3833 15.0834
168 288 -0.0075 -0.2105 13.3331
192 288 -1.9863 -5.0873 13.1579
216 288 -2.7122 -0.6432 13.9845
240 288 -4.0003  0.0560 17.6477
264 288 -4.5954 -0.2199 13.6944
288 288 -3.7105 -2.2863 14.8691
312 288 -4.5507 -5.3700 13.5634
336 288 -5.4383 -5.6523 10.9304
360 288 -5.0599 -4.8459 13.2038
384 288 -2.9914 -2.3262  9.8362
408 288 -4.6384 -1.7802 12.2300
432 288 -4.2128 -5.9588 14.8034
456 288 -5.8891 -6.6193 13.7647
480 288 -3.8427 -4.1414 11.8018
504 288 -1.7486  0.2117 16.0129
528 288 -0.6161 -0.7711 17.7401
552 288  0.2791 -0.0504 16.3550
576 288  0.5412  6.7451 15.7554
600 288  0.3893  7.5624 11.9613
624 288  1.8116  4.6507  9.7048
648 288  2.2581  1.0674 13.8398
672 288  1.5263  0.1221 13.3115
696 288  0.2265 -1.7088 14.8832
720 288  0.1462 -2.5895 16.9515
744 288  3.1058 -0.1849 14.9879
768 288  3.8978  0.2654 12.9958
792 288  5.6346  6.0722 10.7582
816 288  4.3900  3.2327 12.2871
840 288  4.2365  1.1508 14.9404
864 288  3.9560 -1.0813 12.3925
888 288  0.3908  0.1572 12.1293
912 288 -0.7289 -0.2258 13.6254
936 288 -0.3723  0.2885 12.9408
960 288 -0.7550  0.7606 16.4913
984 288  0.4469 -0.0325  7.6968
 24 312 -0.0131 -0.1069 12.5893
 48 312  3.2997 -2.5265 16.9087
 72 312  2.1514  0.0510 17.8389
 96 312 -0.7464 -0.1221 16.9746
120 312 -1.3966 -0.3953 17.2075
144 312 -1.0486 -0.2617 19.7922
168 312 -0.4049 -0.1015 17.1268
192 312 -1.5435 -1.2770 13.1793
216 312 -4.9196 -1.9230 21.0717
240 312 -5.1491 -1.7012 16.5143
264 312 -2.9983 -2.4515 14.0482
288 312 -2.1773 -3.1453 16.5977
312 312 -2.1632 -3.9776 13.6953
336 312 -3.7285 -5.2217 16.2978
360 312 -4.1680 -5.1307 15.1171
384 312 -4.1974 -4.2279 14.8206
408 312 -2.5308 -3.9207 14.0463
432 312 -2.7025 -5.1052 16.2849
456 312 -4.8172 -6.3769 14.6944
480 312 -4.2196 -0.1712 11.7595
504 312 -4.4024  0.4000 13.7619
528 312 -2.6824  0.5723 19.5935
552 312 -0.5815  1.6218 16.8392
576 312  0.7273  4.0446 18.8906
600 312  0.4882  3.2780 16.7428
624 312  1.9392  1.8029 19.3923
648 312  1.3122  1.0799 17.7603
672 312  2.1480  0.4219 14.3066
696 312  1.9529  0.3855 16.3374
720 312  1.4719 -0.4806 14.8254
744 312  4.5537  1.2656 15.1679
768 312  4.7968  2.1117 17.0686
792 312  5.7708  5.2699 15.3791
816 312  6.3490  4.2218 16.3170
840 312  4.8581  0.2487 14.9926
864 312  4.3692 -0.4317 11.3343
888 312  1.2482  2.3751 14.8076
912 312 -0.8991  0.8040 15.5736
936 312 -1.1874  1.1032 15.8790
960 312 -1.7344  1.7356 13.8256
984 312  0.4519  0.0641  7.7606
 24 336 -0.0241 -0.0794 12.9097
 48 336  1.8913 -2.8056 18.6453
 72 336  1.8316 -0.5313 16.2123
 96 336  0.3539  0.3871 18.2477
120 336  0.0632  0.3796 18.7060
144 336 -0.1329 -0.6588 16.0567
168 336 -0.7339  0.1949 12.2770
192 336 -3.0885  0.2072 12.3680
216 336 -3.4849 -1.5599 16.3820
240 336 -2.0477 -2.6096 13.7217
264 336 -1.9893 -3.4956 17.4671
288 336 -1.4935 -3.1814 14.6697
312 336 -0.5126 -3.1866 17.9468
336 336 -1.8682 -3.8062 14.4200
360 336 -3.2779 -4.6223 16.7438
384 336 -4.1822 -4.5651 17.3038
408 336 -3.0493 -4.3910 18.8923
432 336 -2.2570 -3.3282 15.7893
456 336 -1.7045 -2.3677 12.0569
480 336 -5.2169  0.9345 13.0326
504 336 -5.8805  0.7905 14.4124
528 336 -5.2123  1.1459 19.1631
552 336 -1.1862  1.2336 14.2951
576 336  0.5594  3.1172 18.9305
600 336  0.9482  3.0604 21.5679
624 336  1.9486  2.3668 17.9522
648 336  1.3876  1.6885 13.7251
672 336  2.0220  1.0453 16.4522
696 336  2.8643  1.1164 19.3194
720 336  2.9302  0.2472 16.8488
744 336  4.3752  1.2229 13.8563
768 336  5.0708  2.8615 16.9632
792 336  6.0689  4.8386 15.0665
816 336  6.2676  4.5819 12.1876
840 336  5.8391  0.2790 14.2089
864 336  5.2721  0.8144 12.8264
888 336  4.5663  2.6121 12.3716
912 336  1.0577  1.3630 12.3780
936 336 -0.1818  0.4533 13.0912
960 336 -2.2515 -0.5004 12.8453
984 336  0.4566 -0.0403  7.7720
 24 360 -0.0143 -0.0244 12.7470
 48 360  0.1862 -1.4371 18.8990
 72 360  0.1739  0.3020 16.1567
 96 360  0.1828  1.9644 16.5319
120 360  0.6897  0.9338 17.2671
144 360  0.0190 -0.0337 14.5409
168 360 -1.2488  0.5937 14.7041
192 360 -2.4551  0.0338 14.9743
216 360 -2.1872 -1.0170 18.7181
240 360 -2.0461 -1.7768 16.4217
264 360 -2.0617 -4.3052 17.9059
288 360 -1.7892 -3.9579 13.7645
312 360 -1.2862 -2.3695 15.5040
336 360 -1.9823 -2.7164 14.6866
360 360 -2.8503 -3.3913 12.4648
384 360 -4.0585 -4.1986 18.1488
408 360 -2.9003 -3.2521 20.4000
432 360 -2.2945 -2.9672 20.0282
456 360 -1.8076  0.0288 18.2579
480 360 -1.9466  1.9857 14.5902
504 360 -1.9086  5.8931 13.2130
528 360 -4.9169  2.8080 14.4247
552 360 -3.1763  0.6149 13.2000
576 360 -1.1080  0.4001 15.4952
600 360  0.5798  2.8422 17.5198
624 360  1.1689  2.9986 16.1615
648 360  1.9938  2.3366 15.7014
672 360  2.2088  2.2092 14.6460
696 360  2.1760  2.6077 14.6916
720 360  2.6504  1.5762 14.3939
744 360  2.2893  2.8439 17.7646
768 360  3.9737  3.8677 16.1350
792 360  5.8138  4.8122 17.1014
816 360  6.5904  3.9776 14.1818
840 360  5.6125  1.3926 17.2015
864 360  5.7900  1.2064 14.5056
888 360  5.6218  1.7232 14.8724
912 360  5.1704  1.2943 17.5497
936 360  4.7016  0.2789 18.3628
960 360 -0.4687 -1.5416 14.0064
984 360  0.5253 -0.0344  7.9684
 24 384  0.0103 -0.0523 12.2750
 48 384  0.4307 -1.8943 14.7276
 72 384  0.2410  1.8585 14.4873
 96 384  1.0101  1.1285 14.3542
120 384  0.7862  0.3896 13.8109
144 384  0.2578  0.3781 17.4913
168 384  0.0421 -0.0217 16.3523
192 384 -0.0248 -0.9567 17.3978
216 384 -0.0085 -1.3814 18.8274
240 384 -0.9360 -1.1843 14.0680
264 384 -1.7213 -1.1043 12.0619
288 384 -2.7167 -1.1455 14.0893
312 384 -4.0614 -0.8843 13.1793
336 384 -4.9492 -2.2561 13.9140
360 384 -4.4850 -5.1314 16.1547
384 384 -3.0546 -3.1645 16.9603
408 384 -3.2811 -2.5624 15.7560
432 384 -3.6810 -1.7625 22.9234
456 384 -2.5328 -0.2499 19.5039
480 384 -2.1433  0.3715 17.1915
504 384  1.0621  6.8556 20.7609
528 384  1.2963  6.7747 18.5121
552 384  0.9719  3.9056 13.5201
576 384 -0.7030  0.5501 16.0558
600 384 -0.1535  3.4355 15.3374
624 384  0.2856  3.9403 14.5873
648 384  0.7574  3.7568 16.1411
672 384  0.7033  4.1844 14.0248
696 384  1.7462  4.9788 12.8394
720 384  0.6752  4.2864 13.9636
744 384  0.5526  3.9779 14.3654
768 384  1.6752  2.7056 16.3087
792 384  2.7769  2.7322 11.0751
816 384  5.4606  1.0235 14.0989
840 384  5.2796  0.9565 17.4797
864 384  4.7863  0.8320 16.4258
888 384  4.6846  1.4069 18.2136
912 384  4.3943  1.6558 15.1552
936 384  2.9187  1.3380 18.7171
960 384  0.0744  0.4528 16.7080
984 384  0.9254 -0.0231  7.7326
 24 408  0.0174 -0.0651 12.0567
 48 408  1.1810 -1.1060 16.5865
 72 408  2.2344  0.6620 15.9545
 96 408  2.8387  0.5847 17.5024
120 408  3.2419 -0.7863 16.0251
144 408  0.0322  0.0491 16.1800
168 408 -0.4110 -0.0963 20.3037
192 408  0.1046 -0.9968 17.5594
216 408  0.2983 -1.6353 23.5340
240 408 -0.3236 -1.9515 14.0322
264 408 -2.7833 -0.4484 16.7256
288 408 -3.0819 -0.0191 18.7067
312 408 -3.8775  0.5725 15.8643
336 408 -5.2798 -2.1144 17.7616
360 408 -4.5471 -0.2671 11.3564
384 408 -4.4843 -0.0422 15.0926
408 408 -4.7915 -1.7889 15.9726
432 408 -4.9110 -0.6780 19.3087
456 408 -3.9081  1.6173 17.1696
480 408 -3.9341  2.0726 20.5063
504 408 -2.9154  3.4858 12.6157
528 408  0.8008  4.9388 13.3311
552 408 -2.9421  0.4011 14.5312
576 408 -4.5704  3.2582 14.8084
600 408 -3.6991  4.1343 12.1395
624 408 -0.7484  4.8048 11.9678
648 408  0.1050  4.9186 14.4065
672 408  0.4124  5.0322 14.6188
696 408  1.6170  6.6910 15.9527
720 408  2.0196  7.8442 14.1568
744 408  0.2098  5.2744 14.0659
768 408  0.2633  0.9561 13.2204
792 408  1.2797  0.1121 14.4824
816 408  3.1534  0.8066 14.4314
840 408  5.0602  1.1696 18.8507
864 408  4.4451  0.8292 14.5373
888 408  4.1731  1.3748 15.2666
912 408  3.2584  1.8920 16.1554
936 408  0.5890  1.8480 19.4041
960 408  0.3881  1.7078 19.4268
984 408  4.6622  0.0422  7.4159
 24 432  0.0102 -0.0429 12.3208
 48 432  0.3716 -1.4113 16.7499
 72 432  1.6249 -0.9945 14.2034
 96 432  3.2088 -0.5267 17.3899
120 432  1.7330 -0.4538 14.9848
144 432 -0.1809  0.0529 16.5432
168 432 -1.1194  0.0429 16.6235
192 432 -1.1850 -0.7132 15.6831
216 432 -1.3433 -1.3957 18.4460
240 432 -3.3082 -0.1865 12.0550
264 432 -3.7899  0.0141 16.1214
288 432 -3.4251  0.4170 20.0297
312 432 -3.9473  1.0543 19.6061
336 432 -5.3789 -0.1191 12.4987
360 432 -7.2451 -0.9418 21.2977
384 432 -7.1646 -0.8657 24.8427
408 432 -5.4439 -1.8566 15.0902
432 432 -5.2678 -0.1199 21.4568
456 432 -4.8263 -0.0814 22.1578
480 432 -5.3610  1.2969 19.1179
504 432 -5.6271  3.8804 15.5032
528 432 -6.5573  4.0056 15.8162
552 432 -6.0791  3.4293 17.6174
576 432 -5.7735  5.1714 22.4090
600 432 -5.1232  5.1584 16.2272
624 432 -2.8314  5.1575 15.2501
648 432 -2.7945  6.0425 13.6430
672 432 -0.6411  6.1855 14.2670
696 432  0.1187  6.7725 18.0891
720 432  1.3914  6.9559 12.6894
744 432  4.0150  5.0475  9.7558
768 432  4.5568  3.8749 10.2749
792 432  3.8585 -0.0790 15.8805
816 432  3.3354 -0.1884 16.3872
840 432  3.1534  0.6588 12.6932
864 432  5.7207  0.0937 13.3587
888 432  4.1334  0.6996 16.9494
912 432  2.5302  3.1537 15.3694
936 432  0.8885  3.4312 16.3685
960 432  1.5877  2.1934 14.7626
984 432  4.7239  0.0055  7.4773
 24 456 -0.0044 -0.0082 12.3979
 48 456  1.2843 -2.6880 15.4573
 72 456  2.6372 -3.0044 16.2168
 96 456  2.0471 -2.7006 16.3927
120 456 -0.3634 -0.1862 18.7077
144 456 -0.8199  0.2460 19.9793
168 456 -1.1039 -0.0647 17.0818
192 456 -0.5153 -1.6530 17.2321
216 456 -1.3829 -1.2179 16.3988
240 456 -3.4575 -0.0287 14.6605
264 456 -5.6192 -0.8801 14.8694
288 456 -3.7960  0.6129 21.0142
312 456 -3.7242  0.7280 15.4277
336 456 -4.9409 -0.1971 13.8586
360 456 -6.6627 -1.1515 18.2630
384 456 -6.9603 -1.4184 23.6007
408 456 -6.9393 -1.7973 13.5034
432 456 -5.2296 -0.7182 18.2779
456 456 -4.6923 -0.2718 20.8094
480 456 -4.9638  0.2302 14.8684
504 456 -5.9926  4.4466 18.5666
528 456 -6.4799  4.6216 24.6558
552 456 -5.2578  5.8891 15.9446
576 456 -5.4544  5.7995 23.2720
600 456 -6.6832  6.7766 13.4114
624 456 -2.8731  5.2823 13.3822
648 456 -1.1009  5.3614 15.5341
672 456 -0.2868  5.4716 17.2656
696 456  0.3410  5.5505 13.3625
720 456  2.6527  6.8248 15.1620
744 456  3.2282  6.5662 12.4731
768 456  2.9409  3.8816 11.0104
792 456  4.7765 -0.2757 18.8449
816 456  4.1749  0.1423 18.7051
840 456  5.9197  0.5311 13.8689
864 456  6.9249  1.0407 16.8817
888 456  5.7955 -0.0637 14.9483
912 456  1.4609  4.0919 17.4901
936 456  0.9853  4.0679 19.2759
960 456  0.8983  4.0211 13.8728
984 456  4.6942 -0.0343  7.5191
 24 480 -0.0125 -0.0466 12.4660
 48 480  3.3646 -3.0391 16.0623
 72 480  2.8462 -3.2488 16.3310
 96 480  1.6422 -2.8671 17.5293
120 480 -0.0058  0.0044 16.7557
144 480 -0.6508  0.1077 14.9140
168 480  3.9760 -1.3110 14.3021
192 480  2.9964 -1.4206 15.5446
216 480  0.1374 -0.9252 15.2237
240 480 -1.3270 -0.4859 14.7157
264 480  0.1836 -1.6548 16.9788
288 480  0.0783 -1.7466 16.1091
312 480 -2.0858 -1.2426 15.6983
336 480 -2.7656 -2.0564 11.4776
360 480 -2.6427 -3.0740 14.9234
384 480  0.0282 -1.2808 19.8094
408 480 -0.0195 -0.4070 16.1944
432 480 -1.4907 -0.0493 15.2356
456 480 -4.8755 -0.1247 18.5634
480 480 -4.2453  2.6122 12.8772
504 480 -5.1920  4.1911 16.8553
528 480 -5.9953  4.4779 25.1401
552 480 -3.4435  5.7604 14.1829
576 480 -5.1118  4.9253 11.0108
600 480 -6.5678  6.9366 14.5560
624 480 -3.6648  4.8676 13.0744
648 480 -3.7058  3.6416 14.9707
672 480 -0.2880  4.0269 15.4570
696 480  0.7948  5.0226 13.9784
720 480  3.0567  7.9576 14.7667
744 480  4.1493  6.2893 13.4158
768 480  5.5585 -0.0778 12.6689
792 480  5.2512 -0.2251 15.4583
816 480  5.2743  1.2137 17.1830
840 480  5.9400  1.3582 17.9523
864 480  7.0609  3.8311 17.0606
888 480  6.7998  6.8279 10.1731
912 480  0.9781  5.9017 13.6926
936 480  1.1034  3.4221 16.0664
960 480 -0.4976 -2.6134 13.7044
984 480  0.4023 -0.0443  7.1215
 24 504 -0.0011 -0.0343 12.5954
 48 504  4.0767 -2.0514 17.4603
 72 504  2.8301 -3.4221 15.9102
 96 504  3.8476 -3.8241 14.0925
120 504  4.4901 -1.8525 15.8753
144 504  4.8914 -2.4155 13.1369
168 504  5.2535 -1.9202 13.7658
192 504  2.4134 -1.7166 13.3263
216 504  2.2056 -0.8479 16.1978
240 504  0.4854 -1.3703 13.3027
264 504  0.9222 -1.8668 14.2271
288 504  0.7298 -1.9621 20.0459
312 504  0.4029 -1.7461 16.6147
336 504 -0.8290 -3.3502 12.4593
360 504 -1.3390 -2.9525 18.3435
384 504 -1.7739 -1.7679 18.5898
408 504 -0.2926 -0.4857 18.0390
432 504  0.3163 -0.6942 23.5343
456 504  0.2617  3.8731 15.4356
480 504 -2.8843  0.8084 15.7563
504 504 -2.5644  0.5869 18.7094
528 504 -3.9800  1.9353 16.2319
552 504 -2.8332  3.8718 19.7459
576 504 -5.0767  4.0098 16.3805
600 504 -3.2030  6.5510 10.0505
624 504 -3.4146  5.4956 14.2630
648 504 -2.0403  3.7518 15.2339
672 504 -0.8899  2.2910 14.6501
696 504  0.7734  3.1815 15.1112
720 504  3.1935  6.5365 11.0455
744 504  5.1089  2.0592 11.8520
768 504  5.3521 -0.1006 17.2944
792 504  5.1899 -0.4406 12.6065
816 504  5.5641  1.6911 12.5421
840 504  4.9271  0.9961 15.0472
864 504  3.4138  4.9367 13.2047
888 504  3.6593  6.8723 11.1918
912 504  2.7488  7.1092  9.8696
936 504  2.9533  4.1804 15.4513
960 504  3.3043  2.2654 12.7185
984 504  0.4356  0.0039  7.3379
 24 528  0.0044  0.0050 12.6748
 48 528  4.1183 -2.8211 20.7211
 72 528  4.0287 -2.5658 14.4692
 96 528  4.8489 -2.8002 14.5244
120 528  5.6065 -3.0576 17.0728
144 528  6.1152 -3.0420 16.0060
168 528  6.2566 -2.6379 13.5645
192 528  1.6243 -1.8529  8.5874
216 528 -5.0768 -4.7023 10.4081
240 528  0.5894 -3.8753 13.0658
264 528  0.3899 -3.6266 14.0658
288 528  0.3915 -2.2826 17.9307
312 528  0.5822 -1.5035 15.8634
336 528  1.6835  0.1936 14.0817
360 528 -0.2118 -0.6934 15.1744
384 528 -1.2903 -1.2362 16.4554
408 528 -0.3024 -1.1298 16.8041
432 528  0.2227 -0.6087 18.2431
456 528  0.0235  1.3202 13.5776
480 528 -0.3550  1.4847 17.1512
504 528 -0.4758  1.3678 15.2642
528 528  0.0345  1.4637 16.0011
552 528 -2.9969  4.1271 14.5366
576 528 -5.9928  4.0544 16.5667
600 528 -5.8730  3.5311 13.2238
624 528  0.1442  4.8336 12.4299
648 528  1.1445  3.7182 14.8722
672 528  0.2765  2.0603 16.5298
696 528 -0.2913  0.2891 14.3451
720 528  3.8819  2.0920 12.7196
744 528  4.8935  0.9615 14.4341
768 528  5.4465 -0.7778 15.8499
792 528  5.0898 -1.1951 13.6891
816 528  4.8507  2.7595 12.7525
840 528  3.6290  2.9118 12.6952
864 528  3.0043  4.9150 14.1582
888 528  3.5175  7.2415 12.1432
912 528  4.0770  8.9128  9.4650
936 528  4.7658  3.6639 14.1457
960 528  3.4205  1.7189 12.7923
984 528  1.2022 -0.1394  7.6178
 24 552  0.0116  0.0622 11.9966
 48 552  3.1764 -0.1685 14.0509
 72 552  4.4784 -2.7458 14.8669
 96 552  5.1345 -2.9622 18.3805
120 552  5.8919 -4.8527 14.4837
144 552  6.3982 -4.8241 12.4399
168 552  6.7888 -3.4101 13.6183
192 552  5.3416 -1.7349  9.0233
216 552  1.3600 -3.6383  9.3692
240 552  0.6459 -3.4578 17.3684
264 552 -0.4667 -3.3681 17.1894
288 552 -0.3413 -2.2261 18.1503
312 552 -0.4992  0.1036 16.1111
336 552  0.0150  0.5383 15.2640
360 552  0.3592  0.1766 13.7580
384 552  0.9264 -0.9708 16.0794
408 552  1.3007 -1.1974 16.8251
432 552  0.9222  0.5561 16.4289
456 552  0.2554  0.8388 18.1655
480 552 -0.0598  0.9043 17.7770
504 552  0.0477  1.1112 15.2390
528 552  0.0763  1.4964 14.1914
552 552 -4.4935  5.7049 13.2730
576 552 -5.8394  5.0419 15.4113
600 552 -6.1796  3.8891 15.0780
624 552 -4.6445  2.9758 12.1429
648 552  1.9683  3.1085 18.1711
672 552  1.3907  2.8142 18.1526
696 552  0.9282  0.8767 14.4686
720 552  0.8104  0.0734 13.2895
744 552  5.5275 -0.2120 16.7310
768 552  6.0412 -0.8480 15.8156
792 552  4.0490 -0.0932 12.7642
816 552  3.9600  3.8549 16.6328
840 552  4.4788  3.6681 12.7474
864 552  2.9853  4.8766  8.4524
888 552  4.7515  7.1271 12.1012
912 552  4.8804  7.2056 12.3921
936 552  5.1836  1.1890 11.7939
960 552  2.3165 -0.1275 13.0709
984 552  4.6298 -0.0551  8.1548
 24 576  0.0315  0.0814 11.8972
 48 576  4.9463  3.1348 10.4365
 72 576 13.8940 -0.8112 12.3813
 96 576 11.4872 -2.0707 13.7601
120 576  6.4858 -5.3682 12.0141
144 576  4.2556 -6.3725 11.5133
168 576  6.0858 -4.9032 13.7556
192 576  6.1883 -0.9984 12.3080
216 576  4.0863 -1.3705 13.3402
240 576  1.2271 -3.7229 17.9725
264 576 -0.5080 -3.7930 19.6769
288 576 -0.3544 -1.1452 16.0071
312 576 -0.8818  0.2830 18.9940
336 576 -0.0104  0.4075 19.1124
360 576  0.6795 -0.2243 15.0557
384 576  1.4431 -1.5842 18.1736
408 576  1.4411 -1.2409 19.7683
432 576  1.6225 -0.2600 17.5542
456 576  0.7007 -0.2412 13.6376
480 576 -0.4047 -0.0508 14.1651
504 576 -3.4284  1.0766 14.6515
528 576 -5.8595  2.1741 15.6394
552 576 -5.2668  4.4372 13.4928
576 576 -4.5345  6.6101 12.6502
600 576 -6.8604  4.0292 16.4331
624 576 -4.5372  0.7960 14.5706
648 576 -0.7372  2.6357 15.4828
672 576  1.5527  3.9700 17.6169
696 576  2.2111  3.4683 17.1710
720 576  1.1438  0.2489 15.2174
744 576  6.6676 -1.9412 11.8228
768 576  5.1261  1.3093 12.2296
792 576  3.3645  0.4754 15.1291
816 576  3.7870  2.1427 11.6965
840 576  9.7276  5.4904 14.7285
864 576  9.7688  6.8888 13.6676
888 576  8.1629  6.1260 11.9026
912 576  6.8421  5.2310 11.0207
936 576  5.8623  0.9488 18.6287
960 576  3.9548  0.5595 14.8027
984 576  4.5827 -0.0036  8.2784
 24 600  0.0336  0.0042 12.0506
 48 600 11.2975 -1.8273 13.4158
 72 600 14.1247 -0.0464 12.5485
 96 600 14.5830  1.3150 14.0999
120 600 12.8312  0.7908 10.4456
144 600  6.0481 -5.8197 13.0046
168 600  5.9900 -4.8330 14.7765
192 600  6.5493 -0.0840 14.2049
216 600  6.0671 -0.1912 13.1633
240 600  5.3537 -2.1852 15.7946
264 600  4.6221 -1.7567 13.9957
288 600  4.9286 -0.7734 14.6896
312 600  1.1809  0.2440 17.2125
336 600  1.1301 -0.2489 20.7193
360 600  0.8330 -1.8241 17.0419
384 600  0.8387 -2.0115 16.9847
408 600  1.1497 -2.0323 13.5886
432 600  1.9262 -1.7279 16.7670
456 600  0.6866 -0.8436 16.3330
480 600 -1.6646 -0.0550 13.6516
504 600 -4.9693  0.5408 15.7930
528 600 -4.9594  1.0825 14.2137
552 600 -4.5833  1.8804 14.3700
576 600 -2.9668  2.4480 11.6579
600 600 -4.2038  6.3929 16.8166
624 600 -3.2691  0.9077 11.4983
648 600 -3.3824  3.4782 15.6495
672 600  0.2351  5.5561 13.5467
696 600  1.2071  5.1998 16.3293
720 600 -0.7306  0.0962 13.6466
744 600  1.7543  0.7509 13.3335
768 600  2.7997 -4.3766  9.9058
792 600  8.2516 -3.0934 15.4913
816 600  9.2950 -2.9744 15.0927
840 600 10.6786  4.9550 18.7108
864 600 10.3588  5.1477  8.9063
888 600  6.7366  3.8206 17.8980
912 600  5.4214  3.8348 15.6113
936 600  6.1086  4.0826 16.7695
960 600  4.0129  0.4609 18.6029
984 600  1.9175 -0.0321  7.6196
 24 624  0.0254  0.0042 11.8164
 48 624  7.7280 -3.6894 16.2739
 72 624 14.8584  0.4073  9.6192
 96 624 14.9132  0.6904 12.1352
120 624 12.9892  2.8784  9.9781
144 624 10.0028  1.9229  9.3676
168 624  5.3597 -1.9466 17.2868
192 624  5.5833 -0.6854 16.7035
216 624  6.1400 -0.1035 18.6637
240 624  6.9286 -0.4712 17.0561
264 624  5.2154 -1.2380 14.3116
288 624  5.0228 -0.5816 13.6413
312 624  0.0831 -3.6836 15.0469
336 624  0.6349 -1.8795 16.5673
360 624  0.6609 -1.1866 17.0108
384 624  0.0472 -3.6404 17.7876
408 624  2.8744 -8.8426 11.9445
432 624  0.2369 -7.4638 11.7083
456 624 -1.4129 -3.8608 14.5555
480 624 -9.9283 -8.2965 12.4447
504 624 -5.9444  1.5484  9.6396
528 624 -4.2444  0.1952 17.7424
552 624 -4.0609  0.1288 15.4684
576 624 -3.7887  0.8059 14.7696
600 624 -5.9321  6.8569 20.2787
624 624 -4.1649  6.1641 14.9936
648 624 -3.6835  4.3288 22.2592
672 624 -2.2774  4.7556 18.3227
696 624 -3.3979  1.8614 16.0415
720 624 -0.7904  0.8428 14.6769
744 624 -0.9763 -4.2357 10.8621
768 624  1.6115 -5.5897 14.7080
792 624  5.1884 -4.2553 12.6538
816 624  6.3404 -2.6276 15.0405
840 624  4.7057 -1.5555 13.8855
864 624  5.7598  3.2729 13.9891
888 624  4.9981  4.0001 23.4664
912 624  4.9534  3.4643 16.3609
936 624  6.4492  4.4305 20.0912
960 624  3.8151  0.5041 17.1565
984 624  0.5813 -0.0463  7.5896
 24 648  0.0287 -0.0057 12.0924
 48 648  6.3867  0.7169 16.6608
 72 648  5.0939  2.5833 17.9772
 96 648  5.0025  4.0112 17.6004
120 648  5.7130  3.7967 11.9929
144 648  7.3925  2.2667 11.7700
168 648 10.0889  0.7514 12.8402
192 648  9.1346 -0.1036 14.8073
216 648  7.1618 -0.7683 13.6181
240 648  9.3008 -0.0503 16.8706
264 648  7.4403 -0.8010 13.2681
288 648  5.0190 -0.6256 15.1849
312 648  1.7323 -2.7551 14.3981
336 648  0.8422 -4.0106 11.9505
360 648  9.2124  6.7687 14.9909
384 648  1.9809 -2.4773 17.1567
408 648  1.7699 -2.5070 17.4650
432 648 -0.9550 -3.1723 16.5198
456 648 -1.2340 -4.7839 18.3813
480 648 -1.4933 -2.8009 11.1523
504 648 -0.3820 -1.8822 11.6540
528 648 -2.3540 -0.1957 14.0972
552 648 -3.9053  0.0407 19.9950
576 648 -4.1686  0.8775 14.4817
600 648 -6.1778  6.4284 21.2159
624 648 -5.0092  5.6213 13.5508
648 648 -5.0676  4.0800 19.4262
672 648 -3.2534  4.9922 14.7673
696 648 -1.1070  0.6874 15.5447
720 648 -3.3587  1.0825 16.5638
744 648 -0.9085 -5.9927 14.5891
768 648  0.3280 -5.3853 11.9434
792 648  3.0663 -2.9221 17.8155
816 648  3.9991 -2.0389 20.6411
840 648  3.8754 -0.4137 20.7650
864 648  4.2761  2.0228 15.1266
888 648  4.5546  4.1172 15.5638
912 648  4.9244  2.9935 12.8508
936 648  2.8176  0.6725 14.2613
960 648  1.9667  0.6946 18.3482
984 648  1.5755  0.0226  7.8765
 24 672  0.0006  0.0190 12.2786
 48 672  6.3115  0.9700 18.1836
 72 672  5.6606  3.0029 15.4277
 96 672 -1.0913  8.2824 13.5506
120 672  2.9124  2.1346 12.3443
144 672  7.5697  0.1193 16.7580
168 672  8.2513 -0.1671 14.3244
192 672 10.9286  0.4485 18.6877
216 672  8.4145 -0.2052 13.0602
240 672  7.1955 -0.2946 20.3781
264 672  4.0848  2.1656 13.0725
288 672  3.9644  2.8042 16.6170
312 672  5.1113 -1.3816 13.6449
336 672  5.8684 -2.4201 12.1291
360 672 10.1330  6.9025 14.6970
384 672  1.3173 -2.1769 15.6117
408 672  1.0789 -1.8985 21.7967
432 672 -0.3822 -2.9767 14.6060
456 672 -0.9914 -4.2605 12.3564
480 672 -0.2285 -2.2176 18.6869
504 672  0.0787 -1.9684 22.6981
528 672 -0.1469  0.6799 17.5804
552 672 -3.3518  1.7603 18.9454
576 672  0.9981  1.8668 11.6036
600 672  2.7248 -0.0364 10.6686
624 672 -5.1552  2.9098 10.0369
648 672 -5.6740  2.0615 14.2381
672 672 -2.9388  0.3328  9.7996
696 672  0.2769  1.5652 13.2378
720 672 -3.8713 -0.9466 12.7410
744 672 -2.1609  0.6868 21.2318
768 672 -1.8789 -0.1875 13.0946
792 672 -0.7833 -3.4529 10.1573
816 672  3.5271 -1.2379 17.3894
840 672  4.0043  0.0285 21.2245
864 672  5.0622  0.3706 14.1706
888 672  7.1523  2.5036 14.0658
912 672  3.2285  1.3860 11.3314
936 672  2.0088  0.0978 20.2210
960 672  1.8015  0.1591 21.2872
984 672  4.7000 -0.0106  8.0585
 24 696 -0.0049  0.0492 12.0931
 48 696  7.1074  0.3239 14.8497
 72 696  6.3209  3.3352 10.7383
 96 696 -0.0258  9.7527 12.2488
120 696  3.8649  2.6194 10.7477
144 696  7.8647 -0.2603 16.8620
168 696  7.9084 -0.9179 16.9863
192 696 10.7815  0.7083 14.9541
216 696  7.2010 -0.1237 13.9042
240 696  4.2549 -0.2120 19.4595
264 696 -4.1976 -3.7378 11.8916
288 696 -4.5507 -3.7983 12.4347
312 696  1.5879  0.7292 13.4427
336 696  2.1372 -0.0114 13.8330
360 696  7.3044  7.0676 15.3861
384 696  7.0178  6.8489 12.2508
408 696  0.9621 -1.3347 17.9905
432 696 -1.7151 -11.0594 16.8258
456 696 -1.8516 -10.9594 19.6796
480 696 -0.2143 -7.7541  9.9807
504 696  0.0676 -2.0066 16.1344
528 696  1.6706 -0.9751 15.6211
552 696 -0.2490  0.7556 13.3932
576 696  2.7304  1.0749 14.1371
600 696  3.0884  1.1519 13.6725
624 696  1.9952  8.1494 15.3557
648 696  2.0297  8.3226 13.5314
672 696  0.1071  0.7541 17.7677
696 696 -0.3954  1.8641 21.6464
720 696  0.1667  3.9352 15.9797
744 696 -1.7360  0.8687 13.7048
768 696 -1.4946  0.6634 14.3111
792 696 -2.5247 -4.1792 13.2225
816 696  4.2442  0.1315 15.1974
840 696  2.9012  0.1015 22.4411
864 696  1.5403  1.4068 18.1187
888 696  0.0265  3.0951 10.7561
912 696  6.9778  5.7360 15.9810
936 696  4.2765  0.1015 17.2594
960 696  3.7635  0.3826 14.7165
984 696  4.6549  0.0342  7.4121
 24 720  0.0111  0.0065 12.0528
 48 720 10.3090 -2.5734 11.1880
 72 720  5.4860  4.8910 10.8989
 96 720  6.1978 -5.7701 12.3015
120 720  5.8230 -3.1142 15.0674
144 720  8.1069 -1.6273 17.5620
168 720  7.8026 -1.4884 13.6480
192 720  2.9793 -0.9767 14.8038
216 720  0.8590 -0.2264 12.7639
240 720  2.0138 -11.1492 13.1224
264 720 -2.9925 -3.5604 20.0598
288 720 -4.5593 -3.7891 16.8895
312 720  1.0757 -0.1542 15.6933
336 720  0.9744 -0.7450 21.1263
360 720  1.7178 -1.2049 14.9070
384 720  6.8922  6.9858 11.3748
408 720  5.2021  5.7310 11.8333
432 720 -1.3282 -11.0420 14.4288
456 720 -2.7413 -9.9180 14.6272
480 720 -1.8469 -8.3240 16.3264
504 720 -0.2965 -8.1437 13.7678
528 720  2.2321 -1.3230 18.1192
552 720  2.7213 -0.2523 15.0518
576 720  1.9885  0.8514 13.3289
600 720  1.4274  7.4921 14.1013
624 720  1.9641  8.7474 14.7773
648 720  4.6991  9.5221 13.0019
672 720  6.1126 10.4881  9.1029
696 720 -0.8385  2.2467 15.2431
720 720  0.2751  3.9448 15.4922
744 720  3.1510  6.4530 15.1827
768 720  3.0017  6.7477 10.0651
792 720  7.9948  1.3166 13.3098
816 720  5.4381  0.1883 18.1913
840 720  0.9621  1.0447 21.8279
864 720  0.0290  2.5814 19.9956
888 720  0.2843  2.9830 13.7280
912 720  6.7326  5.1924 13.9631
936 720  5.2144  2.6513 12.7639
960 720  2.0351  5.8017 12.6152
984 720  4.6191  0.1377  7.5080
 24 744  0.0162  0.0243 12.4098
 48 744  2.5561 -3.4997 14.5770
 72 744  9.0308 -4.6234 10.2028
 96 744  8.0818 -4.1182 13.5912
120 744  5.6745 -2.9283 16.6945
144 744  6.1148 -2.8232 18.1014
168 744  0.2860 -1.2177 18.2470
192 744  0.1374 -1.5305 18.8470
216 744 -0.0085 -1.9521 12.2159
240 744  1.2459 -10.9352 19.6513
264 744 -4.5902 -3.0335 17.8208
288 744 -4.5160 -2.7053 19.4284
312 744 -3.2206 -2.2892 17.1365
336 744 -0.6763 -2.0603 18.5607
360 744  0.7034 -0.9840 19.4361
384 744  0.3701 -0.7681 12.7991
408 744  4.2360  5.1381 13.9903
432 744  3.2534  4.6512 15.1545
456 744 -2.0757 -7.6886 14.2125
480 744 -2.2105 -7.5984 18.9973
504 744  1.2939 -5.1074  9.2308
528 744  2.9505 -2.2550 13.7565
552 744  2.7516 -0.4653 17.3071
576 744  0.7185  0.6544 14.7871
600 744  0.7165  7.7842 15.0456
624 744  1.7686  9.1790 13.5752
648 744  4.7563 10.0852 14.4709
672 744  5.7618 10.6709 12.5783
696 744  6.0068 11.8661 12.6722
720 744  2.8100  6.1748 14.1386
744 744  2.2466  6.6616  9.6527
768 744  9.9862 -0.1846  8.3652
792 744  7.0557  3.8397 16.9960
816 744  6.3930  2.0466 15.9711
840 744  1.3221  0.2626 15.7332
864 744  1.1345  1.1715 16.0784
888 744  2.9324  3.8398 17.0157
912 744  2.3357  5.8883 15.6785
936 744  2.8005  7.0913 15.9019
960 744  1.2382  8.1314 10.7861
984 744  4.6668  0.0545  7.8850
 24 768  0.0026  0.0697 12.3949
 48 768 -12.3679 -26.2210 12.9996
 72 768 -7.5863 15.0025  9.7170
 96 768  6.3805 -5.2577 11.2174
120 768  2.5830 -0.9494 16.3434
144 768  2.4898 -0.7351 17.1999
168 768 -0.5205 -3.0014 18.8139
192 768 -0.5885 -3.2750 18.0018
216 768 -0.9969 -4.9443 12.6344
240 768 -1.6094 -5.8051 13.2416
264 768  0.2002 -3.7379 16.2109
288 768 -2.1720 -1.1020 16.0622
312 768 -2.0656 -1.2956 16.3576
336 768 -2.2982 -2.8281 17.3524
360 768  0.7581 -0.8313 17.4985
384 768 -0.1144  0.0405 19.1899
408 768  3.3389  5.3468 17.9855
432 768  4.3978  4.8287 19.9006
456 768 -0.0746 -4.2554  9.9987
480 768 -0.1337 -4.0072 12.5292
504 768 -0.3207 -4.4250 14.9612
528 768  0.3203 -4.9849 15.8699
552 768  2.4419 -0.5255 19.8700
576 768  0.6700  0.0226 18.0772
600 768  0.0641  8.0953 18.0489
624 768  0.9931  9.4156 12.3459
648 768  4.0600  9.5511 11.2974
672 768  6.0270  8.0353 11.6070
696 768  6.8658 11.9089 10.4671
720 768  2.9796  7.2577 12.9724
744 768  2.4790  7.5665 15.1936
768 768  4.2033  5.8925 15.0512
792 768  5.3271  4.6777 14.2406
816 768  5.1670  3.8627 15.5759
840 768  4.1749  3.1517 17.4337
864 768  3.6765  5.1020 15.6352
888 768  3.4690  5.9816 15.2484
912 768  7.8509  6.9385 10.1143
936 768  3.2999  7.0401 10.1462
960 768  7.5437 12.9966 15.6279
984 768  0.4109  0.0721  7.5419
 24 792 -0.0097  0.0252 11.5128
 48 792 12.2003 -0.9040 14.1003
 72 792 13.8382 -1.8685 10.2504
 96 792  1.8213  1.0698  8.0158
120 792  2.7403 -0.8892 17.0156
144 792  2.7978 -1.1117 15.5561
168 792  1.6155 -5.7854 15.1530
192 792  0.8652 -6.2880 17.7440
216 792 -0.2045 -6.9654 21.2049
240 792 -1.1234 -5.5458 13.3487
264 792 -2.9239  0.2491 12.3962
288 792 -1.7108 -1.2720 13.4800
312 792 -2.0932 -0.8499 14.7863
336 792 -3.5252 -0.0612 15.0750
360 792 -0.9429 -0.0220 15.9192
384 792 -0.1652  0.1414 15.6947
408 792  1.1812  2.9539 16.6912
432 792  4.5792  3.9075 13.5130
456 792  0.7751  4.9262 11.5929
480 792 -0.7259 -0.3487 16.7331
504 792 -0.9739 -1.6296 11.8668
528 792 -1.0244 -1.4664 14.3906
552 792 -1.6304  0.8311 18.9237
576 792 -1.0103  0.8488 16.3298
600 792 -0.1564  7.9536 14.0953
624 792 -1.2529  7.2794 14.2423
648 792  4.1283  2.9667 11.2174
672 792  8.9028  7.9952 13.0373
696 792  7.5411 12.2782  9.7486
720 792  3.4702  8.0030 13.6471
744 792  3.3277  8.2485 14.1282
768 792  4.6828  6.3145 16.3984
792 792  4.6867  6.0901 16.2635
816 792  3.8607  3.3694 16.3313
840 792  4.4095  2.9422 17.8489
864 792  3.9969  3.4323 14.0532
888 792  6.5079  7.9078 14.0350
912 792  8.2101  6.7004 16.4629
936 792  6.9952  6.5646 12.2001
960 792  8.2564 12.1986 15.3693
984 792  0.4890  0.0063  7.5169
 24 816  0.0055  0.0018 11.0113
 48 816  6.5703 -3.0601 13.7063
 72 816 10.6714 -3.7324  9.1976
 96 816  7.8532 -5.0361 12.8142
120 816  7.0489 -7.0108  8.4599
144 816  5.0938 -6.8709  8.4090
168 816  2.1606 -5.1937 18.0810
192 816  1.1020 -4.2882 16.4373
216 816  0.8532 -6.2596 16.1482
240 816  0.5905 -6.3909 11.6203
264 816 -3.1471 -16.0965  9.8069
288 816 -2.0321 -15.0625 12.6072
312 816 -4.2839 -0.4926 12.1969
336 816 -3.9560  1.0369 18.3185
360 816 -4.0210  0.1376 19.7190
384 816 -1.4995 -0.2139 12.5594
408 816  1.0000  1.0000  6.5880
432 816 -8.8749  1.1510 14.3184
456 816 -6.6616 -1.8720 13.4929
480 816 -6.8241 -0.0857 13.5449
504 816 -0.1596  3.5990 13.0710
528 816 -0.1478  4.8536 15.6137
552 816 -0.9505  1.9917 15.4161
576 816 -1.0058  5.6034 12.0306
600 816 -1.6808  6.4363 16.9896
624 816 -1.6461  7.7251 13.8355
648 816  2.4032  2.9089 15.5103
672 816  4.1991 10.7435 12.9068
696 816  5.6293 10.9067 11.5897
720 816  1.8834  2.9529 14.0279
744 816  5.2239 10.6142 12.1865
768 816  7.0071  9.6557 16.2820
792 816  0.6613  3.1567  9.5412
816 816  3.2794  3.8129 14.1189
840 816  4.9182  2.1327 15.9654
864 816  5.9742  4.8181 14.7530
888 816  5.1673  3.3246 13.4650
912 816  6.5748  6.6523 15.3698
936 816  5.9452  7.0031 16.1638
960 816  6.9325 12.1100  9.1327
984 816  4.7222 -0.0139  7.8895
 24 840  0.0248  0.0054 11.6922
 48 840  5.1230 -7.9418  9.7079
 72 840  6.1541 -11.9282  7.3746
 96 840 -9.5866  6.8247 10.6374
120 840 19.4033 -21.0837 18.3432
144 840 -14.7366 10.9190  6.6533
168 840  2.8732 -5.2977 13.4734
192 840  1.8289 -4.9817 12.9607
216 840  1.8145 -5.0456 16.0440
240 840  0.7433  0.2381  9.9708
264 840 -12.0412 22.1473  6.7241
288 840 -1.2486 -14.8215  8.6524
312 840 -2.1280 -3.2309 10.7277
336 840 -2.8946  1.7062 15.3800
360 840 -4.0171 -0.1152 14.2063
384 840 -8.8236 -6.3470 17.8696
408 840 -8.2933 -7.1528 17.9399
432 840 -3.2330  0.0453  8.5075
456 840 -4.4221 -2.0548 14.4825
480 840 -6.7045 -0.3154 13.6481
504 840 -4.2212  1.2360 12.6934
528 840 -2.9494  6.1435 13.7196
552 840 -0.4809  4.2798 11.7449
576 840 -1.2590  5.4904 16.5319
600 840 -1.6798  6.3586 21.1674
624 840 -1.3164  4.7296 15.1714
648 840 -0.9302  4.1318 12.3552
672 840 -0.0047  6.9758 11.0964
696 840  5.3578 11.5832  9.0649
720 840  5.3248 13.3683 11.5150
744 840  2.7780  2.9513  7.2005
768 840  4.0213  7.2783 10.2363
792 840  5.8873  8.0524 10.8738
816 840  4.8927  9.3125 10.9367
840 840  2.8631  3.0146 13.4241
864 840  3.1017  3.4165 14.0329
888 840  6.2030  4.7189 16.2622
912 840  5.9245  5.6751 13.3719
936 840  5.8207  7.1281 16.8038
960 840  6.7052  9.5766 12.3770
984 840  4.6707  0.0549  7.7376
 24 864  0.0212  0.0048 12.3024
 48 864  1.0552 -9.9815 12.9840
 72 864  3.1266 -10.9026 11.6715
 96 864 -10.4077  7.4935 20.2403
120 864  5.0125 -3.2611  9.0499
144 864  4.8736 -3.1843 16.8901
168 864  5.0895 -6.4262 16.1660
192 864  7.4706 -5.2128 15.1317
216 864  7.3009 -4.1878 17.2763
240 864  5.6583 -3.3837  6.6481
264 864 -0.6452 -2.1445  7.6156
288 864 -4.1673 -6.7240  7.8417
312 864 -2.9215 -6.2162 14.1151
336 864 -1.1181 -13.0550  9.8426
360 864 -3.8847 -10.6155 16.3447
384 864 -7.4544 -8.2169 18.9888
408 864 -7.8680 -7.6877 16.9950
432 864 -6.2676 -10.9085 10.3267
456 864 -3.8675 -3.7380 13.8955
480 864 -5.4537 -1.3953 13.6306
504 864 -5.7135 -0.6457 14.1581
528 864 -3.0582  6.0476 12.8704
552 864 -0.8824  4.1723 20.6582
576 864 -0.8549  4.4828 17.7684
600 864 -1.6607  6.0391 14.0855
624 864 -2.8740  4.9573 14.6349
648 864 -2.1166  6.0420 14.2451
672 864  0.2382  7.0519 16.0741
696 864  0.8099  6.6700 11.0233
720 864  5.0400 12.8170 14.7700
744 864  6.7678 11.3842 12.1608
768 864  4.1376  8.9009 11.1489
792 864  3.6487  9.0746 14.9710
816 864  4.0913  8.9663 14.1301
840 864  4.1246  7.3186 13.0595
864 864  4.2447  3.9803 17.0573
888 864  5.8223  3.8997 19.7686
912 864  5.6668  4.3268 13.9318
936 864  6.6885  6.4093 12.8794
960 864  8.4051 10.3620 12.7315
984 864  4.7762  0.0470  8.0982
 24 888  0.0044 -0.0014 12.6920
 48 888  4.1760 -11.9998  8.1033
 72 888  4.2465 -10.1823 11.0895
 96 888  4.0455 -9.9907  8.5682
120 888  4.9129 -3.7168 12.1535
144 888  5.3796 -4.3680 13.1277
168 888  5.2716 -6.0821 10.7844
192 888 10.3898 -5.7450 13.4992
216 888 10.2817 -6.5573 12.9923
240 888 11.7308 -7.5203 12.2677
264 888 -0.1983 -2.1665  6.5037
288 888  0.9513 -11.3537  8.5108
312 888  0.0940 -5.9016 12.5786
336 888  1.1495 -5.9386 19.2192
360 888 -2.4604 -8.6930 16.4992
384 888 -3.8926 -8.8031  8.9980
408 888  0.5991  5.9883  6.6113
432 888 -6.0041 -11.0291 13.1354
456 888 -7.6558 -10.8337  9.4920
480 888 -7.0629 -3.0052 12.0020
504 888 -7.5456 -2.1328 12.9252
528 888 -3.6819 -0.9650 16.5995
552 888 -1.7978 -0.9519 19.0712
576 888 -1.2845  3.1873 12.3827
600 888 -4.1307  7.6221 10.1150
624 888 -2.3297  5.2224 13.7147
648 888 -0.6899  3.7280 12.6500
672 888  5.0450  6.5878 10.1385
696 888  7.2512  4.1957 10.8057
720 888  6.9835  2.2483  9.1788
744 888  7.9282 10.2546 13.6238
768 888  7.7375 10.2361 10.3008
792 888  3.1502  9.3789 17.6145
816 888  1.2129  9.0628 19.1825
840 888  4.6766  7.8530 12.7243
864 888  4.2587  1.8138 14.1315
888 888  5.1462  0.8117 16.9019
912 888  4.9610  1.8284 12.2022
936 888  4.4818  3.1982  9.4547
960 888  8.9081  9.1489  9.5963
984 888  4.8459  0.0741  8.3878
 24 912  0.0180  0.0088 12.5254
 48 912  6.6928 -9.2739 15.6458
 72 912  6.7649 -9.8084 23.7245
 96 912  6.5304 -10.3141 16.7878
120 912  6.9849 -10.0010 13.5653
144 912  7.2331 -6.4327 13.4674
168 912  7.0764 -5.7336  9.5036
192 912 -10.0604  7.2909 11.1422
216 912 -8.7012  6.8191 11.0943
240 912 10.9544 -7.4055  9.9184
264 912  1.9617 -17.7869  8.9146
288 912  1.0876 -17.3409 19.2337
312 912  2.1679 -8.8672 12.5106
336 912  3.1857 -6.2565 19.9339
360 912  2.0708 -6.3765 13.0180
384 912  0.1865 -7.8427 11.5730
408 912  1.0828  0.8291  9.8926
432 912 -3.3196 -12.0211 13.1559
456 912 -5.4689 -12.2199 13.3880
480 912 10.8904  9.8477  5.2317
504 912 -6.5459 -4.1588 15.7120
528 912 -4.0010 -1.3719 19.1535
552 912 -2.6933 -0.1663 14.2808
576 912 -8.2775  4.4961  7.8504
600 912 -7.2230  4.3584 11.6958
624 912  0.3066  4.5847 11.9773
648 912  1.0141  3.5240 15.2560
672 912  5.7720  6.0976 10.6931
696 912  7.1514  5.1588 11.0357
720 912  3.8808 -4.0505 10.8835
744 912  3.8573 -3.1013  9.6958
768 912  7.7787 10.6849 10.3302
792 912  5.7111 13.1968 10.7096
816 912  4.8564  8.6645  7.9871
840 912  5.6017  3.0355 11.9169
864 912  4.3470 -0.0080 14.2619
888 912  5.1150 -0.2907 21.6075
912 912  3.9640  0.2909 15.2911
936 912  5.1163  0.9758 12.7992
960 912  5.7819  1.4696  9.6678
984 912  4.7866 -0.0390  8.4299
 24 936  0.0216  0.0013 12.4112
 48 936  6.1524 -9.4154  9.6164
 72 936  6.2747 -9.5954 12.5064
 96 936  6.2127 -10.4137 10.1285
120 936  6.4266 -10.3122  8.2067
144 936  0.9619 -5.2509 10.8910
168 936  1.8611 -3.9909 14.9357
192 936  3.5706 -4.4392 10.4213
216 936 -8.6870  7.7027  9.1580
240 936  6.5143 -10.2110  6.4843
264 936 -21.9234 23.6340  7.6946
288 936  1.0922  8.1648  8.1093
312 936  0.4479 -10.0208 14.9493
336 936  6.3825 -5.3358 16.3223
360 936 27.3966 22.2139  8.6104
384 936 -17.3055 -17.2234 12.7232
408 936  0.0542 -7.0092  9.7504
432 936 -5.2972 -8.1817 10.1595
456 936 -7.9965 -10.1160 15.5535
480 936 -8.0523 -10.3531 14.7954
504 936 -5.0340 -3.9091 16.0897
528 936 -8.8806  0.0810  8.9774
552 936 -11.7021  4.9707 18.3606
576 936 -6.3743  6.9350 10.1199
600 936 -7.6061  3.3079 10.7747
624 936 -1.2852  3.5982 13.5773
648 936  0.1248  5.0818 16.1328
672 936  3.5820  6.7634 13.3158
696 936  4.0886  5.5559 13.8652
720 936  2.4292 -2.6529  7.7171
744 936  3.9152 -2.7746 10.2411
768 936  5.8615  9.2216 11.2891
792 936  4.2571 12.3655 14.5388
816 936  7.3860  5.8856 11.7003
840 936  9.0253  5.3518 14.2609
864 936  7.1918  1.9125 11.4235
888 936  6.9228 -0.3220 14.8321
912 936  7.2719  0.0936 14.5315
936 936  5.2942  0.0945 12.1444
960 936  8.0004  0.9196 12.4137
984 936  4.7822 -0.0903  7.5195
 24 960  0.0008 -0.0057 12.5952
 48 960 -1.7606 -5.5953 12.4060
 72 960  1.2062 -12.0313 17.2220
 96 960  1.6720 -11.9477 18.9776
120 960  2.1565 -8.5254 14.5542
144 960  2.2066 -6.2597 16.8163
168 960  3.0657 -5.0718 15.9967
192 960  3.4756 -6.1908 18.7797
216 960  2.4061 -6.7235 17.5731
240 960 -0.0506 -8.1312 10.9613
264 960  0.9208 -7.8878 11.5929
288 960 -12.2146 -17.2371  6.9442
312 960 -6.1313 -10.0822  8.5886
336 960 -2.9438 -11.0054  8.2419
360 960 -15.4434 -32.2713 14.3692
384 960 -17.1656 -30.3297 12.4953
408 960  2.7783 14.6468  9.3636
432 960 -12.8857 -7.1063  8.8004
456 960 -13.8078 -8.6933 13.1650
480 960 -14.5858 -9.1077 16.0004
504 960 -13.8304 -11.2330  7.7802
528 960 -3.2327 10.9617  9.5472
552 960 -4.8381  6.5341  9.8031
576 960 -5.9960  8.0771 10.8609
600 960 -4.9344  3.9245 14.2292
624 960 -2.7797  4.6301 14.6934
648 960 -0.0519  4.6483 14.2234
672 960  2.2243  5.6503 12.7281
696 960  5.5293  5.8646 12.8307
720 960  7.3687  2.4500 10.6965
744 960  6.5075 -0.2652  9.9163
768 960  4.0559  2.8441 11.1658
792 960  6.6266  9.1988 10.6538
816 960  7.0889  4.5421 17.4458
840 960  7.1329  3.6005 15.5391
864 960  7.7598  0.2615 14.9928
888 960  7.1892  0.5172 14.4769
912 960  7.1119  0.8455 17.2673
936 960  5.0431 -0.9651 11.1368
960 960  7.3169 -0.2626 11.5031
984 960  4.8282 -0.1190  7.1920
 24 984  0.0065  0.5121 13.5921
 48 984  0.0327  0.5631 11.0442
 72 984 -0.0048  0.5621 10.9867
 96 984  0.0438  0.5915 11.0791
120 984  0.0074  0.6186 11.2964
144 984 -0.0288  0.5872 10.5196
168 984  0.0647  0.6336 11.1864
192 984  0.0219  0.6248 11.0076
216 984  0.0097  0.6089  9.4967
240 984  0.0562  0.6208 10.6170
264 984 -0.0396  0.5909 11.2632
288 984  0.0158  0.5812 11.1641
312 984  0.0447  0.5952 11.0853
336 984 -0.0363  0.6068 11.1746
360 984 -0.0043  0.6280 11.3143
384 984  0.2713  0.6488 11.1087
408 984  0.1875  0.5282 10.0843
432 984 -0.0210  0.5079 10.5276
456 984 -0.0449  0.5456 10.9383
480 984 -0.0142  0.5501 10.8535
504 984  0.0043  0.6192 11.2079
528 984 -0.0423  0.6140 10.9634
552 984 -0.0349  0.5951 10.6581
576 984 -0.0338  0.5563 10.7086
600 984 -0.1342  0.5450 10.9547
624 984 -0.1088  0.6167 11.1306
648 984 -0.0051  0.6183 11.0679
672 984  0.0327  0.5864 11.0576
696 984  0.0111  0.6423 11.3284
720 984  0.0705  0.6589 11.2682
744 984  0.1695  0.6560 11.1760
768 984  0.1732  0.5842 10.9750
792 984  0.0507  0.5554 10.7974
816 984  0.0350  0.6041 10.6514
840 984  0.0107  0.5827 10.3288
864 984  0.0200  0.5835 10.8184
888 984 -0.0396  0.5759 10.8023
912 984  0.0884  0.5364 10.8253
936 984  0.2564  0.5507 10.9873
960 984  0.1878  0.5792 11.3108
984 984  4.7477  0.4655 10.8420
