 24  24 -0.0068 -0.8707 14.1545
 48  24  0.0038 -0.8109 10.7118
 72  24  0.0252 -0.6666 10.2714
 96  24 -0.0549 -0.7164 10.3883
120  24 -0.0747 -0.7050 10.2169
144  24 -0.0562 -0.7659 10.5183
168  24 -0.0362 -0.7944 10.8033
192  24 -0.0142 -0.7386 10.6304
216  24 -0.0603 -0.8871 10.9828
240  24 -0.1355 -0.9746 11.1277
264  24 -0.1190 -0.7807 10.6305
288  24 -0.1214 -0.6559 10.4356
312  24 -0.0970 -0.7294 10.8742
336  24 -0.0722 -0.7739 10.9192
360  24 -0.0335 -0.8046 10.4727
384  24  0.0488 -0.9710 10.9679
408  24  0.0476 -0.8929 11.0148
432  24 -0.0034 -0.7914 10.4366
456  24  0.0043 -0.7689 10.5339
480  24  0.0646 -0.6582 10.5233
504  24  0.0996 -0.6197 10.0251
528  24  0.0644 -0.4810 10.1324
552  24  0.0386 -0.5529 10.8937
576  24  0.0460 -0.6567 10.5505
600  24  0.0448 -0.4639 10.0417
624  24  0.0297 -0.6524 10.3857
648  24 -0.0191 -0.8837 10.7794
672  24 -0.0427 -0.8890 10.4828
696  24 -0.0650 -0.8153 10.7694
720  24 -0.0068 -0.7191 10.2358
744  24  0.0380 -0.8609 10.4251
768  24 -0.0396 -0.9404 11.0822
792  24 -0.0503 -0.7263 10.5259
816  24 -0.0433 -0.5839  9.9127
840  24 -0.0038 -0.5867 10.0343
864  24 -0.0132 -0.6778 10.3048
888  24 -0.0079 -0.8322 10.7765
912  24 -0.0607 -0.8070 10.7469
936  24 -0.1128 -0.6962 10.5809
960  24 -0.1210 -0.8117 10.6773
984  24  0.3977 -0.8070 10.9378
 24  48 -0.0275 -0.0132 12.8072
 48  48 -3.1112  0.3551 13.0561
 72  48 -2.1948  2.2736 15.6821
 96  48 -3.8062  4.6426 15.1150
120  48 -5.7590 -1.5274 12.0995
144  48 -4.4341 -1.9386 12.8496
168  48 -9.4233 -4.8357 10.8028
192  48 -8.2616 -4.8389 10.4489
216  48 -5.1741 -0.7517 15.2624
240  48 -4.0651  0.1248 16.4998
264  48 -3.3555  1.5806 18.0365
288  48 -1.9436  3.0318 15.1692
312  48 -3.8241 -0.4440 16.2454
336  48 -4.5385  0.1158 18.1846
360  48 -4.0684  0.1594 16.5880
384  48 -2.6662 -3.0371 12.4823
408  48 -1.7036 -3.2486 14.6962
432  48 -1.2956 -2.6036 13.0377
456  48  0.0104 -1.1987 12.2816
480  48  4.4486 -0.4430 14.2930
504  48  4.2986 -4.5485 14.9229
528  48  1.1416 -0.2635 12.8477
552  48  0.4014  0.3274 15.2989
576  48  0.8306 -2.3072 14.9378
600  48  4.0104 -5.3761 11.3010
624  48  4.7624 -9.7462 10.6619
648  48  2.9471 -7.8701  9.9113
672  48 -1.3793 -5.7453 12.1753
696  48 -4.0104 -3.0749  9.3401
720  48 -9.7338 -6.2375 10.2703
744  48 -9.6457 -5.4129 11.4164
768  48 -7.9019  2.8020 11.2411
792  48 -5.2231  4.6344  9.5432
816  48 -3.8251  5.0006 12.6821
840  48 -0.1645  1.8418 11.8702
864  48 -2.3038  0.1774 14.3377
888  48 -2.7706 -0.5222 18.3931
912  48 -2.9051 -0.0897 18.7619
936  48 -1.7591 -4.8108 17.3905
960  48 -1.2286 -5.9309 17.3238
984  48  0.3513 -0.1445  7.4318
 24  72 -0.0164  0.0063 12.6807
 48  72 -2.5958  2.0849 14.5360
 72  72 -2.2364  3.2702 17.3802
 96  72 -2.9710  3.3048 20.4528
120  72 -4.1539  0.3237 13.3712
144  72 -6.6277 -1.0539 19.8081
168  72 -6.4130 -0.5956 13.6092
192  72 -7.9739 -3.9695 13.1340
216  72 -5.2753 -1.3583 12.0774
240  72 -4.8552  0.4102 15.8868
264  72 -4.0810  2.3658 20.1026
288  72 -3.4485  2.2540 17.6064
312  72 -3.5148  0.9927 14.5739
336  72 -3.9569  0.7641 17.5350
360  72 -3.2491  1.0434 18.3478
384  72 -1.7380  0.1900 11.9327
408  72 -1.6819 -3.2358 14.6613
432  72 -1.6299 -2.3694 15.4704
456  72 -1.3534 -2.3163 18.2067
480  72  0.0324 -2.9521 14.1006
504  72  2.8862 -4.1480 14.7354
528  72  0.4361 -2.8755 15.6501
552  72  0.5363 -2.4172 15.7222
576  72  1.0806 -4.2816 17.3420
600  72  4.0830 -7.0755 14.8016
624  72  3.2590 -8.2134 11.0820
648  72 -2.6077 -7.3093 12.8272
672  72 -3.2854 -6.1876 10.4219
696  72 -7.2061 -1.9383 14.1122
720  72 -7.2625 -6.4581 12.0868
744  72 -7.1254 -6.5203 11.0462
768  72 -4.6937  2.1060  9.8334
792  72  0.5685  1.6587 12.4512
816  72  2.7769  1.2219 13.0914
840  72  2.6040  1.9760 12.5769
864  72 -2.1175 -0.1744 13.2134
888  72 -1.7973 -0.0404  8.8678
912  72  4.7317 -0.3347 10.8851
936  72  5.0337 -0.0372 10.7019
960  72 -2.6976 -4.2738 12.7942
984  72  4.7070 -0.0275  7.4832
 24  96  0.0250  0.0535 11.7797
 48  96 -1.5332  4.4264 13.5130
 72  96 -2.0544  3.4848 17.2242
 96  96 -2.8933  3.4062 16.0274
120  96 -3.8370  2.5559 15.1726
144  96 -7.0596 -0.9366 13.3571
168  96 -6.9082 -2.1704 15.4638
192  96 -7.0927 -2.8611 15.4528
216  96 -7.0019 -2.3827 14.1699
240  96 -3.7813  1.7552 12.8287
264  96 -3.8471  3.1805 17.4805
288  96 -2.5481  3.2943 14.4702
312  96 -1.6786  1.9952 12.2158
336  96 -1.7426  2.1245 18.6817
360  96 -0.3572  1.4617 16.0251
384  96 -0.1729 -1.1201 15.7898
408  96 -0.6586 -1.6879 17.1662
432  96 -1.5025 -1.0307 18.0963
456  96 -0.8577 -3.8282 13.9763
480  96 -0.6366 -4.8107 18.5073
504  96  1.7520 -3.8404 13.9729
528  96  0.6213 -2.4530 13.6649
552  96 -0.6468 -1.8939 13.9411
576  96 -0.0697 -4.1300 13.6590
600  96  0.5791 -5.6778 14.3011
624  96  0.1677 -6.7988 10.1158
648  96 -1.7311 -7.2170 10.5597
672  96 -4.8436 -2.3297 12.1690
696  96 -6.0868 -1.4097 13.9568
720  96 -5.2588 -4.5326 11.8288
744  96 -5.3192 -4.6678 14.5117
768  96 -2.1170 -0.0147 11.0181
792  96  1.0908  1.7978 12.2441
816  96  3.2405  1.9146 14.7947
840  96  5.6208 -0.1638 13.7051
864  96  5.0804 -2.0818 12.5468
888  96  3.8319 -2.0077 13.6360
912  96  4.1818 -0.5736 15.3866
936  96  1.8753 -0.1759 13.4950
960  96 -0.5300 -4.2950 14.3141
984  96  4.7259 -0.0757  7.8535
 24 120  0.0134  0.0705 12.1984
 48 120 -0.2091  5.6520 14.7002
 72 120 -1.8060  3.4046 14.0540
 96 120 -3.2841  3.4918 17.2444
120 120 -4.9086  3.0372 15.7377
144 120 -6.3122 -1.1640 10.4798
168 120 -6.6646 -3.2616 15.5803
192 120 -6.2244 -2.3372 13.8769
216 120 -6.6866 -2.6263 15.9736
240 120 -3.8122  1.1823 12.5446
264 120 -2.9792  4.3103 22.7033
288 120 -1.8601  3.0661 17.1198
312 120 -0.9994  2.3134 16.0475
336 120 -1.2283  2.7179 20.6600
360 120 -1.7297  0.1291 15.5029
384 120 -1.6525 -0.6511 18.9423
408 120 -1.7137 -0.2602 16.4110
432 120 -0.3699  0.6398 14.2905
456 120 -2.5056 -3.5432 14.4565
480 120 -2.6231 -3.9666 19.9701
504 120 -0.3136 -3.2740 16.2352
528 120 -0.6620 -1.8763 13.6826
552 120 -2.2756 -0.9697 15.7778
576 120 -1.4995 -3.0732 16.7467
600 120 -0.1293 -4.3972 15.1270
624 120 -1.1568 -6.9722 12.1580
648 120 -0.6622 -3.2751 11.6500
672 120 -2.0244 -0.4800 14.6365
696 120 -1.1789 -0.1361 13.7304
720 120 -3.0760 -2.0645 11.3766
744 120 -3.7530 -1.8267 13.1723
768 120 -0.4215 -0.8077 13.0961
792 120  1.7945 -0.5055 17.5977
816 120  4.3285 -0.3484 14.8303
840 120  5.3038 -0.3480 15.6283
864 120  5.3966 -1.9578 12.0600
888 120  1.6324 -1.4106 13.9721
912 120  0.8136 -0.2481 13.8243
936 120 -0.0125  0.3025 15.1859
960 120 -0.8434 -3.8847 13.0481
984 120  4.6611 -0.1271  7.5078
 24 144  0.0283  0.0526 11.9341
 48 144 -1.4755  5.2682 12.4773
 72 144 -3.9995  4.2823 14.7740
 96 144 -4.8698  4.0342 17.1428
120 144 -2.0290  0.7604 11.8996
144 144 -0.3167 -0.0575 14.2824
168 144 -4.9960 -4.3886 13.7607
192 144 -5.5635 -3.3770 11.8704
216 144 -5.6732 -1.9585 12.5371
240 144 -5.7399 -1.5757 13.6079
264 144 -2.5784  0.0412 15.9292
288 144 -2.0985  0.2242 17.3711
312 144 -1.7180  1.9466 15.0981
336 144 -1.5180  2.4447 12.1807
360 144 -2.7699 -0.4354 15.6656
384 144 -2.1479 -0.6254 17.0109
408 144 -1.3188 -0.0429 19.3730
432 144 -0.1130  0.6157 16.6382
456 144 -2.2183 -2.7864 14.6582
480 144 -3.2952 -3.8423 18.6391
504 144 -3.0290 -2.2605 16.7135
528 144 -2.1863 -0.1054 15.5532
552 144 -1.5077 -0.2202 17.2790
576 144 -1.0977 -2.8689 16.3319
600 144 -0.7351 -3.4243 12.7349
624 144 -2.0549 -4.9395 10.8314
648 144 -0.9126 -3.9236 12.9498
672 144 -0.1967 -1.2060 14.5888
696 144 -0.0195  0.0358 18.1312
720 144 -0.0387 -0.2391 17.5925
744 144 -0.1636 -0.6940 17.4701
768 144  0.8545 -0.6968 14.4006
792 144  1.7536 -0.4060 15.6472
816 144  3.7303 -1.2704 13.7997
840 144  4.9271 -0.9847 12.2719
864 144  4.8979 -0.5736 12.1055
888 144  0.8695 -0.4728 13.5968
912 144  0.8684 -0.1809 13.8057
936 144  0.4870 -0.1652 16.5229
960 144 -0.1384 -0.6822 13.0470
984 144  4.6913 -0.1629  7.5965
 24 168  0.0365  0.0931 11.6364
 48 168 -3.0622  6.6906 13.4488
 72 168 -4.0608  4.5866 17.0252
 96 168 -4.0715  2.7486 13.4735
120 168 -2.1190 -0.2834 16.9351
144 168 -0.2367 -0.3051 16.6133
168 168 -2.1308 -3.8861 19.0268
192 168 -2.4161 -3.9443 14.0713
216 168 -4.1835 -2.2187 13.4818
240 168 -4.1495 -1.4635 14.8612
264 168 -4.6084 -1.2608 18.0339
288 168 -4.7340 -1.0957 16.2297
312 168 -4.1544  0.0304 19.2221
336 168 -2.9439 -0.3971 21.3805
360 168 -2.5813 -1.0854 14.4297
384 168 -1.3643 -0.6682 14.2044
408 168 -1.1452 -0.1992 17.0429
432 168 -0.3568  0.0548 18.0305
456 168 -0.7741 -1.0080 16.9441
480 168 -0.8438 -1.3795 14.5542
504 168 -1.2808 -0.9875 13.3140
528 168 -1.1648  0.0915 13.4965
552 168  0.4542  0.0095 15.9892
576 168  0.6215 -1.7377 17.8323
600 168  1.0845 -2.5969 13.3014
624 168  0.0195 -4.8439 11.2713
648 168  0.5328 -2.9943 11.3032
672 168  0.3154 -0.3661 11.9640
696 168  1.0718  1.1565 13.9028
720 168  1.6250  0.4222 17.2965
744 168  1.6421 -0.0828 17.2311
768 168  1.7999 -0.2654 18.9583
792 168  2.3623 -0.5260 16.0544
816 168  3.0999 -1.6017 16.1915
840 168  4.2809 -1.2886 13.9209
864 168  5.5075 -0.8534 14.7169
888 168  5.2649 -0.5202 10.8899
912 168  3.6843 -0.2789 11.7883
936 168  3.1653 -0.6335 15.3084
960 168  0.4344 -1.0874 12.9240
984 168  4.8091 -0.1230  8.0677
 24 192 -0.0180  0.0816 11.9015
 48 192 -4.8339  6.2087 15.9644
 72 192 -4.1594  4.3484 10.7265
 96 192 -2.9634  0.2613 10.9078
120 192 -4.3855 -0.7743 15.3600
144 192 -3.9428 -1.9015 11.1858
168 192 -2.4208 -4.1732 16.1420
192 192 -3.2603 -3.8741 18.0881
216 192 -4.7879 -2.9613 18.2235
240 192 -4.2622 -1.0615 17.9942
264 192 -4.5202 -0.7133 18.2706
288 192 -4.1793 -1.0176 15.5906
312 192 -4.1313 -0.3520 18.8922
336 192 -3.0793 -0.4087 24.9819
360 192 -2.2322 -1.7307 20.7096
384 192 -1.0653 -1.1999 17.9767
408 192 -2.1691 -0.5034 17.0155
432 192 -3.0553 -0.4558 16.0828
456 192 -3.6453 -0.9143 15.5969
480 192 -0.9628 -0.9558 17.7084
504 192 -1.3300 -2.9626 17.5448
528 192 -1.0412 -2.0579 16.0137
552 192  0.4911 -0.4365 14.4817
576 192  0.7260 -0.9167 15.0616
600 192  0.9908 -2.0391 17.0351
624 192  1.2500 -3.7122 12.8034
648 192  1.1589 -0.8056 15.5545
672 192  0.1560  0.4333 13.7076
696 192  0.9244  1.9836 14.7959
720 192  1.8975  1.4990 17.5619
744 192  2.0774  0.1717 18.1125
768 192  1.8858 -0.1303 16.4135
792 192  1.3844 -0.4731 15.5905
816 192  3.6114 -1.5345 13.9596
840 192  6.9151 -0.1847 14.3183
864 192  9.5374 -2.0533 14.3831
888 192  9.9482 -1.7708 10.2883
912 192 10.4057 -1.8918 11.2392
936 192  5.2582 -2.0832 10.7380
960 192  4.3933 -0.8246 13.7697
984 192  4.7945 -0.0583  8.1547
 24 216 -0.0385  0.1096 11.7801
 48 216 -8.6710  5.0326 11.8895
 72 216 -8.4999  1.9237 13.3764
 96 216 -8.1290  0.5042 14.1125
120 216 -5.4986 -1.3808 17.2167
144 216 -4.1185 -2.8801 15.5642
168 216 -5.3443 -4.9128 19.0756
192 216 -4.9876 -4.2572 14.8396
216 216 -5.4094 -2.9398 15.7643
240 216 -5.9059 -0.7200 15.7913
264 216 -5.1351 -0.1556 14.1426
288 216 -4.6130 -0.1550 14.5404
312 216 -4.7947 -0.7029 13.7893
336 216 -6.3397 -2.7329 14.5752
360 216 -0.4027 -0.0469 14.8873
384 216 -4.6116 -0.8489 14.1395
408 216 -3.2293 -1.0649 17.2126
432 216 -3.8603 -1.4199 16.6045
456 216 -4.3442 -0.9617 18.4374
480 216 -3.4397 -1.1496 16.8826
504 216 -2.9274 -3.8775 15.3678
528 216 -2.2027 -2.3706 13.6041
552 216 -1.5203 -0.2624 13.2987
576 216 -0.1307 -0.5791 13.6170
600 216  0.1398 -2.1236 16.9769
624 216  0.1997 -3.4023 16.6256
648 216  0.1978 -0.3256 12.8174
672 216 -1.0779  2.0582 15.8851
696 216 -0.3077  1.6031 13.3287
720 216  0.2070  0.1002 11.6381
744 216  1.9307  0.2652 15.8421
768 216  2.1090  0.0764 17.2882
792 216  1.7988 -0.4762 15.2719
816 216  3.4747 -1.9772 14.6639
840 216  7.3003 -0.0585 11.5274
864 216  5.9411 -1.0860  9.1657
888 216  6.2341 -0.3681  9.7764
912 216 10.7971 -2.1515 11.8724
936 216  8.9399 -2.8069 11.9122
960 216  5.4618 -2.9116 16.9451
984 216  4.6975 -0.0781  7.8161
 24 240 -0.0302  0.0530 12.3653
 48 240 -8.8558  5.1878 12.4030
 72 240 -6.2536  1.6493 13.2291
 96 240 -5.2511 -0.0025 14.4305
120 240 -4.9955 -1.4161 17.4702
144 240 -4.0742 -2.3929 15.9599
168 240 -4.2602 -4.0965 14.8213
192 240 -4.0716 -3.6620 17.2066
216 240 -5.6288 -1.8665 16.6153
240 240 -6.1053 -0.5437 16.7663
264 240 -5.4757 -0.1269 13.9229
288 240 -5.0510 -0.1551 14.6360
312 240 -4.3744 -0.8346 14.1633
336 240 -4.6338 -3.9694 17.3076
360 240 -4.1850 -0.3268 15.2803
384 240 -5.3822 -0.3911 17.5779
408 240 -4.2244 -1.5157 13.5245
432 240 -3.8024 -1.3609 14.7420
456 240 -4.4105 -0.7317 16.4334
480 240 -3.6868 -0.5349 17.0035
504 240 -2.8973 -1.7103 15.0954
528 240 -2.8412 -0.8116 14.1432
552 240 -2.2732  1.1754 12.2548
576 240 -2.5725  0.6790 14.1545
600 240 -0.6768 -2.5568 16.8435
624 240 -0.8060 -3.1164 16.5487
648 240 -0.9752 -1.3523 10.8470
672 240 -1.0929  2.1350 14.3196
696 240  1.1321  1.2309 11.7501
720 240  1.4882 -0.6853 14.9239
744 240  1.9670 -0.1461 17.0972
768 240  2.9475 -0.1515 17.3268
792 240  4.3375  0.1231 14.3210
816 240  1.6924 -1.1639 13.7808
840 240  0.9144 -1.3740 16.7319
864 240  1.3336 -1.1242 14.0848
888 240  3.1175 -1.9543 12.9564
912 240  5.4296 -2.9668 11.7225
936 240  7.7913 -1.7244 14.7334
960 240  5.8079 -2.1761 13.4021
984 240  4.7546 -0.1288  7.7641
 24 264 -0.0045 -0.0098 11.6604
 48 264 -3.8933  0.0844 10.6518
 72 264 -3.1807  0.1657 16.0226
 96 264 -3.7756  0.2247 15.6442
120 264 -4.1636 -0.4702 18.0393
144 264 -3.2235 -2.2324 15.6539
168 264 -4.1889 -5.0672 16.2802
192 264 -3.2469 -3.1308 18.0646
216 264 -3.1519 -2.0008 17.0204
240 264 -2.2645 -1.3281 17.7017
264 264 -2.8775 -1.6855 14.5564
288 264 -3.8689 -0.4654 16.8614
312 264 -3.9531 -0.4652 16.1045
336 264 -4.0287 -0.4226 14.6687
360 264 -3.6692 -2.1894 15.3402
384 264 -3.0245 -1.8882 14.9240
408 264 -2.9734 -1.9441 16.5266
432 264 -3.3096 -1.8797 13.0025
456 264 -4.8968 -1.2277 13.0327
480 264 -3.0241  1.1691 14.9013
504 264 -2.5184  0.8127 15.6852
528 264 -2.7924  0.5327 17.9336
552 264 -3.0622  1.6843 18.3003
576 264 -2.7923  1.2928 13.5190
600 264 -1.6215 -1.5399 13.1507
624 264 -1.9604 -1.8826 16.6675
648 264 -2.8539 -1.4575 16.0621
672 264 -2.8916 -1.2727 14.7314
696 264 -0.2903 -1.5681 11.5375
720 264  1.7444 -0.8679 18.1825
744 264  0.8692 -0.2689 17.4798
768 264  0.7890 -0.0724 16.5793
792 264  4.2818  1.5186 13.4131
816 264  0.0934  0.7455 12.7780
840 264  0.7351 -1.1554 19.5039
864 264  1.5182 -1.2571 16.0984
888 264  2.2096 -2.9548 14.9688
912 264  3.0404 -3.8500 13.4588
936 264  5.6715 -1.2362 10.5186
960 264  3.8417 -1.1955 12.2048
984 264  0.4380  0.0628  7.2669
 24 288 -0.0159  0.0202 12.2469
 48 288 -3.7220  0.0733 14.1840
 72 288 -3.2292  0.1692 15.9331
 96 288 -1.8571 -0.2534 17.0661
120 288 -1.9275 -0.7498 18.1792
144 288 -1.6353 -1.8464 19.0433
168 288 -4.7291 -4.4582 10.0649
192 288 -1.4015 -2.2426 11.6037
216 288 -1.2052 -3.0828 17.6444
240 288 -0.9302 -2.6173 17.6934
264 288 -1.8833 -1.2515 13.2552
288 288 -2.9982 -0.3570 14.2304
312 288 -2.6481 -0.5639 16.2823
336 288 -1.7573 -0.9622 22.5027
360 288 -3.0199 -1.8490 15.6585
384 288 -1.9985 -1.2726 16.3374
408 288 -3.0956 -1.5770 16.9921
432 288 -3.4619 -1.7219 16.0366
456 288 -3.2359 -0.3565 15.1948
480 288 -2.9637  0.9867 15.1525
504 288 -2.1732  2.4843 13.7795
528 288 -2.0266  1.9282 15.3738
552 288 -3.8097  1.4414 19.5080
576 288 -3.1834  1.1586 15.4766
600 288 -1.1487  0.2441 15.5097
624 288 -2.5010 -0.2815 15.6928
648 288 -2.6083 -0.9574 14.3160
672 288 -1.7186 -3.5457 12.5683
696 288 -0.2872 -3.5485 14.4925
720 288  0.3755 -1.0863 13.8169
744 288 -0.1916  0.6350 21.2360
768 288 -0.2593  0.8326 22.1722
792 288  0.7905  1.5510 15.1441
816 288 -0.1775  2.0382 14.6690
840 288 -0.2906 -0.4488 16.0999
864 288  0.4245 -1.1656 17.2185
888 288  1.4168 -1.7380 15.4713
912 288  2.0780 -3.9381 12.7882
936 288  1.4693 -0.9810 12.7634
960 288  0.2231 -0.5356 12.6745
984 288  4.7121 -0.1112  7.6569
 24 312 -0.0115 -0.0351 12.6804
 48 312 -0.2241 -0.8280 15.2656
 72 312 -0.7630 -0.3194 11.6653
 96 312 -1.6285 -0.9485 15.9808
120 312 -1.4845 -0.0190 13.6821
144 312 -1.3283 -1.0395 12.0133
168 312 -1.3516 -11.2506  8.9548
192 312 -1.0082 -11.3658 11.2891
216 312 -1.8581 -5.1043 13.8458
240 312 -1.2652 -3.9343 14.8620
264 312 -1.6161 -1.9089 16.0486
288 312 -2.2114 -1.1275 15.2489
312 312 -2.1500 -1.0621 15.4619
336 312 -1.8905 -1.2503 17.7597
360 312 -2.5026 -1.3439 17.4939
384 312 -3.9044  0.0620 13.5328
408 312 -3.4007 -0.4713 13.9767
432 312 -4.0476 -1.4192 16.7984
456 312 -5.1247 -1.5564 17.3789
480 312 -4.6468  0.6055 16.6570
504 312 -4.0440  1.7241 18.3662
528 312 -0.9290  3.1516 16.0861
552 312 -3.3762  1.7653 21.4677
576 312 -2.7165  1.7276 20.3490
600 312 -0.5607  1.6131 14.1968
624 312  2.6528  0.1558 14.5805
648 312  0.3570 -0.3123 15.0518
672 312  0.0993 -1.7979 12.9445
696 312  0.2779 -2.1378 14.9558
720 312  3.7051 -0.1949 10.0456
744 312  6.1562  3.7570 17.5496
768 312  4.1491  1.3704 16.7046
792 312  2.5308  0.7262 13.3829
816 312 -0.3889  3.0440 13.2634
840 312 -0.2334 -1.4503 12.5619
864 312  0.8151 -2.3972 14.3220
888 312  2.0794 -2.1507 12.5858
912 312  0.3697 -3.4153 12.7470
936 312 -0.1745 -2.1153 12.4835
960 312 -2.6106 -0.1319 14.3826
984 312  4.8190 -0.0597  8.3072
 24 336  0.0113 -0.0542 11.9765
 48 336  0.2939 -1.4476 13.1057
 72 336  1.0349 -0.4121 14.8569
 96 336  0.3915  0.0474 17.7946
120 336 -0.7017  1.0526 15.9561
144 336 -0.4180 -0.0830  9.8266
168 336 -0.2354 -6.3671 11.1113
192 336 -1.6152 -6.1552  9.0090
216 336 -4.8013 -4.7636 12.2613
240 336 -4.1396 -3.1910 16.0248
264 336 -2.3435 -1.4814 14.6551
288 336 -2.4827 -1.1821 19.0429
312 336 -3.2719 -1.9472 15.7235
336 336 -5.5943 -0.7329 13.4558
360 336 -6.3605 -0.3402 21.9028
384 336 -4.9431 -0.3296 15.9712
408 336 -4.9987 -0.0358 16.6121
432 336 -5.4506 -1.8275 16.9570
456 336 -5.7294 -2.0981 17.9420
480 336 -5.2651  0.4911 18.1467
504 336 -4.8304  1.5783 20.1406
528 336 -1.4280  7.8624  7.7106
552 336 -0.7807  2.5798 17.9739
576 336 -0.1187  2.0081 19.3158
600 336  0.4720  2.0937 19.1041
624 336  2.1254  1.8610 16.6181
648 336  2.2727  0.7658 13.4558
672 336  1.0757  0.0498 17.3422
696 336  1.4226  0.2580 16.5854
720 336  5.2045 -1.0123 14.6863
744 336  6.2986  3.8221 17.6029
768 336  5.1376  2.4557 16.0431
792 336  3.4964  3.1152 14.2013
816 336  3.6546  4.1725 14.5051
840 336  5.6192 -0.0931 11.2756
864 336  5.7786 -0.5737 12.2438
888 336  6.1371  0.9157 13.6288
912 336  4.6333 -0.4913 10.5481
936 336  0.3632 -1.3973 11.7806
960 336  0.1350 -0.7589 14.5131
984 336  4.7140 -0.1093  8.0388
 24 360 -0.0201 -0.0235 11.9329
 48 360 -2.1133 -0.2437 12.9743
 72 360  0.0083 -0.2116 16.1278
 96 360  1.0031  0.0598 18.5912
120 360  0.2637  0.5792 13.6546
144 360  1.1442 -3.9601 11.4640
168 360  0.2142 -4.8163 14.0613
192 360 -1.6385 -3.9690 12.1510
216 360 -4.9337 -4.2142  9.4690
240 360 -4.4029 -2.5135 13.3325
264 360 -2.4334 -1.8457 12.2746
288 360 -2.1190 -1.4887 12.7596
312 360 -4.3122 -0.5016 12.6073
336 360 -6.1950 -0.0961 14.8134
360 360 -6.1859 -0.0568 21.2809
384 360 -4.2188 -0.9703 18.9336
408 360 -3.4997 -1.3957 18.9108
432 360 -2.9753 -1.5399 19.1737
456 360 -4.2823 -1.7720 19.1551
480 360 -6.1455  0.3655 18.6213
504 360 -7.2455  0.4875 19.3895
528 360  4.0895  3.2804 10.3613
552 360  3.4538  2.6959 16.7782
576 360  1.5131  1.7837 19.3950
600 360  1.9254  2.0085 18.9920
624 360  1.4043  2.6424 14.3338
648 360  2.8351  3.3247 14.8095
672 360  2.1095  2.7778 18.0513
696 360  2.1175  3.0807 14.5464
720 360  3.6846  2.6060 14.7023
744 360  3.9114  2.2161 16.1221
768 360  3.1997  1.5444 15.8164
792 360  3.1237  2.6105 16.2559
816 360  3.4202  2.3045 11.6084
840 360  3.4191  0.0511 13.4312
864 360  3.7327  2.3177 12.2282
888 360  5.7037  2.0590 15.5043
912 360  7.1631  0.3258 13.9471
936 360  3.5934  0.3713 10.6029
960 360  0.9279 -1.0527 14.1862
984 360  1.1515 -0.1798  7.4945
 24 384 -0.0341  0.0000 12.4786
 48 384 -2.2703 -0.5088 14.7940
 72 384 -0.3960 -1.1950 15.3316
 96 384  1.0311 -1.1138 15.7385
120 384  3.6087 -1.1217 15.9090
144 384  2.8342 -2.2131 14.2668
168 384  2.0155 -2.9354 13.9665
192 384  2.8185 -3.4572 13.1214
216 384  0.9460 -6.5558 11.5467
240 384  0.2777 -7.0771 14.2579
264 384 -2.1900 -2.8092 10.3955
288 384 -4.8388 -0.3648 12.4883
312 384 -5.0808  0.1990 13.1183
336 384 -4.1341  0.8529 14.5120
360 384 -3.2937  1.4810 16.2685
384 384 -2.8994 -0.6231 16.9043
408 384 -2.3411 -0.8038 17.5774
432 384 -1.9701 -2.9047 22.3306
456 384 -2.0079 -3.5789 16.6821
480 384 -4.8776  1.9850 22.0410
504 384 -5.2330  2.2393 19.3462
528 384 -4.0825  2.3565  9.9569
552 384  3.7084  2.7325 14.7412
576 384  0.7676  1.6334 18.4516
600 384  0.8690  2.1013 16.2853
624 384  0.6188  3.0101 16.1603
648 384  2.9191  4.1974 14.0844
672 384  3.3266  4.5512 17.3284
696 384  2.8086  3.6087 14.0902
720 384  3.0981  3.0599 14.4951
744 384  3.0853  2.0084 16.8717
768 384  2.6100  2.0297 16.2623
792 384  2.1636  2.2269 16.1126
816 384  2.7619  1.2764 16.1145
840 384  2.8070  1.5308 13.6987
864 384  3.5804  3.9442 13.8880
888 384  6.1323  1.9327 11.3654
912 384  8.0199  0.7973 13.1452
936 384  6.4933  1.8406 11.9368
960 384  0.8820 -0.7459 12.2450
984 384  1.8490 -0.0211  7.5529
 24 408 -0.0298 -0.0302 12.9880
 48 408 -0.7174 -1.0104 19.8254
 72 408  0.7351 -1.7139 17.0554
 96 408  0.6534 -1.5798 16.4896
120 408  0.4209 -0.8080 18.8196
144 408  0.3991 -0.5556 15.3922
168 408  0.2895 -0.3158 13.3337
192 408  2.8642 -2.0031 14.5917
216 408  2.1666 -3.7173 10.2213
240 408 -1.9497 -3.0818 12.9214
264 408 -2.7740 -0.5986 15.4230
288 408 -4.5595 -0.0931 18.8751
312 408 -5.5527 -0.3035 18.4388
336 408 -4.1743  1.0552 15.3360
360 408 -4.0991  2.6944 18.8923
384 408 -1.8367  2.2785 13.5160
408 408 -0.2299  4.0656 12.7716
432 408 -1.0455 -0.5673 13.9543
456 408 -3.4342  1.5778 14.8025
480 408 -4.6246  1.7346 24.2810
504 408 -4.4757  2.1778 21.9925
528 408 -3.7245  2.2862 20.0780
552 408 -0.9586  2.7484 20.2891
576 408 -0.5371  2.6188 16.2865
600 408 -0.1666  2.6570 15.8467
624 408 -0.2757  2.6913 17.9734
648 408  0.1045  4.3578 17.1847
672 408  2.1264  5.9255 12.8516
696 408  0.3257  3.9705 13.9405
720 408  0.0891  3.3681 13.9735
744 408  0.4843  3.6717 14.3986
768 408  0.2877  4.0962 16.5181
792 408  0.1063  3.2145 14.6262
816 408  1.7766  0.5911 19.6314
840 408  1.8058  0.7238 17.1397
864 408  3.4568  2.9589 11.3174
888 408 10.5764  3.2810 15.7340
912 408 10.3034  1.9452 11.3569
936 408  5.8871  2.6534 13.6603
960 408  2.5000  1.4087 13.6561
984 408  4.5714  0.0269  7.7086
 24 432  0.0091  0.0209 12.6560
 48 432  2.2040  0.6031 17.9079
 72 432  1.8785  0.5807 16.7371
 96 432 -0.0490 -0.2902 17.8049
120 432 -0.2879 -0.2079 18.1664
144 432 -0.0299 -0.2003 17.7537
168 432 -0.4520  0.2471 17.5729
192 432 -1.5908  0.5137 20.0643
216 432 -1.9011 -0.3743 15.9157
240 432 -2.9734 -0.7929 18.8500
264 432 -2.9107  0.1923 18.4707
288 432 -3.2173  0.6838 16.5936
312 432 -6.3182  0.3350 19.4135
336 432 -7.1599  1.0166 22.1090
360 432 -6.9703  0.8080 17.1977
384 432 -1.9393 -0.2540 16.1418
408 432 -2.0301  0.0275 17.6206
432 432 -1.8654 -0.1716 16.5401
456 432 -4.7813  2.9624 16.3498
480 432 -5.0213  1.9065 17.0296
504 432 -3.6781  1.8478 16.1780
528 432 -1.2111  1.9195 17.4168
552 432 -1.6044  2.3680 16.0512
576 432 -1.5709  4.9739 13.2026
600 432 -0.7915  4.3575 15.2876
624 432 -0.5545  3.7044 16.4456
648 432 -0.2134  4.1260 17.5629
672 432  0.2932  5.0167 16.4544
696 432  0.0994  6.6339 14.4286
720 432  0.3133  5.7542 11.9324
744 432 -0.1612  5.2587 12.1266
768 432  0.7105  3.0485 11.8811
792 432  3.6892  0.1419 15.1795
816 432  4.2373  0.0291 18.0297
840 432  3.2966  0.1465 13.9353
864 432  8.2867  2.7754 13.5923
888 432  9.9630  2.9047 17.2527
912 432 10.0075  3.0243 11.0528
936 432  5.9801  4.9468 13.3341
960 432  3.1814  1.4305 18.2805
984 432  4.6046  0.0653  7.7210
 24 456  0.0354 -0.0278 12.1663
 48 456  1.7285  0.9955 15.4086
 72 456  0.4444  2.2416 14.2812
 96 456 -0.5822  2.1748 12.1959
120 456 -0.4488  1.0745 17.3724
144 456 -0.5663  1.2073 15.8235
168 456 -0.6969  2.1120 15.9560
192 456 -0.4611  1.6520 20.0997
216 456 -1.6213  0.0959 19.7844
240 456 -2.6122 -0.0372 17.9904
264 456 -0.6209  0.0802 19.6543
288 456 -0.3844 -0.2542 15.9700
312 456 -1.0776  0.0540 12.6117
336 456 -6.5578  0.2204 15.7440
360 456 -6.5199  0.2832 16.6922
384 456 -2.9377 -0.6433 19.6588
408 456 -2.8183 -0.1580 19.5164
432 456 -3.6273 -0.8299 16.6551
456 456 -0.3060 -1.1123 17.4068
480 456  0.1551  0.4126 18.0486
504 456 -0.9980  2.0458 16.8515
528 456 -5.1851  5.9638 16.1930
552 456 -5.1448  5.5007 13.7730
576 456 -2.1991  5.0865 13.3697
600 456 -2.0637  4.6669 12.0916
624 456 -5.1847  4.4377 13.2349
648 456 -4.0682  3.7560 11.1002
672 456 -2.0542  6.0704 14.4903
696 456 -0.4869  7.2151 13.9185
720 456 -0.3550  8.7184 14.8803
744 456  0.2461  5.9336 12.4159
768 456  2.6218  2.3844 13.5961
792 456  3.9288  0.2088 17.9545
816 456  4.9267 -0.0510 17.9575
840 456  6.8896  0.2919 12.8107
864 456  7.0252  0.7324 14.1318
888 456  8.0889  1.8182 15.2848
912 456  5.9764  4.4133 14.6485
936 456  4.9977  3.9886 15.1109
960 456  4.5859  0.3580 13.4384
984 456  4.7520  0.0442  7.7798
 24 480  0.0214 -0.0189 11.8877
 48 480  0.2935  1.2692 15.2462
 72 480 -0.2734  3.8083 15.4001
 96 480 -0.1057  4.3799 16.0775
120 480  0.0971  1.7063 18.8555
144 480 -0.1048  0.9101 15.8444
168 480  0.1278  0.9311 16.7125
192 480  0.1273  1.2536 20.3606
216 480 -0.9325  0.8549 16.0846
240 480 -1.5234  0.3422 18.9176
264 480 -0.8117  0.0496 21.4035
288 480 -0.5287 -0.2450 17.1028
312 480 -0.4913 -0.3267 16.3480
336 480 -1.8717 -0.4307 17.0034
360 480 -3.1640 -0.6667 16.8634
384 480 -2.1345  0.0940 15.8270
408 480 -2.5765 -0.3316 16.2363
432 480 -2.0590 -2.0411 14.3947
456 480 -0.6230 -2.4177 22.2040
480 480  0.4282  0.5748 21.3342
504 480 -0.0732  1.2967 26.5348
528 480 -4.7680  7.2350 12.9068
552 480 -5.5254  5.5645 14.8240
576 480 -0.1410  8.0276 14.0203
600 480 -3.1538  6.3194 11.3074
624 480 -4.6521  4.7682 17.6110
648 480 -4.5990  5.2756 14.7537
672 480 -4.6748  5.8055 11.6786
696 480 -0.2725  7.0360 13.5459
720 480 -0.5558  9.5443 15.2867
744 480  1.0361  6.3599 13.8507
768 480  2.2230  5.2051 14.3980
792 480  2.0774  2.8592 10.2029
816 480  5.1261 -5.6726 16.3042
840 480  8.7127  0.4132 14.3382
864 480  6.0511 -0.5707 16.1538
888 480  6.0572 -0.4397 14.5415
912 480  5.2194  3.8657 13.2803
936 480  4.9376  0.7962 15.8662
960 480  2.9252 -0.2272 11.5989
984 480  4.7498 -0.0994  8.0169
 24 504 -0.0013 -0.0038 12.3577
 48 504 -1.0445  1.5646 14.5145
 72 504 -0.2507  4.4243 12.2257
 96 504  0.5848  4.6394 15.4912
120 504  1.2760  3.8627 16.2900
144 504  2.8237  2.1856 12.6265
168 504  3.9103  2.0845 12.8152
192 504  0.0261  2.7568 12.3565
216 504 -1.0484  2.9464 13.8324
240 504 -2.6427  2.3435 14.7175
264 504 -3.1396  2.1192 13.4645
288 504 -4.2889  0.0510 13.4920
312 504 -1.6353 -0.0510 18.8980
336 504 -3.3397 -0.7180 18.3810
360 504 -4.2439 -1.0793 16.6723
384 504 -3.6917 -1.1247 16.9608
408 504 -0.9406 -1.7490 22.1570
432 504 -0.3109 -1.7235 17.5110
456 504  1.2764 -1.0592 18.7523
480 504  2.3095  0.0524 17.0732
504 504  1.0175  0.2584 20.6587
528 504 -3.1352  4.1590 15.4145
552 504 -6.0510  3.7030 13.5257
576 504  1.4350  7.7606 16.7772
600 504  1.7715  8.3772 19.8049
624 504  1.2262  5.8170  9.2234
648 504  1.8369  7.6551 14.4900
672 504  0.7621  7.1215 13.4812
696 504  0.3578  7.3376 13.1690
720 504  2.4367  9.6982 13.7909
744 504  3.6283  8.8606 13.3259
768 504  3.2329  8.2550 11.5859
792 504  3.7526  8.5991  9.7056
816 504  5.7762 -2.3928 12.3526
840 504  6.9632  0.3108 12.2293
864 504  6.0323  0.1256 13.7440
888 504  4.8601 -1.4073 12.9764
912 504  1.5618 -4.8643 11.4304
936 504  3.2702 -1.5263 13.3695
960 504  2.3196 -1.8863 15.9226
984 504  0.3837  0.0422  7.6893
 24 528 -0.0003  0.0610 12.1018
 48 528 -0.4621  1.7664 17.2475
 72 528  0.1422  4.8435 19.4054
 96 528  1.9855  4.7934 17.9616
120 528  3.9783  3.7845 15.3319
144 528  4.3015  3.3684 16.6651
168 528  4.5301  4.2304 12.4053
192 528  6.5777  7.9014 10.2304
216 528  3.5831  3.1047 10.3040
240 528  1.6733  4.1918 11.9952
264 528 -0.7481  4.3297 14.3400
288 528  0.5190  3.4042 12.4685
312 528 -0.0744  1.7234 11.5394
336 528 -5.6284 -0.5778 16.1537
360 528 -5.2012 -1.2804 19.0470
384 528 -2.6964 -1.4068 17.4800
408 528 -1.6079 -1.1904 22.8110
432 528 -0.2485 -1.6615 20.9693
456 528  1.3772 -1.6739 19.4259
480 528  2.0767 -1.5190 18.8484
504 528  1.3288 -1.6629 17.5574
528 528  0.6140  0.8894 16.5124
552 528  0.3937  2.3968 16.4678
576 528 -0.0163  2.7204 11.4674
600 528  4.0120  9.0653 13.8244
624 528  4.0605  4.6298 12.3122
648 528  5.0891  8.7138 11.5593
672 528  2.3085  7.0884 10.9747
696 528  3.0316  6.7753 12.3287
720 528  4.0793  8.4704 13.1090
744 528  3.3129 10.2474 11.0728
768 528  2.6463 10.6385 12.1038
792 528  4.8314  5.7735  7.4667
816 528  5.2833 -0.4214 14.7694
840 528  6.0996  0.8137 12.5080
864 528  5.1686  3.2207 13.6244
888 528  0.3326 -4.1407 12.4848
912 528  1.0749 -4.4454 15.8374
936 528  2.2694 -2.9970 15.7518
960 528  1.8636 -2.0682 18.9485
984 528  0.3371 -0.0485  8.0408
 24 552  0.0260  0.1072 11.6156
 48 552  0.3454  2.1796 19.5422
 72 552  0.9540  5.3222 23.1184
 96 552  0.9621  5.5697 20.6196
120 552  3.9814  3.4244 14.6641
144 552  3.7829  4.8332 15.9749
168 552  3.1462  6.5378 14.7239
192 552  3.4014  5.0040 13.3050
216 552  3.8167  3.8206 15.8652
240 552  3.2468  4.5063 19.2880
264 552  2.2461  4.1349 17.3103
288 552  1.4127  3.6649 19.2315
312 552  0.9079  3.1867 14.0177
336 552 -0.0033  1.9534 15.8633
360 552 -1.2026  0.3233 15.7429
384 552 -0.5750 -0.0195 19.4160
408 552 -0.4612 -0.1218 17.9588
432 552  0.4831 -0.8643 15.8173
456 552  1.4536 -1.5570 18.2607
480 552  1.4142 -0.8405 16.1639
504 552  0.1068 -0.5593 15.6034
528 552  0.3417  0.4904 17.4769
552 552  1.2282  1.6810 19.3181
576 552  1.9718  1.2419 18.7914
600 552  2.0867  0.9654  9.7164
624 552  7.8529  8.4860 14.5810
648 552  5.1264  6.3598 11.1338
672 552  4.0731  6.1090 11.9056
696 552  4.0806  6.6279 17.1917
720 552  1.7188  6.4431 13.7977
744 552  1.1372 11.7886 12.5019
768 552  1.4499 11.1492 12.4306
792 552  4.9363 11.8631  8.5529
816 552  3.6611  1.1476 15.6969
840 552  2.4642  1.2536 13.7290
864 552  4.0418  2.9914 13.1724
888 552  7.1635 -0.8150  7.0749
912 552  2.8728 -5.4529 11.3605
936 552  2.0351 -3.6441 15.2461
960 552  1.6552 -1.9824 17.4517
984 552  0.4293 -0.0207  7.9030
 24 576  0.0290 -0.0064 12.6222
 48 576  1.0327  2.5000 19.5188
 72 576  1.7014  4.2888 18.0322
 96 576  2.5381  4.1528 16.5625
120 576  2.3027  2.0992 16.2142
144 576  1.0873  3.8159 13.0577
168 576  3.0359  7.1500 14.3575
192 576  3.1597  4.8434 14.7097
216 576  3.3636  4.1599 22.5959
240 576  2.9095  3.7850 20.9481
264 576  2.2983  3.6919 18.9709
288 576  1.6062  5.3633 19.0306
312 576  0.1233  4.5328 15.6912
336 576 -0.2270  4.1200 16.5896
360 576 -0.5777  1.1829 17.3607
384 576 -0.1245  0.5495 21.0069
408 576  1.1683  0.5161 15.5386
432 576  3.3291  0.8336 17.5599
456 576  3.2766 -0.2061 15.6882
480 576  1.8266 -0.2758 18.3391
504 576 -0.2038 -0.2484 19.5704
528 576  0.3554  0.3216 17.7425
552 576  0.9068  0.8891 19.4732
576 576  1.8440  1.0971 19.5590
600 576  2.1815  2.6505 10.8467
624 576  7.9336  8.4525 14.0447
648 576  4.9421  8.3017 14.9862
672 576  3.3779  8.7543 15.2419
696 576  0.8241  5.7734 10.2370
720 576 -3.1521  4.7122  9.6394
744 576 -0.2356  9.3068  9.5926
768 576 -0.9910  9.1620 11.1530
792 576  2.9223  5.6356 10.1292
816 576  1.1556  3.0704 16.3638
840 576  0.7559  2.7947 16.7799
864 576  0.3281  0.8577 13.0042
888 576  4.6388 -3.2555  9.8356
912 576  3.8031 -6.5338 14.2754
936 576  3.3273 -2.9218 15.0580
960 576  2.4062 -0.9954 16.9318
984 576  4.7501  0.0329  7.6719
 24 600 -0.0019 -0.0266 12.9345
 48 600  1.5603  1.8435 15.0339
 72 600  1.8783  2.9527 19.0988
 96 600  2.2381  2.3129 20.8276
120 600  1.3858  1.0261 17.1279
144 600 -0.1037  3.1336 13.2895
168 600 -1.1795  2.6309  8.2382
192 600  6.3230  5.6288 13.9983
216 600  5.3531  5.0533 12.6102
240 600  3.0777  3.1396 14.2045
264 600  1.8439  3.4015 15.3627
288 600  0.2870  4.4183 16.8663
312 600  0.2191  4.1937 14.9982
336 600 -0.1135  5.0873 13.2046
360 600 -0.4657  2.8927 13.5807
384 600  0.2766  1.5481 21.3369
408 600  1.8195  0.9136 20.5704
432 600  4.2915  0.8149 17.3887
456 600  4.7213  0.1007 14.7992
480 600  2.2840  0.1928 15.4972
504 600  1.2910  0.4954 19.1169
528 600  1.2179  0.1288 18.8037
552 600  0.9490 -0.0902 20.2059
576 600  2.0952 -0.3266 21.4419
600 600  2.1069  0.0329 14.0619
624 600  3.2017 -3.1758 13.3021
648 600  5.4833  6.0423  9.8813
672 600  5.1956  6.3553 10.1117
696 600 -1.9560  5.1320 13.9933
720 600 -3.1293  4.7511 12.8708
744 600 -5.7744  2.7421 12.4782
768 600 -3.2705 -3.6214  9.9484
792 600  2.0877  6.4952 10.0169
816 600  2.2135  6.3471 17.5035
840 600  0.3166  3.1922 15.1617
864 600  1.5666  0.6301 15.8057
888 600  2.1217 -0.3952 18.2816
912 600  1.0743 -3.6138 15.0132
936 600  1.6581 -0.6308 14.6331
960 600  2.0062 -0.2007 14.4926
984 600  4.7357  0.0888  7.8704
 24 624  0.0148  0.0348 12.1954
 48 624  3.4979  3.8474 18.2721
 72 624  2.5244  4.3473 14.4568
 96 624 -1.2669  4.6146 13.2635
120 624 -2.1491  5.5747 14.2795
144 624 -4.1169  4.1023 14.9846
168 624 -4.7473  3.1901 11.8991
192 624 -3.1896 -3.1836  8.9719
216 624  6.8171  5.2446 14.2045
240 624  5.2301  6.5817 15.8147
264 624  2.3326  4.7543 13.8014
288 624  3.4376  5.7888 12.6246
312 624  3.6894  4.6699 14.9612
336 624  1.8570 11.9398 18.5754
360 624  0.5859  4.2286 13.7903
384 624  2.7540  3.0347 17.7754
408 624  2.9151  1.5624 16.1926
432 624  5.0538  0.4627 15.0871
456 624  6.7941  1.8709 10.8704
480 624  5.9894  2.0461 10.0271
504 624  5.0537  0.6320 12.1472
528 624  4.1429 -0.2771 11.5614
552 624  2.4489 -1.4333 15.1817
576 624  1.7921 -2.9827 16.4968
600 624  1.0624 -3.2517 15.8944
624 624  0.9247 -3.5657 15.7294
648 624  3.1758 -2.4227 11.4173
672 624  3.2999  2.7321 13.4916
696 624  1.2667  3.7678 13.2153
720 624  0.9734  3.9149 13.2355
744 624  0.2056  1.0692 11.4099
768 624 -3.5811 -4.2320  9.6597
792 624 -1.0135 -1.4666 12.7336
816 624  0.3162 -0.1288 12.1584
840 624  2.6377  1.6476 15.9228
864 624  2.4066  0.6774 20.2474
888 624  2.5196 -0.0015 19.3025
912 624  0.8187  0.4109 13.9843
936 624 -1.3963  0.9353 13.7375
960 624 -1.1552  2.4460 11.6904
984 624  4.6982 -0.0003  7.5560
 24 648  0.0399  0.0406 12.1102
 48 648  2.9903  2.5323 17.1969
 72 648 -0.2298  5.0216 17.1295
 96 648 -1.3748  5.8833 17.0542
120 648 -1.7782  6.3854 16.2819
144 648 -2.4311  5.1376 14.2680
168 648 -3.3351 -3.0167  9.3876
192 648 -3.2034 -3.1156 19.5771
216 648  2.0098  0.9164  9.9809
240 648  7.7106  7.9931 11.2444
264 648  8.1142  8.2404 10.1673
288 648  8.5980  7.5122 12.8870
312 648  9.1041  7.8397 13.0770
336 648  1.8489  9.7475 11.0095
360 648  2.8444  3.8394 10.2419
384 648  4.3678  1.8770 17.2172
408 648  3.9421  0.6933 14.8884
432 648  6.0035 -0.4276 15.1842
456 648  5.6810  5.2779  9.7742
480 648  7.3570  7.1623 11.3141
504 648  5.7828  1.7373 12.1741
528 648  4.8021  0.1186 14.7816
552 648  2.7733 -2.7843 11.9169
576 648  1.2256 -5.0567 19.5640
600 648  0.0249 -3.8406 15.5804
624 648 -0.0777 -2.1209 17.2127
648 648 -0.0724 -3.8133 12.4330
672 648  0.3096  3.0199 12.9926
696 648  1.0002  3.7700 14.9580
720 648 -8.9463 -12.7835 12.5374
744 648  4.1371  0.2192 10.0163
768 648  4.9995 -1.6811  6.6558
792 648 -0.2157 -4.7594 14.1366
816 648  0.0123 -3.7507 12.2187
840 648  2.4026  0.9430 10.3229
864 648  2.7185  1.0885 11.2930
888 648  2.9870  0.6554 18.0758
912 648  0.4608  1.8929 14.9501
936 648 -2.0172  3.8848 11.7750
960 648 -1.1952  6.7135 14.7387
984 648  4.7041 -0.0228  7.8776
 24 672  0.0100  0.0264 12.1654
 48 672 -2.2625  3.2619 18.6353
 72 672 -1.1379  2.8580 17.9433
 96 672 -0.1469  3.0784 15.3121
120 672  0.0622  4.9763  9.1718
144 672  8.4454  1.9885 13.7112
168 672  6.2230  2.0715 16.6307
192 672  6.7163  0.3962 19.2349
216 672  6.9629  0.2876 12.0868
240 672  2.2243  4.8194 12.4315
264 672  3.1199  7.2197 14.6861
288 672  3.3341  6.8617 19.2532
312 672  3.8173  7.2565 14.7302
336 672  6.2049  5.0235 10.7521
360 672  4.5940  2.9033 15.1856
384 672  2.0315  2.0229 21.9091
408 672  1.5028  1.8130 15.9889
432 672  2.2870 -4.2828 16.4474
456 672  4.9527  7.7750  8.6174
480 672  5.6803  8.0879 17.4423
504 672  0.8013  0.0525 12.9322
528 672  0.4092  0.3016 18.0735
552 672  0.2761 -0.2611 12.1520
576 672  0.7484 -4.2326 15.5525
600 672 -0.1753  0.1660 16.4640
624 672 -0.4522  0.1378 18.4782
648 672 -1.0822 -4.7007 13.0265
672 672 -2.6558 -4.3852 12.3775
696 672 -0.2345 -2.0815 11.8087
720 672 -8.8728 -12.0803 22.2036
744 672 -9.0589 -12.1781 15.8989
768 672 -6.7046 -12.4943 12.4485
792 672 -6.2818 -12.0010 10.6409
816 672  6.6444 -5.2424 12.1234
840 672  3.3129 -3.2862 11.2791
864 672  6.5215  1.8731  9.5628
888 672  2.3301  2.9715 12.6568
912 672  0.9071  9.0237 13.0834
936 672  0.9860  9.4670 19.4602
960 672  0.5355  8.9169 14.6639
984 672  4.6677 -0.0364  7.7716
 24 696  0.0099  0.1528 12.1528
 48 696 -1.7135  2.9684 15.9764
 72 696 -1.6725  1.5711 10.9856
 96 696  5.7341 -1.0468  8.4254
120 696  8.0247  1.2501 14.1787
144 696  5.2194  2.4800 16.1381
168 696  5.1191  1.9652 18.9088
192 696  6.1818  0.1699 18.5103
216 696  7.3139  0.0058 12.4161
240 696  0.1697  6.0493 13.2357
264 696  1.9030  7.1496 17.0323
288 696  3.0001  6.9729 17.2661
312 696  3.2284  6.7348 13.6767
336 696  3.1009  1.1797 13.2262
360 696  3.0488  0.9393 16.2048
384 696  2.7170  1.2002 16.7661
408 696  1.0460  1.8145 16.4798
432 696  0.3473 -6.6965 14.8614
456 696  0.0645 -6.8758 10.4919
480 696  4.9700  8.7392 13.5842
504 696  3.1286  8.8549  9.9758
528 696 -0.5039  1.7007 14.7279
552 696 -0.4038  1.9616 13.0415
576 696 -1.0531 -4.0870 16.2240
600 696 -4.0510  2.9668 14.1132
624 696 -5.1849  4.3068 11.5363
648 696 -2.7872 -4.6733 15.3312
672 696 -2.7192 -6.2021 21.9299
696 696 -2.1207 -6.7332 20.6773
720 696  0.0842 -4.4111 15.4584
744 696 -5.1721 -9.3673  8.9829
768 696 -5.4156 -12.7986  9.2075
792 696 -6.0963 -12.1040 10.6849
816 696  4.8897 -2.8823 11.6489
840 696  4.9176 -2.7945 12.6633
864 696 -14.5035 -26.2917  7.0199
888 696  2.0722  0.0767  9.7407
912 696  1.8699  6.8650 14.6608
936 696  2.2454 10.8302 16.0979
960 696  3.4413 11.2617 10.5644
984 696  4.6110  0.0440  7.7240
 24 720  0.0051  0.1122 12.2265
 48 720  5.5915  0.9529  9.8091
 72 720  8.9799 -3.0104 11.6415
 96 720  7.7315 -3.1375 14.4557
120 720  6.4023  0.4142 12.5101
144 720  5.3312  2.2835 18.7757
168 720  5.0468  1.4147 15.6644
192 720  4.9426  0.3010 18.5452
216 720  4.6380  7.1426  9.6985
240 720  2.5122  4.1385 12.8148
264 720  1.8576  3.0802 14.0418
288 720 -0.9375  3.9270 15.3278
312 720 -1.4597  3.7945 15.4959
336 720 -0.8780  0.0783 18.5075
360 720 -0.6269 -1.3356 15.0625
384 720 -0.3150 -0.9688 13.4909
408 720 -0.2104 -0.5023 10.5972
432 720 -0.9578 -5.4563 12.6324
456 720 -2.3874 -6.0503 11.7993
480 720 -2.6713  5.2948 17.9504
504 720 -2.3475  4.6955 12.8834
528 720 -2.5264  2.9157 16.7328
552 720 -0.2594  3.4934 15.2950
576 720  0.0659  5.3332  9.9251
600 720 -3.6855  4.8704 11.2102
624 720 -4.8481  5.2138 13.9979
648 720  3.2699  2.0387 13.2679
672 720 -2.0448 -5.4073 17.4506
696 720 -2.0209 -5.8399 19.6206
720 720 -0.1011 -4.1286 23.8983
744 720 -0.2898 -3.8365 15.1353
768 720 -5.0829 -11.9986 13.7883
792 720 -4.2394 -12.9320 13.5104
816 720  5.4309 -2.7233  9.6316
840 720 -0.2437 -12.2093 11.5388
864 720  7.7923  8.0500 11.0486
888 720  5.7940  8.4078  9.9949
912 720  9.0590  9.5570 11.1147
936 720  9.4040  9.4226 12.1403
960 720 13.8437  5.9950 10.5163
984 720  4.7071  0.0155  7.7917
 24 744  0.0317  0.0403 12.0961
 48 744  8.1177 -0.4445 13.4918
 72 744  6.4411  0.7223 13.0884
 96 744  6.6703 -1.5320 15.7890
120 744  6.4667 -0.0448 15.3482
144 744  5.9233  0.9673 22.0688
168 744  5.5027  0.2635 16.5542
192 744  4.9884 -0.3584 15.0206
216 744  3.9215  1.7553 12.2772
240 744  1.8424  3.9657 12.1975
264 744  0.2798  5.1538 14.5336
288 744 -0.8292  2.3762 15.4668
312 744 -1.4147  2.1904 18.8539
336 744 -2.9614 -0.4442 20.3467
360 744 -1.4667 -1.9975 14.3318
384 744  0.5129 -3.9011 16.9226
408 744  0.0633 -0.8766 21.7665
432 744 -3.1573 -3.8721 14.5314
456 744 -3.8314 -4.9305 16.1560
480 744 -3.3857  0.2557 15.1843
504 744 -0.0872 13.9228 12.1589
528 744  0.0390 13.1141 16.8877
552 744  0.0524  4.7047 17.0411
576 744  0.7173  5.9008 15.8081
600 744  1.2964  7.6376 19.4558
624 744  3.0554  2.7879 16.2768
648 744  3.3915  1.9388 19.4913
672 744  4.3533  1.9835 16.8465
696 744  5.9368  1.2197 14.1332
720 744 -0.3989 -4.3637 13.7058
744 744 -0.9164 -4.2306  9.6971
768 744 -3.7385 -12.8009 16.0252
792 744 -3.1240 -12.0769 19.3258
816 744  6.9337 -2.4747 16.1845
840 744  8.0679 -2.7222  9.6352
864 744  8.4576 10.0311 22.3925
888 744  8.9950  8.9279  9.6360
912 744  9.7854  9.4568 14.6681
936 744  9.9772  9.1742 12.7476
960 744 14.8505  6.9976  7.7040
984 744  4.7280  0.0215  7.7257
 24 768  0.0382  0.0328 11.9372
 48 768  8.0831 -1.4420 13.5297
 72 768  6.3995  0.1581 14.2095
 96 768  6.6390 -0.1842 14.4450
120 768 11.2057 -3.8866 11.9733
144 768  9.6616 -1.9377 17.2412
168 768  8.3502 -1.1497 15.1130
192 768  6.5905 -2.1530 17.7464
216 768  5.0111 -0.9651 17.3835
240 768  3.7291 -0.8594 14.0330
264 768 -1.5706  3.8091 14.4673
288 768 -1.7270  2.8022 18.1924
312 768 -1.3217  2.2846 18.2338
336 768 -2.3244 -0.2121 17.1938
360 768 -0.2664 -5.5931 15.4360
384 768  0.0066 -2.2518 16.2979
408 768 -0.1198 -0.4832 18.3311
432 768 -0.0791 -0.7167 16.8137
456 768 -1.4071 -3.0394 16.7938
480 768 -0.9570 -1.0706 13.5579
504 768 -2.0849  3.9994  9.9519
528 768  1.0634 11.8612 14.1290
552 768  2.4626  9.5710 17.4745
576 768  1.0017  5.7219 13.9572
600 768  0.3794  5.5245 17.5921
624 768  4.6898  6.1487 15.6634
648 768  3.2643  1.8482 17.6555
672 768  5.2709  1.7586 17.7161
696 768  5.9217  1.3234 15.2996
720 768  3.5531 -5.9769 13.3408
744 768  4.1075 -5.9872 15.2272
768 768  5.3234 -2.2777 12.5629
792 768  2.9452 -7.2630  7.1609
816 768  7.5211 -2.6369 17.7197
840 768  6.2224 -1.1621 11.9220
864 768  6.2618  0.0076  8.4318
888 768 13.8322 10.5381 10.0902
912 768 11.0832 11.1374  9.9829
936 768  9.1910 13.0216 11.8572
960 768  8.4599 14.9639 12.8435
984 768  4.6817  0.0398  7.6641
 24 792  0.0225  0.0618 11.0045
 48 792  7.1112 -1.1265 12.6335
 72 792  7.5119 -0.0520 16.1509
 96 792 13.0397 -6.5084 11.3629
120 792 11.7241 -3.5538 10.5567
144 792 11.7608 -6.0452 14.1036
168 792 10.5833 -4.2222 12.1935
192 792  7.1821 -2.8626 14.4697
216 792  5.9873 -3.5479 16.1229
240 792  4.2797 -4.1552 14.0169
264 792  0.4562  0.6172 12.7082
288 792 -0.7807  1.1894 12.6897
312 792 -2.0236  1.7540 15.5695
336 792  0.0889 -6.1276 14.0584
360 792 -0.0679 -5.9446 15.2735
384 792 -2.3372 -3.9045 13.7289
408 792 -0.1378 -0.6213 14.9473
432 792  0.5963 -1.2780 17.8494
456 792 -0.8983 -3.2933 17.3255
480 792 -0.7042 -1.8233 16.4877
504 792  0.2124  0.2230 14.5555
528 792  0.8846  8.8991 11.2769
552 792  2.5957  9.3533 14.2658
576 792  2.8938  8.2109 16.7304
600 792  2.7310  5.8104 14.7189
624 792  5.0255  7.0151 24.2851
648 792  5.0046  6.8588 18.6275
672 792  5.9159  2.4403 14.8933
696 792  5.7249  1.7957 13.1501
720 792  3.3078 -6.2306 13.1236
744 792  4.5395 -5.8033 14.8317
768 792  5.2281 -1.9777 18.7922
792 792  5.3885 -2.1307 14.6307
816 792  5.9259  7.6702 13.9917
840 792  6.3471  3.4869 17.7012
864 792  7.6844  2.9258 11.1160
888 792 16.7494  9.1431 12.5974
912 792  9.5748 13.0907  8.8876
936 792  9.9076 13.7100 17.1911
960 792  9.4693 13.7091 12.7110
984 792  0.5116 -0.0366  7.5354
 24 816  0.0073 -0.0299 11.1347
 48 816  5.8203 -5.3050 14.8384
 72 816  7.4482 -4.7301  9.8973
 96 816 14.1753 -8.3373  9.4525
120 816 12.8736 -6.5690 10.8529
144 816 12.2944 -7.4541 15.1055
168 816 11.7948 -4.3493 10.0820
192 816 10.5304 -5.2378 11.5580
216 816  9.8096 -5.5848 14.7282
240 816  9.6275 -5.1018 10.8926
264 816  8.5623 -0.2347  8.5263
288 816  7.8503  1.0480 10.8266
312 816  3.1164 -7.6171 10.4709
336 816  1.3092 -6.8050 15.4681
360 816  1.9760 -6.0474 14.3085
384 816 -0.6525 -4.1637 17.7199
408 816 -2.7511 -5.1164 15.3107
432 816  0.0584 -5.4277 14.6005
456 816  0.6356 -6.0224 18.4941
480 816  0.7006 -0.6276 13.3884
504 816  0.3293  0.1684 14.9831
528 816 -1.2052  7.1633 21.3354
552 816 -1.3325  7.4826 16.9309
576 816 -6.2445  9.6613 10.1276
600 816  2.8331  6.2297 14.7413
624 816  4.5401  6.9056 14.0715
648 816  5.3970  6.8994 10.5505
672 816  5.1843  6.4830 17.7768
696 816  5.9823  4.5493 14.3168
720 816  6.1863 -0.4299 13.1447
744 816  4.9837 -5.0915 12.9591
768 816  5.7062 -2.7070 14.6348
792 816  5.3900 -1.8289 11.6394
816 816  6.8668  8.8872 14.8573
840 816  7.5669  1.5856 15.1651
864 816  8.4564  0.1188 13.5593
888 816 10.8751  1.9780 11.0460
912 816 -0.6217 -0.3511  8.0479
936 816 10.4688 12.0158 11.7814
960 816 10.7621 12.9085 15.9154
984 816  0.4616 -0.0037  7.2610
 24 840 -0.0343 -0.0487 12.6933
 48 840  6.6004 -6.3354 12.9803
 72 840 12.1974 -10.5799 11.8704
 96 840 13.5911 -9.0388 12.6929
120 840 13.7630 -7.6677  9.5966
144 840 12.6279 -9.0839 13.8569
168 840 13.4077 -7.2862 11.6324
192 840 13.8220 -6.1975 11.5106
216 840 12.8076 -5.6248 11.9692
240 840 11.4888 -5.4471  9.6444
264 840  0.5853  0.2096  7.4812
288 840  0.7953  0.3365 11.5257
312 840  8.9938 -0.9088  8.2365
336 840 -0.0618 -6.9852 14.1305
360 840 -0.2201 -5.9882 19.4528
384 840 -0.0742 -5.3778 18.9283
408 840  0.6688 -4.5435 16.2252
432 840 -0.5752 -6.9886 15.8792
456 840 -0.1476 -6.2758 14.9390
480 840 -0.3206 -2.9712 11.9780
504 840 -0.2132  0.3532 12.2066
528 840 -1.1192  6.6626 13.9586
552 840 -12.8855  8.6558  8.3443
576 840 -9.6619  9.6772 13.6123
600 840 -8.8794  6.6685  8.3751
624 840 -2.6521 12.1229 13.6165
648 840 -3.5072 10.0279 12.3697
672 840 -2.4473  7.6402 14.6885
696 840  7.8970  2.5015  8.6486
720 840  7.2507  1.0932 17.3125
744 840  7.9102 -2.7120  9.7413
768 840  9.1284  5.9234 21.5591
792 840  9.2580  6.2517 13.4413
816 840  8.5037  5.3977  9.1131
840 840  9.0291  1.8630 16.8716
864 840  8.2278 -0.0212 16.8417
888 840  8.7397 -0.9632 16.7756
912 840  6.0363  1.7272 10.0509
936 840  3.7235  4.6754 10.9958
960 840 11.6071 13.2278 11.2619
984 840  4.7017 -0.0279  7.6682
 24 864 -0.0192 -0.0054 12.7599
 48 864  7.1166 -8.1209  8.7133
 72 864  8.9895 -9.2660 10.3431
 96 864 12.1500 -8.6555 14.5359
120 864 13.7287 -8.3983 11.6165
144 864 12.4660 -9.6252 12.9542
168 864 12.0332 -8.4407  9.8692
192 864 11.2303 -5.3124  8.9605
216 864 12.6634 -4.8403 12.5528
240 864 12.8576 -0.2445  7.4986
264 864 -14.9920 14.7566  6.8128
288 864 -1.9580  0.3869 11.2029
312 864  0.4307 -1.1888  9.3980
336 864 -1.6579 -8.7950 10.4590
360 864 -0.5326 -4.7697 17.3566
384 864 -0.1282 -5.2874 16.9585
408 864  0.1304 -4.8108 13.8232
432 864 -0.8522 -5.4191 11.9242
456 864 -3.7676 -5.7468 12.8020
480 864 -3.2761 -3.6792 16.9505
504 864 -1.3839  5.8312 10.0439
528 864 -1.3178  6.4898  8.4371
552 864 -13.5251  8.1154 10.6891
576 864 -10.9490  8.1908 14.7005
600 864 -9.0499  7.1688 11.5256
624 864 -4.0620 12.4486 13.8541
648 864 -3.4991 11.6266 12.4761
672 864 -2.9076  7.0334 16.5967
696 864  0.0925 -2.3640 14.1738
720 864  0.4769 -2.2304 16.0251
744 864  5.8284 -1.2316 10.5590
768 864  8.9815  6.0893 15.1508
792 864  9.3320  6.4288 12.3270
816 864  8.8104  5.8039 11.9176
840 864  8.0852  2.0280 17.0352
864 864  5.8614  0.9766 14.0044
888 864  6.1250 -1.3009 15.3785
912 864  5.8987  0.3497 15.0491
936 864  6.4932  1.9245 15.2337
960 864  4.2098  2.7371  9.1031
984 864  4.9340  0.1941  8.6620
 24 888 -0.0058  0.0095 12.7603
 48 888  6.8701 -8.0818 15.5454
 72 888  6.8248 -8.1373 21.2012
 96 888  7.2093 -8.0431 19.9401
120 888  8.2805 -8.7417 13.3774
144 888  7.9051 -9.2705 10.7555
168 888  5.0112 -8.7177 11.7209
192 888  6.8460 -7.4401  9.1233
216 888 10.9850 -3.8793 11.1483
240 888 11.2257  0.9491  7.0305
264 888  8.3834  2.6962 10.2170
288 888 -3.0204  0.2308  7.8590
312 888  2.2895 -0.6578 10.5903
336 888  3.0158 -0.8711 12.1890
360 888 -4.2303 -9.0203  8.9185
384 888 -0.0852 -4.4023 15.8562
408 888  0.0647 -6.5678 16.0875
432 888 -1.4982 -5.5949 12.9096
456 888 -4.2130 -3.2011 13.9285
480 888 -4.3269 -3.1991 15.0909
504 888 -7.8701  3.3456  8.0952
528 888 -7.0194 10.7569 13.6651
552 888 -6.0566  8.8992 11.9308
576 888 -10.0973  7.2623  8.9749
600 888 -9.5738  9.0708  9.0276
624 888 -7.6186 10.8935 14.6508
648 888  2.9620  8.3091  7.6749
672 888  2.2200  6.1645 13.5291
696 888  0.2894 -2.4666 16.7436
720 888  1.0885 -1.9269 19.3469
744 888  4.6518 -0.1488 16.0722
768 888  5.9254  0.1922 13.7935
792 888  9.0951  6.6562 14.3125
816 888  8.2555  6.2626 14.3690
840 888  6.6265  0.4207 12.5681
864 888  5.0785 -0.1164 17.2789
888 888  5.6712 -1.5839 14.9420
912 888  4.7275 -0.8994 14.5307
936 888  5.3032  0.0412 15.1119
960 888  5.0015  0.4352 11.8017
984 888  4.6837  0.0797  7.6404
 24 912  0.0011 -0.0122 12.5910
 48 912  6.0565 -9.0892 13.3363
 72 912  6.3498 -9.0342 14.4611
 96 912  6.9990 -8.9810 13.1999
120 912  6.9390 -8.8764 11.7055
144 912  4.0975 -8.6113 12.0439
168 912  4.1415 -7.6974 12.0260
192 912  5.5894 -7.3791 11.8476
216 912  8.1874 -5.1542 10.6742
240 912  4.7684  0.8446 10.5059
264 912  6.6338  3.5386 14.2398
288 912  7.7045  3.8126 14.4649
312 912  3.3114  0.5733 15.2090
336 912  2.7025  0.5481 17.6891
360 912 -2.5598 -6.3903 16.6735
384 912 -0.4938 -7.0584 14.0935
408 912 -0.3283 -7.3206 16.6082
432 912 -2.0869 -6.2964 11.6382
456 912 -4.9878 -2.6395 12.3025
480 912 -5.2932  0.2683 13.0503
504 912 -6.4723  2.4104 10.4157
528 912 -6.5288  8.2873 12.9482
552 912 -6.7349  7.6675 14.9863
576 912 -11.8876  8.6135  9.5381
600 912 -13.6326 10.6180 10.6095
624 912 -7.9600 10.0661 11.3035
648 912  3.6658  6.3482 14.1457
672 912  3.4896  5.7151 14.8928
696 912  3.0178 -1.0211 12.8788
720 912  2.2546 -1.0476 13.0663
744 912  4.6435  0.8460 16.5741
768 912  5.2826  0.7855 15.7029
792 912  8.4464  7.6129 20.4843
816 912 10.6313  8.4431 16.7557
840 912  5.9562  0.0342 16.0837
864 912  4.2717 -0.8250 16.3455
888 912  4.8844 -2.6662 16.4537
912 912  4.9797 -1.3223 14.4846
936 912  4.9367 -0.3493 13.5178
960 912  4.1189 -0.1841 13.3294
984 912  2.9716 -0.0456  8.0346
 24 936 -0.0052 -0.0340 12.5455
 48 936  4.9395 -10.7312 15.3271
 72 936  5.0231 -10.8314 19.7989
 96 936  4.8219 -10.7669 14.4563
120 936  3.4047 -6.5067 12.2635
144 936  1.5780 -5.3562 13.8240
168 936  2.0663 -5.1162 14.0852
192 936  1.1557 -1.2182 10.3155
216 936  1.5014  0.0264 11.1154
240 936  2.5583  1.8447 13.7335
264 936  3.7261  1.4815 14.0065
288 936  6.0294  4.0724 13.1303
312 936  5.7868  3.8841 13.6886
336 936  1.0990  0.8056 13.7629
360 936 -1.2334 -3.8903 12.2856
384 936 -0.0777 -6.9561 15.1751
408 936 -0.2815 -5.4574 15.0224
432 936 -1.4169 -3.8575 16.1521
456 936 -5.3210 -2.8472 12.9939
480 936 -4.6610  2.7899 14.1353
504 936 -4.9120  3.7748 13.6217
528 936 -7.8155  7.2286  8.9092
552 936 -8.8366  8.4266 10.4273
576 936 -6.9611 12.8894  5.8509
600 936 -3.0256  7.1484 11.6453
624 936 -0.2634  6.3327 13.1944
648 936 -0.3721  4.3758 14.0871
672 936 -4.9628  3.9323  7.2384
696 936 -9.1355  0.1789  7.7920
720 936  5.0477 -0.4727 11.8674
744 936  4.5284  0.6846 16.0473
768 936  4.5644  1.2226 19.5029
792 936  4.1219  2.2341 10.9010
816 936  8.3874  8.0881 11.4389
840 936  6.1673  0.0543 19.6144
864 936  4.1620 -1.4171 13.6180
888 936  3.7838 -2.8701 14.1373
912 936  4.3199 -2.0887 12.4674
936 936  3.6922 -1.3591 13.0053
960 936  2.8732 -0.6681 20.7970
984 936  2.6261 -0.0561  8.0789
 24 960 -0.0249 -0.0105 12.8109
 48 960 13.5690 -9.5315  8.3175
 72 960 11.8517 -4.9906 10.6239
 96 960  2.7616 -7.9138 13.5110
120 960  1.3510 -5.6321 15.3681
144 960  0.9135 -4.3527 19.7472
168 960  1.2296 -3.6059 15.6503
192 960  1.5155 -0.2768 16.2684
216 960  1.2932  0.1127 15.8489
240 960  2.6129 -4.4769 14.4122
264 960  2.8772 -0.9905 12.0358
288 960  3.5153 -0.1287 16.8355
312 960  0.2505  0.0984 13.9088
336 960  1.7655  2.8944 16.6227
360 960  1.4769  0.3058 14.0516
384 960  2.1872  0.0928 15.3838
408 960 -1.2990 -3.9614 12.8569
432 960 -3.3332 -4.0653 17.8120
456 960 -4.6880 -3.0525 16.7665
480 960 -8.3848  5.5549 11.1837
504 960 -7.9791  7.8483 14.8067
528 960 -8.0923  7.1461  7.1671
552 960 -6.0239  9.5667  8.9359
576 960 -4.7224  9.9514 11.8628
600 960 -3.6190  9.7576 14.1293
624 960  3.1125  3.7114 11.5719
648 960  3.3268  4.0781 13.9185
672 960 -8.0608  0.6189 13.0737
696 960 -8.7788  0.5765 11.9682
720 960  2.4000  0.9887  9.6705
744 960  4.0923  1.0592 15.6532
768 960  4.2974  1.9964 17.4399
792 960  3.6153  2.2030 18.2060
816 960  4.0245  2.1931 15.5869
840 960  5.8725  0.7631 15.9311
864 960  5.6367 -0.8861 13.1101
888 960  1.3274 -4.0351 16.3029
912 960  1.7465 -4.9366 17.1046
936 960  2.8749 -0.4580 13.5697
960 960  2.7847 -0.7154 18.7826
984 960  1.8806 -0.1132  7.9839
 24 984 -0.0246  0.0209 15.6714
 48 984 -0.0063  0.0067 12.2419
 72 984 -0.0374 -0.0050 11.9451
 96 984  0.0452 -0.0098 11.6107
120 984  0.1216 -0.0265 12.1436
144 984 -0.0093 -0.0744 12.3691
168 984  0.0359 -0.0689 11.6776
192 984  0.0876  0.0190 12.1372
216 984  0.0240  0.0362 12.9633
240 984 -0.0115  0.0081 12.1032
264 984 -0.0380  0.0094 12.0213
288 984 -0.0038  0.0213 12.6973
312 984 -0.0243  0.0274 12.7796
336 984 -0.0323  0.0271 12.8054
360 984  0.0961  0.0282 12.4190
384 984  0.1436  0.0279 12.6876
408 984 -0.0336  0.0275 12.6101
432 984 -0.0931  0.0221 12.5947
456 984 -0.0609  0.0178 12.5611
480 984 -0.0317 -0.0046 11.8759
504 984 -0.0202  0.0298 12.0147
528 984 -0.0575  0.0161 11.9964
552 984 -0.0499 -0.0060 11.7870
576 984 -0.0336  0.0356 12.3198
600 984  0.0297  0.0151 12.5302
624 984  0.0369  0.0100 12.5824
648 984  0.0396  0.0271 12.5523
672 984 -0.0620  0.0349 11.9985
696 984 -0.0877  0.0370 11.4403
720 984  0.0295  0.0423 11.5505
744 984  0.1274  0.0422 12.1069
768 984  0.0947  0.0452 12.8186
792 984  0.0208  0.0457 13.0499
816 984  0.0239  0.0192 12.5944
840 984  0.0948  0.0196 12.6465
864 984  0.0646  0.0373 12.8397
888 984  0.0546  0.0060 12.5936
912 984  0.0130 -0.0258 12.3882
936 984  0.0812 -0.0091 12.4363
960 984  0.1652  0.0201 12.6961
984 984  4.6346 -0.0147 11.1575
