 24  24  0.0069 -0.2262 14.4719
 48  24 -0.0301 -0.2225 11.5775
 72  24 -0.0049 -0.2488 11.4055
 96  24  0.0337 -0.2613 11.7112
120  24  0.0150 -0.2744 11.9031
144  24 -0.0039 -0.2243 11.6637
168  24  0.0050 -0.2153 11.5990
192  24 -0.0108 -0.2757 11.9911
216  24 -0.0607 -0.2954 12.0337
240  24 -0.0648 -0.2633 11.8307
264  24 -0.0327 -0.1922 11.7554
288  24 -0.0335 -0.2016 11.8203
312  24 -0.0191 -0.2568 11.9628
336  24  0.0004 -0.2738 11.7836
360  24 -0.0012 -0.1975 11.2150
384  24  0.0076 -0.1591 10.9012
408  24  0.0408 -0.1836 11.3054
432  24  0.0107 -0.1795 11.2981
456  24 -0.0014 -0.2086 11.5619
480  24  0.0877 -0.2181 11.7885
504  24  0.2121 -0.2131 11.0108
528  24  0.0776 -0.2151 10.8868
552  24  0.0001 -0.2433 12.0144
576  24  0.0906 -0.2481 12.2797
600  24  0.0331 -0.2547 12.1005
624  24 -0.0094 -0.2375 11.8742
648  24 -0.0042 -0.2227 11.5891
672  24  0.0476 -0.2530 11.9826
696  24  0.0549 -0.2074 11.6460
720  24 -0.0134 -0.1568 11.0227
744  24 -0.0326 -0.1536 10.8354
768  24  0.0607 -0.2320 10.6487
792  24  0.1103 -0.2976 10.7445
816  24  0.0744 -0.2599 11.4037
840  24 -0.0535 -0.2091 11.1748
864  24 -0.0195 -0.1916 11.6437
888  24 -0.0160 -0.2078 11.8202
912  24 -0.0524 -0.2273 11.8929
936  24 -0.1722 -0.2751 11.3590
960  24 -0.0851 -0.2325 10.7110
984  24  0.4624 -0.1654 11.8766
 24  48  0.0175 -0.0085 11.8981
 48  48 -2.2213 -2.1150 16.1998
 72  48 -1.0969 -3.0942 13.1856
 96  48 -1.5783 -2.9025 11.3152
120  48 -4.0100 -3.0125 11.2850
144  48 -4.6609 -2.8343 12.4051
168  48 -5.1421 -3.4234 11.8774
192  48 -7.0931 -6.7647 12.7939
216  48 -4.3842 -4.6152 12.6497
240  48 -5.1102 -2.9912 15.7660
264  48 -4.9838 -2.0057 17.0306
288  48 -2.8647 -0.7429 16.0859
312  48 -2.9134 -4.0710 18.1011
336  48 -3.9561 -4.2825 18.4185
360  48 -4.1639 -3.1855 14.2114
384  48 -2.9897 -3.0867 12.6141
408  48 -3.8193 -4.6744 13.9059
432  48  0.6733 -1.0954 12.0014
456  48  0.8643  1.5952 14.0650
480  48  2.4065 -0.0231 15.8402
504  48  3.5459 -2.7794 17.0614
528  48  2.8736 -2.8670 16.9241
552  48  0.1412 -1.0818 18.2166
576  48  0.3711 -1.5096 18.2805
600  48  0.0517 -1.8673 14.8576
624  48  0.1130 -3.5978 13.6082
648  48  2.4951 -5.8292 13.1757
672  48  1.7929 -3.4222 13.3624
696  48  0.1479 -3.8392 14.9902
720  48 -0.1426 -4.2015 18.2250
744  48 -0.0457 -1.7273 13.1214
768  48  0.1671 -0.2760 15.7614
792  48  0.4214  0.8800 14.2785
816  48  2.0852 -0.5274 13.8850
840  48  1.6647 -1.4764 13.3021
864  48  0.4147 -0.1750 14.7706
888  48 -0.4126 -0.2846 14.5826
912  48 -1.5921 -2.0494 16.8942
936  48 -1.9743 -2.5605 17.1530
960  48 -1.0002 -4.0147 15.3399
984  48  0.4881 -0.0753  8.1665
 24  72  0.0047 -0.0307 11.9934
 48  72 -4.1318 -0.1880 21.2943
 72  72 -4.5313 -0.4756 21.2975
 96  72 -5.5998 -1.6188 12.9765
120  72 -6.1956 -2.8389 13.4598
144  72 -5.9764 -3.0384 10.4219
168  72 -6.7216 -4.3468 13.0492
192  72 -6.4466 -5.0847 13.7624
216  72 -6.8025 -4.0203 13.3926
240  72 -5.5119 -2.4381 19.9319
264  72 -4.6396 -2.1892 17.1053
288  72 -2.6418 -1.0488 15.7869
312  72 -2.8149 -3.1111 13.3480
336  72 -3.1709 -3.7425 19.1519
360  72 -3.1540 -2.5151 12.6322
384  72 -3.6282 -3.2886 16.5341
408  72 -3.8491 -3.7021 16.3107
432  72 -0.1328 -0.2071 12.1342
456  72  0.8568  1.6857 15.3421
480  72  1.3889  0.0505 14.0899
504  72  2.3897 -2.0836 14.4351
528  72  2.0151 -2.0259 13.1666
552  72  0.6988 -1.9676 15.4958
576  72  0.1710 -1.9249 18.8244
600  72 -0.0991 -3.0663 14.7184
624  72  0.1741 -5.1391 11.5774
648  72  1.7689 -4.0858 13.8195
672  72  0.2745 -0.7557 13.5558
696  72 -0.6832 -2.7918 15.6712
720  72 -1.6885 -4.1961 12.9200
744  72 -0.2028 -4.5508 10.6680
768  72  0.0191 -2.3497 13.6408
792  72  0.0622 -2.3661 14.3367
816  72  0.7017 -3.0722 13.6044
840  72  0.8870 -2.3311 13.6835
864  72  0.6622 -1.3726 14.0657
888  72  0.0098 -0.5526 14.6081
912  72 -0.2397 -1.5937 13.3750
936  72 -0.8099 -4.0322 14.4024
960  72  1.7906 -6.1629 14.3025
984  72  0.4398 -0.1034  8.0014
 24  96 -0.0239  0.0118 12.6232
 48  96 -3.5741  0.0021 16.3324
 72  96 -4.0790  0.1094 15.6949
 96  96 -5.2494 -0.7318 14.2983
120  96 -9.2287 -3.2902 13.3333
144  96 -10.2718 -2.9267 11.4061
168  96 -9.9959 -4.3000 11.6220
192  96 -8.7137 -6.4181 12.3764
216  96 -5.7388 -2.3843 13.0825
240  96 -5.5276 -1.4986 18.3908
264  96 -4.2498 -0.3424 14.9893
288  96 -2.3696 -1.0504 15.8022
312  96 -2.0444 -0.1867 16.1581
336  96 -2.0617 -0.3832 18.7911
360  96 -2.2162 -1.6726 17.0533
384  96 -0.9619 -2.0592 16.2903
408  96 -2.0411 -1.9554 17.3145
432  96 -4.0178 -0.1858 11.7557
456  96 -5.6799  0.0982 14.0626
480  96  0.7653 -0.1020 17.1241
504  96  0.1432 -2.7787 17.2216
528  96  0.1036 -2.6549 15.8438
552  96 -0.3615 -2.7277 15.2020
576  96 -1.0474 -3.2597 14.0367
600  96 -0.8322 -5.0066 16.4277
624  96 -1.3184 -6.9954 13.1372
648  96 -2.0269 -2.6790 12.6270
672  96 -0.6280 -0.5166 15.2602
696  96 -0.1710 -1.1628 17.1409
720  96 -1.7155 -8.2751 11.0174
744  96 -1.8633 -9.8944 14.2879
768  96  4.6154 -5.0412 10.1427
792  96  4.1025 -3.1568 12.1121
816  96 -0.1223 -4.1188 13.2025
840  96 -0.3017 -4.2415 13.5619
864  96  0.2341 -3.0230 13.6047
888  96 -0.0717  0.1902 16.3003
912  96 -0.1776 -0.4408 14.1904
936  96  0.2471 -4.4068 13.9913
960  96  0.2552 -6.9682 13.7461
984  96  3.5905 -0.0723  8.0666
 24 120 -0.0090 -0.0051 13.1652
 48 120 -0.1211  0.0078 19.3622
 72 120 -1.8165  0.6105 15.7200
 96 120 -3.8249  0.1900 14.7491
120 120 -6.0728 -1.4731 11.8010
144 120 -7.5031 -3.4276 13.0195
168 120 -7.4410 -4.9633  8.5237
192 120 -9.0237 -6.5365 12.6780
216 120 -4.1652 -4.1680 12.1328
240 120 -4.7597  0.5876 18.4573
264 120 -3.5543 -0.0391 15.0311
288 120 -1.8217 -1.2558 17.9985
312 120 -1.3751 -0.3623 19.4745
336 120 -1.5054 -0.1166 17.9072
360 120 -1.9264 -1.0600 20.7413
384 120 -0.9751 -0.4117 18.6231
408 120 -1.8518 -1.0509 14.6031
432 120 -3.0429 -1.1284 14.9065
456 120 -5.0552 -1.6726 17.0479
480 120 -4.3164 -3.2350 14.9966
504 120 -2.2147 -1.1081 17.6400
528 120 -2.0487 -1.1568 16.8687
552 120 -1.9536 -2.4679 17.2351
576 120 -2.0100 -2.8482 12.8173
600 120 -2.1292 -4.5740 12.8243
624 120 -3.9018 -4.9362 12.2960
648 120 -5.1002 -3.9148 13.5757
672 120 -4.4197 -2.9991 13.9123
696 120 -3.8617 -1.0900  9.4738
720 120 -2.1797 -8.0338  9.7977
744 120 -2.2510 -9.0744 12.7325
768 120 -0.2212 -9.3295 12.6583
792 120 -0.4744 -6.4190 15.3910
816 120 -0.3650 -5.5466 13.6142
840 120  0.7068 -3.3333 14.2503
864 120 -1.1987  2.7784 11.3061
888 120 -1.0311  2.2300 11.4250
912 120 -0.7501  1.4298 14.1061
936 120  0.3083 -0.9465 14.3279
960 120  0.6393 -2.8499 11.0928
984 120  3.5753 -0.0263  8.4126
 24 144 -0.0036  0.0008 12.8813
 48 144 -0.1832 -0.5285 15.3760
 72 144 -1.6627  0.2081 13.7882
 96 144 -2.0808  0.2855 13.7238
120 144 -2.0446 -1.6609 13.5117
144 144 -3.0544 -4.3270 12.8578
168 144 -3.3421 -5.0075 11.8719
192 144 -3.9606 -3.7999 11.9141
216 144 -4.2445 -2.3017 11.4984
240 144 -3.3683 -0.6968 13.9028
264 144 -3.3677 -1.9175 15.2583
288 144 -2.0196 -1.4709 16.8369
312 144 -1.4380 -0.9235 16.8098
336 144 -1.8546 -0.2962 15.6872
360 144 -0.3652 -0.1094 14.6459
384 144 -0.4891  0.0462 18.1551
408 144 -1.0661 -0.0577 14.3514
432 144 -2.3075 -0.4427 15.3331
456 144 -4.1803 -4.4220 15.2200
480 144 -3.6877 -5.2097 19.5847
504 144 -3.3618 -2.9931 15.3441
528 144 -2.6246 -1.7869 13.8290
552 144 -1.3548 -2.1536 13.8612
576 144 -1.8326 -2.4192 14.2380
600 144 -1.1042 -3.8138 12.8689
624 144 -3.2296 -5.7366 11.5579
648 144 -4.1104 -5.1577 14.5656
672 144 -4.2735 -4.6637 16.2587
696 144 -5.0869 -1.8417 14.2698
720 144 -6.2456 -3.8468 15.3319
744 144 -3.2629 -4.5253 12.4766
768 144 -3.4265 -4.1305 14.8086
792 144 -2.1309 -5.3301 13.0352
816 144 -1.1873 -6.7057 12.8562
840 144 -0.9606  0.9078  8.1524
864 144 -2.8132  5.2574 14.0624
888 144 -3.9997  5.2164 14.0979
912 144 -2.4448  2.6053 12.6727
936 144  0.6135  0.0055 14.9843
960 144  3.4335 -1.0629 12.0264
984 144  3.6525 -0.0357  8.7759
 24 168 -0.0000  0.0021 12.3790
 48 168 -1.7062 -1.7849 14.3032
 72 168 -3.4267 -1.4775 16.9512
 96 168 -2.8081 -0.2962 17.6369
120 168 -2.6500 -1.0503 17.7753
144 168 -2.2231 -5.3956 16.3232
168 168 -2.2392 -5.6996 18.4770
192 168 -2.6037 -2.6586 14.6813
216 168 -3.5017 -3.1558 11.4302
240 168 -3.9213 -3.7003 18.3419
264 168 -3.9349 -3.6071 13.7715
288 168 -3.4081 -2.3266 19.0756
312 168 -2.9523 -1.6447 21.4317
336 168 -2.3905 -1.2751 16.0996
360 168 -1.6806 -1.2123 14.9300
384 168 -0.1694  0.0104 15.7864
408 168 -0.7530  0.3843 17.5643
432 168 -0.4805 -0.0129 17.4890
456 168 -0.9687 -0.7130 16.3284
480 168 -3.9474 -4.8504 14.2807
504 168 -1.8278 -4.2339 11.4011
528 168 -0.2285 -3.9914 13.7425
552 168 -0.4199 -3.2463 15.4574
576 168 -0.7821 -2.9856 13.7634
600 168 -1.0270 -3.8577 13.8359
624 168 -0.2028 -5.6884 11.7702
648 168 -1.9271 -4.3885 13.5309
672 168 -3.7778 -4.1439 11.8426
696 168 -2.9895 -1.0222 13.4589
720 168 -1.9707 -1.6150 17.5729
744 168 -1.0490 -1.7030 16.0713
768 168 -0.4654 -2.4322 15.1674
792 168  0.1386 -6.1184 12.2871
816 168 -2.3261 -8.6688 15.5826
840 168 -4.8094  2.0608  8.4853
864 168 -4.0548  2.7818 11.9052
888 168 -3.0374  3.1708  9.4520
912 168  1.8550  0.0368 10.2906
936 168  3.3721 -1.1509 14.1537
960 168  3.7967 -1.4148 15.1320
984 168  3.7024 -0.0440  8.7977
 24 192  0.0292 -0.0294 11.6965
 48 192 -3.7308 -2.2362 15.0087
 72 192 -5.9614 -1.4252 12.9811
 96 192 -4.2524 -0.7144 13.6303
120 192 -4.7785 -0.8604 14.7198
144 192 -2.1149 -5.3042 13.7075
168 192 -2.1373 -5.3354 15.2647
192 192 -1.8583 -2.4829 17.3124
216 192 -3.7690 -2.9987 16.0407
240 192 -4.8294 -3.1451 16.4537
264 192 -4.9496 -3.1569 12.3674
288 192 -4.0102 -2.3067 16.8260
312 192 -3.4724 -1.7740 26.3613
336 192 -2.8745 -1.4450 19.9883
360 192 -3.8783 -1.6008 16.3763
384 192 -2.2673 -0.2039 16.0458
408 192 -2.7580  1.1936 18.2554
432 192 -1.4374  0.2413 18.6284
456 192 -1.3817 -0.0227 18.7484
480 192 -0.2400 -6.0441 12.8462
504 192 -0.1753 -6.0362 13.0157
528 192 -0.1211 -4.4615 14.0111
552 192 -2.3009 -2.7968 15.7609
576 192 -3.0282 -3.0546 13.8334
600 192 -2.4042 -4.1788 14.2661
624 192 -0.0213 -5.9089 12.4016
648 192  2.2310 -2.2464 14.2666
672 192  1.7592 -1.1532 15.0639
696 192 -0.5857 -1.6247 15.4034
720 192 -1.7137 -1.9754 16.2070
744 192 -0.4867 -1.8267 17.8079
768 192 -0.0010 -2.6108 18.6125
792 192  1.7165 -4.4921 12.6796
816 192  0.1789 -5.7454 10.4180
840 192 -2.5861  0.9652 14.9994
864 192 -2.4900  0.5488 11.5699
888 192  2.1877 -1.5267 10.2672
912 192  3.9242 -0.9932 13.1907
936 192  4.4888 -1.3006 15.6377
960 192  4.5067 -1.3910 15.6852
984 192  3.6443 -0.0022  8.8248
 24 216  0.0146 -0.0494 11.7414
 48 216 -4.7488 -2.2142 17.5532
 72 216 -7.0591 -1.0704 15.7519
 96 216 -6.1978 -0.1411 17.0016
120 216 -5.1228 -0.9355 14.6079
144 216 -3.4810 -5.2644 21.0460
168 216 -3.2529 -5.0798 15.4928
192 216 -6.6352 -1.1105 13.7634
216 216 -5.9115 -2.2847 15.8080
240 216 -6.0593 -2.1722 13.6329
264 216 -6.1577 -2.0448 14.1396
288 216 -4.2817 -2.2653 15.8845
312 216 -3.7207 -2.1453 19.3541
336 216 -3.1779 -0.9482 13.2156
360 216 -4.2549  0.0158 13.8378
384 216 -4.0658  0.3201 17.9401
408 216 -3.2436  0.3255 17.3862
432 216 -1.8803 -0.0624 16.8723
456 216 -1.9617 -0.1606 17.4036
480 216 -5.1602 -9.9605 12.8700
504 216 -5.7398 -8.2412 10.8621
528 216 -4.2370 -4.9454 10.6504
552 216 -5.4805 -4.1467 13.1617
576 216 -5.7772 -4.7040 12.9924
600 216 -5.1561 -4.7216 14.4215
624 216 -1.5808 -6.5169 11.1169
648 216  1.2391 -1.3945 14.0011
672 216  1.3728 -0.2254 17.3452
696 216  0.3569 -0.3163 13.2871
720 216  0.1883 -1.0914 13.4271
744 216  0.3293 -1.7416 14.5077
768 216  0.9911 -1.7957 15.1469
792 216  0.7129 -2.5443 15.4927
816 216 -0.7399 -1.5517 15.8253
840 216 -0.3227  0.3331 14.7747
864 216  0.1298 -0.1433 12.0468
888 216  3.9833 -1.4031 13.3723
912 216  5.0754 -0.2103 13.6760
936 216  6.9004 -0.2875 16.5830
960 216  6.4916 -2.2514 17.0267
984 216  3.6044 -0.0803  8.8955
 24 240 -0.0101 -0.0724 12.4178
 48 240 -5.6620 -2.1308 16.0558
 72 240 -3.8617 -1.4587 13.2863
 96 240 -4.2724 -0.3557 17.8894
120 240 -4.0945 -0.8749 15.0000
144 240 -5.6634 -5.2676 14.8674
168 240 -4.0162  0.0982 14.7783
192 240 -4.2634  0.1390 15.4450
216 240 -5.9203 -1.5166 15.4672
240 240 -5.8822 -1.7634 12.7951
264 240 -5.9061 -2.2086 10.7598
288 240 -3.7179 -3.0992 15.7846
312 240 -2.3481 -3.0310 16.6548
336 240 -2.6431 -1.2352 13.7995
360 240  0.0105  0.9461 13.9058
384 240 -1.4013 -0.0769 15.0120
408 240 -2.6928 -1.3235 15.9944
432 240 -1.6113 -0.2390 19.4348
456 240 -2.4666 -0.3163 18.9794
480 240 -6.3617 -8.9117  8.8256
504 240 -8.2687 -8.7924  9.8960
528 240 -9.0433 -5.6202  9.4988
552 240 -8.0467 -4.1830 11.5249
576 240 -5.0955 -5.8179 11.7896
600 240 -6.1621 -5.8318 13.5600
624 240 -6.9326 -4.3727 10.6825
648 240 -4.1071 -0.5637 14.7955
672 240 -2.1658 -0.6371 14.2035
696 240 -0.2381  0.0484 14.4045
720 240  1.3901 -0.6084 15.9851
744 240  3.3537 -0.9953 15.2322
768 240  3.4001 -0.2697 17.8240
792 240  1.4568 -0.2525 16.3828
816 240  0.5790 -0.2754 17.4864
840 240  0.8318  0.0948 19.1046
864 240  0.3782 -0.1478 13.2499
888 240  1.8592 -4.0554 14.4137
912 240  4.2111 -2.7602 10.8999
936 240  6.6245 -1.6701 15.3512
960 240  5.9519 -2.0100 14.2605
984 240  3.6180 -0.1188  8.4172
 24 264 -0.0397 -0.0346 12.8769
 48 264 -4.8283 -2.9437 14.0145
 72 264 -1.7972 -1.8889 15.4454
 96 264 -0.2019 -0.9828 17.2344
120 264 -1.7486  0.2096 14.1961
144 264 -6.7710 -6.0270 14.8970
168 264 -2.3103  1.6698 10.8774
192 264 -2.4297 -0.1492 17.6335
216 264 -1.4712 -0.9110 19.5674
240 264 -2.0489 -2.2368 17.5863
264 264 -2.6106 -0.4622 15.2370
288 264 -2.3182 -1.9349 14.4969
312 264 -2.1208 -3.2680 14.7992
336 264 -2.9964 -2.5698 14.2590
360 264  0.1709 -1.0513 12.5675
384 264 -2.5851 -0.8968 14.2854
408 264 -3.2445 -1.1768 14.2636
432 264 -2.8075  0.7736 16.0449
456 264 -3.9084 -0.0208 15.5526
480 264 -3.8141 -1.4585 12.1378
504 264 -8.2762 -9.1011  9.6585
528 264 -10.3552 -4.5980 11.6616
552 264 -10.2524 -4.3304 10.7522
576 264 -10.0844 -6.5746  7.6324
600 264 -9.1694 -3.1622 12.0156
624 264 -8.1387 -1.9163 11.0147
648 264 -6.1026 -0.8565 18.9612
672 264 -3.0004 -1.8177 16.5518
696 264 -1.5873 -1.2183 14.8147
720 264  0.4003 -1.9978 13.9702
744 264  3.3473 -0.2626 16.1298
768 264  3.5186  0.0182 18.2932
792 264  2.2318  0.3696 15.5970
816 264  0.7682  0.1683 13.8722
840 264  1.3283  0.0398 15.9943
864 264  1.4321 -1.1523 15.7370
888 264  0.0224 -5.2301 16.7216
912 264 -0.2651 -5.1770 12.9126
936 264  0.1320 -2.3179 12.7938
960 264  4.1620 -2.0501 12.3460
984 264  3.6437 -0.0853  8.3534
 24 288 -0.0285 -0.0697 12.2414
 48 288 -4.7066 -2.6915 15.4270
 72 288 -1.8269 -2.1040 16.2763
 96 288 -0.2279 -0.3324 17.8838
120 288  0.1089  0.4654 20.5986
144 288 -2.1428 -8.8153 11.2318
168 288 -2.8669 -7.9334 16.4614
192 288 -1.4923 -0.9396 18.3381
216 288 -1.6644 -0.8077 18.9659
240 288 -1.9660  0.1733 15.1954
264 288 -2.3944  0.9151 15.1011
288 288 -2.1613 -0.1832 13.4610
312 288 -0.4963 -1.2169 15.9832
336 288  0.2123 -1.8860 14.3472
360 288 -0.6972 -2.9523 15.8712
384 288 -3.5288 -0.2402 15.0574
408 288 -4.8800 -0.3127 16.7991
432 288 -4.9884  0.2225 15.0737
456 288 -4.0236  1.6713 16.5174
480 288 -5.1193 -1.8418 16.4270
504 288 -5.5157 -1.5512 10.5612
528 288 -7.9260  3.0907 12.5379
552 288 -6.7829  0.7541 12.6671
576 288 -11.0721 -2.0184  9.8161
600 288 -11.7243  0.0514 12.2606
624 288 -8.2529 -0.3024  9.3445
648 288 -5.5394 -1.5319 12.7447
672 288 -3.8518 -4.3723 16.1900
696 288 -0.2378 -2.3672 14.3928
720 288  1.1852 -2.9361 13.8205
744 288  3.0220  0.2312 17.2531
768 288  3.2154  0.6778 17.5608
792 288  3.6658  1.6679 16.2114
816 288  1.4375  2.2771 18.1591
840 288  1.4486  0.0834 18.8809
864 288  1.2674 -0.6002 15.2118
888 288 -0.5627 -3.9179 12.7144
912 288 -1.4425 -4.0968 14.3035
936 288 -1.4609 -2.4340 16.7115
960 288 -0.9920 -1.6329 17.2742
984 288  3.5907 -0.0998  8.4581
 24 312 -0.0179 -0.0331 11.9395
 48 312 -4.9914 -1.8201 12.8807
 72 312 -3.5920 -2.2635 17.1735
 96 312 -0.8399  0.6167 14.0224
120 312 -0.0537  0.7407 15.8040
144 312  1.3684 -3.5037 12.1063
168 312  1.0154 -4.2595 11.4781
192 312  0.1141 -1.8192 10.4521
216 312 -1.1438 -0.4422 16.1568
240 312 -1.0137  0.1887 13.4011
264 312 -1.4782  0.7200 15.1135
288 312 -1.9349 -0.2951 14.5789
312 312 -0.2007 -1.1925 16.5208
336 312  0.2799 -1.3695 18.2561
360 312  0.2150 -1.4369 18.3189
384 312 -0.8507  0.1055 15.1535
408 312 -5.9751 -0.7107 13.3623
432 312 -7.3043  0.0206 16.7764
456 312 -8.1373  1.7045 15.9828
480 312 -6.5305 -0.1532 13.5480
504 312 -5.8303 -1.1100 14.3689
528 312 -6.2525  3.2047 15.2714
552 312 -6.2685  2.2315 19.0475
576 312 -6.5090  1.1680 13.7021
600 312 -4.4188  5.1979  9.9828
624 312 -2.0740  4.2726 15.8074
648 312 -1.1449  0.2336 11.1279
672 312 -3.8845 -2.3800 15.0442
696 312 -0.7182 -0.8001 13.6973
720 312 -0.1308 -0.2532 14.5504
744 312 -0.3566 -0.2560 23.1926
768 312  0.2145  0.4869 18.4953
792 312  1.4043  2.4044 13.3898
816 312  1.5030  2.8643 19.5057
840 312  1.1999  1.3300 16.3999
864 312  1.6577  0.1139 14.5811
888 312  1.9637 -0.3550 12.8266
912 312 -1.7672 -3.1985 14.1050
936 312 -2.0670 -3.5619 14.7618
960 312 -1.1437 -1.5267 19.1518
984 312  3.5554 -0.0367  8.4186
 24 336 -0.0469 -0.0183 12.8284
 48 336 -2.0436 -0.8761 12.5807
 72 336 -0.3676  0.2545 15.3002
 96 336 -2.6256  1.2484 13.0616
120 336 -1.5552  0.2710 14.1047
144 336  4.0082 -6.2226 11.9415
168 336  4.1150 -5.6298 15.2170
192 336  1.9635 -4.4212 15.0892
216 336  0.2261 -0.7667 18.4453
240 336  0.0544 -0.5882 17.3344
264 336 -1.7635 -0.1493 13.2504
288 336 -1.9444 -0.7710 13.1074
312 336 -0.2834 -1.1025 16.4400
336 336 -0.3542 -0.7512 19.8481
360 336 -0.3826 -0.9507 19.7884
384 336 -2.3617 -0.2868 14.6195
408 336 -6.3754 -1.0362 13.6630
432 336 -8.3924 -0.6429 18.3063
456 336 -8.4294  1.2182 16.6838
480 336 -7.9717  1.6380 21.2063
504 336 -8.0061 -0.0850  8.3572
528 336 -4.6681  5.1435 15.2602
552 336 -5.9047  3.0721 16.7689
576 336 -5.9430  1.8356 12.5474
600 336 -4.1196  3.8791 14.6237
624 336 -2.1618  4.6642 18.5664
648 336  1.6559  1.2434 17.6385
672 336  2.7163  0.1764 20.8758
696 336  0.2772  0.8934 12.9857
720 336 -1.5243  0.1351 14.5683
744 336 -1.0749 -0.2457 21.3153
768 336 -0.2453 -0.6812 20.6566
792 336  1.4296 -0.1189 13.1291
816 336  1.3871  1.3226 13.0922
840 336  0.9551  2.0133 19.8352
864 336  1.7878  0.4758 12.7093
888 336  2.0560  1.5148 11.0155
912 336  0.0727  1.3338 10.7272
936 336 -0.1101 -1.2098 14.2366
960 336 -0.8174 -0.8940 14.6901
984 336  3.6376  0.1031  9.2242
 24 360 -0.0371 -0.0131 11.9097
 48 360 -2.8930 -3.4063 14.3691
 72 360 -0.0338 -0.8612 13.5281
 96 360 -0.1472  0.0369 14.7572
120 360 -0.2317 -0.2502 14.1903
144 360  0.2431 -0.7037 12.4879
168 360  1.5694 -3.6225 17.3429
192 360  1.0803 -2.9180 16.9630
216 360  0.1961 -1.6607 18.5244
240 360  0.7486 -0.4734 19.0670
264 360  3.7051 -2.9562 11.1667
288 360  3.7093 -3.5185 13.1853
312 360 -0.1486 -0.2342 15.3008
336 360 -0.3535 -0.0349 18.0928
360 360 -1.4510 -0.5118 19.0840
384 360 -4.1449 -0.4194 18.2785
408 360 -7.7718  0.0295 13.6191
432 360 -9.7221 -0.1373 15.0213
456 360 -11.0048  1.1662 17.4330
480 360 -8.3163  1.8296 18.7730
504 360 -4.3287  2.3836  7.6003
528 360 -4.2597  4.5162 17.5821
552 360 -4.1856  3.4578 16.4252
576 360 -4.3626  2.8031 17.8963
600 360 -4.8516  2.9458 15.6413
624 360 -2.0698  2.7481 12.7980
648 360  1.9559  1.6751 20.8688
672 360  2.7392  0.2371 16.3370
696 360  1.2945  2.7651 12.6743
720 360 -0.7690  2.7076 16.7007
744 360 -1.2585 -0.1497 18.5650
768 360 -0.1031 -0.9619 19.7452
792 360  0.4785 -1.0583 15.8326
816 360  0.8209 -0.5045 14.2219
840 360  0.1993  1.4104 17.2971
864 360  0.7642  3.3878 12.9217
888 360  1.5043  5.7783 16.0123
912 360  2.0086  5.6921 12.4364
936 360  0.4287  0.6410 11.5870
960 360  0.2049  0.1276 15.3346
984 360  3.5862  0.0642  8.8510
 24 384 -0.0161 -0.0437 11.8795
 48 384 -3.9680 -4.0037 13.0889
 72 384 -3.1585 -3.7155 11.9819
 96 384 -1.7806 -3.1125 12.2682
120 384  0.1607 -0.6361 18.2823
144 384  0.2300 -1.1192 13.5965
168 384  1.6675 -3.8529 17.0943
192 384  1.4891 -2.8416 18.6098
216 384  0.4030 -1.9595 19.3022
240 384  0.3407 -1.9046 18.1910
264 384  0.3554  2.4998  9.7652
288 384  0.1515  1.3998 10.0883
312 384 -2.1478 -0.1940 14.7217
336 384 -2.6673  0.3076 20.8155
360 384 -2.9027  0.1598 19.8175
384 384 -4.3721 -0.0680 18.4163
408 384 -9.3057  0.1940 14.3853
432 384 -11.9524 -0.0073 11.7275
456 384 -2.3364  0.0872 12.9781
480 384 -5.8288  0.4374 15.3974
504 384 -4.9383  0.4290 16.7295
528 384 -4.3187  3.0120 16.2689
552 384 -4.2440  2.6393 18.0008
576 384 -4.0549  1.6353 17.2407
600 384 -3.8032  1.6046 16.2306
624 384 -2.4384  1.1013 15.7453
648 384  1.6314  1.7136 19.0433
672 384  2.4474  1.1660 16.4093
696 384  1.9390  4.7422 12.6660
720 384  0.8362  3.8363 13.6955
744 384  0.1436 -0.0606 20.0908
768 384  0.2732 -0.5588 19.1567
792 384 -0.0649 -0.5254 19.6716
816 384 -0.2898  0.5731 15.3885
840 384  0.0168  2.4754 16.2589
864 384  0.1587  4.4489 15.5962
888 384  0.9322  5.9395 14.4745
912 384  2.4715  5.8396 11.9523
936 384  2.9202  3.7351 10.9229
960 384  0.8055  0.9693 14.7518
984 384  0.9221  0.1060  8.4302
 24 408 -0.0122 -0.0163 12.1376
 48 408 -3.8534 -2.7811 14.7142
 72 408 -4.0451 -2.8407 14.8234
 96 408 -3.9661 -1.6968 17.2071
120 408 -1.3534 -0.8021 20.2542
144 408 -0.2162 -1.7469 17.1166
168 408  0.9126 -2.6621 17.7662
192 408  0.9718 -1.8442 15.8796
216 408  0.3760 -1.7747 17.8696
240 408 -0.2587 -1.9301 21.7983
264 408 -0.9142 -0.0839 15.1027
288 408 -1.9466  1.3351 19.1838
312 408 -2.0762  0.2726 22.5258
336 408 -2.1415 -0.0093 21.6655
360 408 -1.8124  0.6664 15.7989
384 408 -2.4336  1.0604 15.1917
408 408 -6.2607 -0.4114  8.6404
432 408 -5.4540 -0.7801 13.2990
456 408 -4.7425 -0.2423 17.0038
480 408 -5.1144  0.0368 19.6464
504 408 -4.6510  0.0727 19.9877
528 408 -4.3859  1.7853 18.9889
552 408 -3.9121  1.7950 20.5254
576 408 -3.7343  0.8649 23.0417
600 408 -3.4881  1.6335 16.6957
624 408 -3.9102  2.0472 17.8317
648 408 -3.2738  2.1565 15.8567
672 408  0.1748  2.1599 15.2832
696 408  1.7684  6.3104 12.0899
720 408  0.3524  6.2832 12.1096
744 408  0.9939  1.1742 13.6289
768 408  1.0590  0.7377 11.9116
792 408 -1.8788  0.2480 11.5559
816 408 -4.8537  0.6358 18.3562
840 408 -0.3373  1.6329 16.7509
864 408  0.2226  1.3397 16.0350
888 408  2.6910  1.7459 14.6997
912 408  4.0250  3.9371 10.8802
936 408  5.2404  4.6185 10.8200
960 408  4.6937  4.8708 13.0745
984 408  1.2311  0.0183  8.3687
 24 432 -0.0124 -0.0214 12.4907
 48 432 -0.7183  0.2485 13.8166
 72 432 -1.5010 -0.0956 14.6696
 96 432 -1.9589 -1.0517 15.6615
120 432 -0.8493 -0.7713 16.4169
144 432 -0.4642 -0.9202 16.4707
168 432 -0.9888 -0.3299 16.7051
192 432 -0.9327  0.3756 17.1011
216 432 -1.1830  0.3640 19.8390
240 432 -1.3195 -1.5178 18.8430
264 432 -1.0517 -0.2334 15.5072
288 432 -0.1156  1.8425 16.9595
312 432  0.0639  2.2604 22.0621
336 432 -0.0851  1.8280 18.8238
360 432 -1.8001  0.2002 13.2035
384 432 -6.2444  4.5963 18.5015
408 432 -6.0418  5.8079 11.5550
432 432 -5.9498 -0.4188 15.2269
456 432 -3.1791 -0.9299 15.0590
480 432 -4.6025 -0.7250 21.4693
504 432 -4.1442 -0.5894 20.6003
528 432 -4.8367  2.7412 11.3970
552 432 -5.8134  4.1968 13.4009
576 432 -4.0964  1.3302 12.8777
600 432 -4.4209  2.8262 18.9129
624 432 -4.3540  2.0610 18.4330
648 432 -4.9493  0.4620 10.5065
672 432 -2.0649  1.1227 12.1327
696 432 -0.5744  7.0086 11.4213
720 432 -0.0344  8.6253 13.6560
744 432  6.6067  3.3077 18.5882
768 432  4.0998  4.0474 13.8908
792 432  0.4588  4.8012 11.3641
816 432 -3.0824  1.5519 10.3533
840 432 -1.9590  0.1126 20.2468
864 432  2.6748  1.0913 22.2404
888 432  3.6261  0.9995 18.2788
912 432  5.5331  2.3832 13.4383
936 432  6.7217  2.8902 10.2280
960 432  5.5638  4.0967 13.0592
984 432  1.9249  0.0566  8.3854
 24 456 -0.0000 -0.0987 11.3948
 48 456  0.2941  0.2027 15.6845
 72 456  0.4380  0.7453 21.1977
 96 456  0.4056  0.0779 16.4624
120 456 -0.1127 -0.2270 16.2117
144 456 -0.4643  0.0966 13.6656
168 456 -1.4582  0.7587 17.7534
192 456 -0.9368  1.1197 19.4999
216 456 -0.5589  1.7987 19.9602
240 456 -0.0933  0.2989 16.2678
264 456  3.3315 -0.4169 13.1440
288 456  1.3123  1.1663 13.5719
312 456  0.9803  2.6781 19.0002
336 456  0.3130  2.3542 19.9168
360 456 -5.9865  4.8129 12.4818
384 456 -6.8426  5.9366 17.4687
408 456 -1.6462  3.2144 16.2503
432 456 -0.2635 -0.8865 10.6812
456 456 -0.2902 -3.1640 20.2539
480 456 -1.4587 -3.5872 17.2348
504 456 -0.9075 -1.8013 19.6863
528 456 -3.1247  7.1296 15.5945
552 456 -5.8527  5.5254 12.0649
576 456 -7.0465  3.4316 12.0387
600 456 -6.4835  2.1537 15.0733
624 456 -4.2196  0.3505 13.0753
648 456 -5.1667  1.0632 14.1149
672 456 -4.0037  1.9653 13.2708
696 456  0.1157  4.7182 14.9299
720 456  1.6935  5.1216 14.7384
744 456  7.1760  2.6420 16.5027
768 456  6.2929  2.4917 10.2805
792 456  1.2038  7.0439 10.6937
816 456  1.2575  5.9839 15.7625
840 456 -0.4202  0.4995 16.2357
864 456 -0.2499 -0.4299 15.3448
888 456  2.3111 -0.1450 16.6037
912 456  4.7570  0.2307 14.6693
936 456  5.9064  0.9987 13.8871
960 456  4.9043  1.3659 12.4806
984 456  1.6178  0.0088  7.8893
 24 480 -0.0130 -0.0407 12.0703
 48 480  0.3021  0.4286 18.1488
 72 480  1.4067  1.7933 17.1297
 96 480  1.2225  2.0479 15.4121
120 480  0.7308  2.2695 12.8664
144 480 -0.9532  2.4241 14.5024
168 480 -1.3575  1.7763 20.6986
192 480 -0.7748  1.9379 18.2597
216 480 -0.4292  3.1345 16.7511
240 480  1.1249  2.2045 14.5418
264 480  3.7213 -0.6970 17.8966
288 480  0.8697  1.2007 14.0631
312 480  3.0359  3.6798 13.8326
336 480  3.2727  3.5156 16.2725
360 480  5.7065  5.2371 10.5782
384 480 -0.0933  4.0725 13.7119
408 480 -1.6804  2.8403 16.5754
432 480  0.0747 -0.7001 12.6819
456 480  0.1603 -3.2679 21.2187
480 480 -1.0671 -3.8759 21.6782
504 480 -1.0579 -0.8184 17.6721
528 480 -2.7660  4.1622 16.7387
552 480 -3.3215  4.5840 12.8679
576 480 -6.8867  2.3228 13.0915
600 480 -7.6192  2.5498 15.9741
624 480 -7.8975  2.1947 11.1892
648 480 -6.0983  0.8673 14.6368
672 480 -3.9940  1.6827 14.0525
696 480 -0.1463  4.4779 12.4240
720 480  1.1067  4.1722 12.5562
744 480  2.8775  3.1031 12.8543
768 480  2.7815  8.1319 10.9039
792 480  1.5424  5.8579 10.1293
816 480  0.8436  4.3434 16.6625
840 480 -0.1864  1.2817 15.7400
864 480 -0.4738 -1.2190 18.6470
888 480  0.0197 -1.2943 19.6037
912 480  3.0442 -1.3643 12.5664
936 480  3.8608 -1.1936 13.1375
960 480  3.9123  1.9140 12.9594
984 480  3.6048  0.0850  8.6557
 24 504 -0.0315  0.0087 12.7310
 48 504 -0.2521  2.0198 15.8023
 72 504  0.6775  3.2405 17.3936
 96 504  1.0288  4.8826 17.3399
120 504  0.9392  5.2182 17.2502
144 504 -0.4838  5.1638 12.9589
168 504 -0.8615  2.2673 14.4626
192 504 -0.8899  2.2382 16.8807
216 504 -1.5825  4.8658 14.5035
240 504 -0.3373  3.5990 15.9074
264 504 -1.7527  0.0186 20.2105
288 504 -1.4946  0.0633 16.6963
312 504  1.9850  3.2038 12.9734
336 504  3.1238  3.2537 16.9494
360 504  2.0586  2.8045 19.1365
384 504  0.5471  0.2022 17.6327
408 504  0.3541  0.3009 16.4055
432 504  0.7786 -0.2435 12.4846
456 504  1.3828 -0.0057 18.0523
480 504  1.7525  0.2946 18.7082
504 504  0.6565 -0.2348 12.7553
528 504 -0.6886  2.9873 12.0664
552 504 -0.4327  3.1165 19.7341
576 504 -2.0172  3.8425 14.9726
600 504 -7.3842  2.5775 11.2090
624 504 -3.3901  3.0928  9.6259
648 504 -4.0955  0.5963 10.1521
672 504 -3.3502  1.1114 12.0143
696 504 -2.9104  4.8660 19.7646
720 504 -0.9357  4.1379 12.7442
744 504  2.2639  4.2416 15.3945
768 504  0.4383 10.9747 12.9876
792 504  1.1568  3.4264 10.8313
816 504 -0.0654  2.8152 14.9676
840 504 -0.7495  2.0802 12.7784
864 504 -0.3977 -0.4670 17.4946
888 504 -1.9949 -1.2212 16.3839
912 504  1.5365 -3.9612 15.0693
936 504  1.9201 -0.7267 13.2608
960 504  3.5534  2.9419 13.7739
984 504  3.7021  0.0690  9.6095
 24 528 -0.0083  0.0490 12.2186
 48 528 -1.5907  1.2638 14.2022
 72 528 -0.2171  2.1283 17.7657
 96 528  1.6147  3.9165 14.9108
120 528 -0.1541  6.2442 14.5603
144 528 -2.2603  7.0591 12.9974
168 528 -2.8339  4.0948  9.5185
192 528 -2.2623  2.7283 13.1017
216 528  0.0119  4.4529 13.6949
240 528 -0.1831  4.3270 15.9883
264 528 -0.4142  2.2538 13.9704
288 528 -0.5558  1.5009 15.3665
312 528 -0.4302  1.0357 18.1505
336 528 -1.8926  1.6338 15.5886
360 528 -0.0870  1.9390 16.7398
384 528 -0.0726  0.6465 20.7921
408 528  0.0920  0.8091 23.8132
432 528  0.0800  3.8539 19.0390
456 528  1.5645  1.5495 17.4872
480 528  2.5938  1.7532 19.4444
504 528  1.4183  0.9077 15.3151
528 528  0.0028 -0.0237 16.5173
552 528 -1.0753  0.6043 17.8737
576 528 -1.8304  3.4966 18.2024
600 528 -1.7126  2.9453 15.3649
624 528 -1.2517  1.2292 14.7772
648 528 -0.2179  2.0870 13.0520
672 528 -0.2479  1.9688 11.5968
696 528  1.7285 -0.0712 12.3315
720 528  3.0340  2.7773 15.1985
744 528  2.9373  4.8251 13.0285
768 528  3.2112  5.7319 11.2925
792 528  2.0610  2.3124 12.4494
816 528  0.1767  1.6154 14.3933
840 528 -0.8200  1.9735 14.7154
864 528 -0.2375  0.2857 15.0174
888 528 -1.3482 -1.1282 11.5500
912 528  0.7288 -3.9672 16.5892
936 528  1.1581 -1.7328 14.4291
960 528  1.6379  2.9652 15.1742
984 528  3.6932  0.0785  9.1408
 24 552 -0.0013  0.0112 12.3869
 48 552 -0.8075  3.3059 16.0252
 72 552 -1.6370  5.0802 18.3694
 96 552 -0.4123  6.3762 17.4305
120 552 -0.6077  7.7908 15.8864
144 552 -1.0211  6.9170 13.7395
168 552 -1.9843  5.0608 12.9830
192 552 -0.0543  2.6239 16.9375
216 552  3.6402  4.8125 14.2975
240 552  2.1150  6.0800 16.5719
264 552  0.3218  4.0976 13.5892
288 552  0.2275  2.7018 17.0132
312 552  0.0341  2.6645 19.2867
336 552 -1.7792  1.2385 18.9437
360 552 -0.2814  1.1002 20.5753
384 552 -0.7067  0.8974 24.4670
408 552 -0.2505  1.7068 19.0586
432 552 -0.1492  4.7893 15.0701
456 552  0.2064  4.7831 12.7292
480 552  0.4446  3.6649 15.0540
504 552  1.5163  2.7853 13.4862
528 552  0.6716  0.6172 16.8597
552 552  0.8835  0.0982 18.0281
576 552 -0.1989  1.8585 17.6911
600 552 -0.9603  1.7191 11.3504
624 552  0.0781 -0.6519 20.6906
648 552  1.1377  0.3406 19.1306
672 552  0.7372  1.0699 15.9508
696 552  0.6683 -0.0584 15.9069
720 552  0.4889 -0.1222 16.2917
744 552  0.1574  4.7214 10.8165
768 552  2.3715  4.3918 10.4258
792 552 -0.1956  0.9513 13.9028
816 552 -0.3320  0.4353 16.1332
840 552 -0.3197  1.1030 13.2093
864 552 -0.6846  1.0150 18.4002
888 552 -0.2735 -0.7033 13.9040
912 552 -1.6997 -3.3190 15.3718
936 552 -0.7280  0.0804 12.5458
960 552  1.3944  3.2904 15.4100
984 552  3.6757  0.0498  8.4737
 24 576 -0.0120 -0.0505 12.5263
 48 576 -1.1826  3.8539 17.6643
 72 576 -1.8628  5.2084 22.2482
 96 576 -2.1710  6.5254 16.4617
120 576 -2.5972  6.6803 13.1133
144 576 -1.1390  5.4036 13.8629
168 576 -0.1909  4.5413 17.1362
192 576  0.4642  2.0225 19.1643
216 576  3.8402  4.4813 13.1979
240 576  4.1787  5.4225 19.8734
264 576  4.2897  5.6649 18.0316
288 576  2.3866  4.6718 11.1547
312 576 -0.0261  3.7951 12.4177
336 576  0.1213  2.6308 14.5503
360 576 -0.1993  1.0097 19.2344
384 576 -0.6686  0.8072 21.6833
408 576 -0.0458  1.5821 14.0366
432 576  3.6102  7.2284 14.3356
456 576  2.5509  7.9604 14.7633
480 576  1.7175  4.8028 14.3377
504 576  1.1886  3.7963 13.6601
528 576  2.4785  0.3362 15.7342
552 576  1.6747 -0.1395 19.6437
576 576  0.0853 -1.3689 16.4240
600 576 -1.3364 -1.7732 20.2308
624 576 -0.0398 -1.5139 18.7053
648 576  1.3416 -0.8888 11.1235
672 576  0.9314  0.0856  8.7793
696 576 -0.1906  0.8165 18.1714
720 576 -1.5410  1.6460 14.4955
744 576 -0.6300  4.1075 14.0390
768 576 -0.0102  4.9004 13.2610
792 576 -2.0024  0.7104 14.3905
816 576 -2.0896  0.1069 16.6178
840 576 -0.4624  0.7955 17.5920
864 576  0.0178  1.3638 15.4475
888 576  0.1912  0.4093 13.0294
912 576 -4.1389 -0.9777 11.0425
936 576 -5.0416  0.2643 15.0356
960 576 -7.0139  0.8897 10.1749
984 576  3.7204 -0.0322  8.5912
 24 600 -0.0115 -0.0365 12.5770
 48 600 -1.1283  2.5210 16.6007
 72 600  0.7878  3.3848 18.2506
 96 600 -1.0180  7.0708 14.5782
120 600 -2.2807  4.7490 13.5701
144 600 -1.9341  4.0118 15.7545
168 600  0.0270  3.7839 16.3729
192 600  0.6605  2.8482 16.3314
216 600  1.1987  3.2868 15.3298
240 600  3.9792  4.8532 17.4983
264 600  4.2634  5.9193 18.3799
288 600  4.2783  6.3355 19.0495
312 600  2.2056  5.8754 14.8360
336 600  0.0192  3.8208 18.6557
360 600 -0.2435  2.7162 19.7365
384 600 -0.1919  1.3601 20.8340
408 600 -0.0593  1.2976 17.8353
432 600  3.7492  6.9331 12.4694
456 600  2.9230 10.4249 12.0255
480 600  2.2715  5.9826 13.9832
504 600  2.2519  4.1357 15.7810
528 600  2.9121  1.2644 16.4439
552 600  1.4173 -0.0731 15.4877
576 600  1.0883 -0.3161 17.3288
600 600 -0.0662 -2.2989 12.9924
624 600  0.5630 -5.0099 15.0918
648 600  0.0535 -6.7924 12.9391
672 600 -0.7534 -7.7922 11.8337
696 600 -0.4439  1.5411 14.6550
720 600 -0.0344  2.8212 16.4323
744 600  0.3919  4.5835 14.2601
768 600  0.4775  5.4846 14.4404
792 600 -1.9326  1.1865 18.2553
816 600 -1.7040  0.2302 17.5785
840 600 -1.8435 -0.2531 18.2870
864 600  1.0199  2.7346 11.7735
888 600 -5.5196  7.9629 15.4292
912 600 -4.0207  8.5299 13.8008
936 600 -5.7980  2.9526 18.5959
960 600 -0.3266  2.4806 11.5994
984 600  3.7078  0.0688  8.9954
 24 624 -0.0038 -0.0119 12.4744
 48 624 -0.1468  0.9962 22.6063
 72 624 -0.0608  1.0484 17.9852
 96 624 -0.1515  1.8877 12.3168
120 624 -1.0311  4.9838 13.3250
144 624 -1.7652  3.3460 15.6700
168 624  0.0580  3.2348 18.2692
192 624  0.2194  3.3072 17.2995
216 624  1.1049  3.1556 15.4134
240 624  4.0527  3.1861 15.5852
264 624  7.2124  9.7345  9.6506
288 624  3.9498  5.8581 13.0787
312 624  0.2754  5.0539 15.8005
336 624  0.1815  1.9800 18.5983
360 624  0.7390  3.0727 17.4764
384 624  0.1135  2.6484 19.3272
408 624 -0.3115  0.9545 17.3897
432 624 -0.3901  2.9018 12.4218
456 624  2.0785  9.4548 12.8271
480 624  2.1398  6.0521 14.5078
504 624  3.6063  1.7086 16.4718
528 624  3.7245  1.8267 12.7798
552 624  2.4414 -1.2415 12.3193
576 624  1.9438 -2.2100 19.5083
600 624  0.9003 -5.8095 12.9878
624 624  1.2163 -5.3119 15.2462
648 624  0.8182 -4.8095 16.4977
672 624  1.0701 -4.1383 14.6507
696 624  0.2301 -0.1829 14.1526
720 624  0.3530  2.8693 14.1075
744 624  1.6461  5.1795 14.9497
768 624  0.1795  7.0085 13.2945
792 624 -2.9908  0.8874 14.2607
816 624 -1.6058  1.0140 14.5331
840 624 -6.0185  3.4218 12.7289
864 624 -3.1267  9.4663 12.7206
888 624 -3.9276  8.9101 13.1571
912 624 -5.5471  4.8801 10.9395
936 624 -1.6453  0.9807 11.6622
960 624  0.1520  1.7933 16.9975
984 624  3.6024  0.0514  8.6673
 24 648 -0.0018  0.0364 12.4860
 48 648 -1.6067  1.5816 17.5600
 72 648 -0.8336  1.0084 23.2047
 96 648 -0.4722  1.8042 15.7690
120 648  1.6266  7.0408 13.2414
144 648 -0.0196  3.0871 17.2443
168 648  1.0303  3.6158 16.4299
192 648  1.2615  3.6207 15.6612
216 648  0.5152  2.8368 12.7380
240 648  5.0274  5.4805 12.1176
264 648  6.4754  9.8097 11.7992
288 648  1.1731  8.0698 12.5506
312 648 -0.2997  1.1917 13.7511
336 648  0.1038  0.8715 21.6833
360 648  0.2028  1.2951 18.5470
384 648  0.2551  0.6434 12.8418
408 648  0.3333 -0.4302 13.3470
432 648  0.2705 -1.2097 15.0633
456 648  0.1459 -1.0859 12.8333
480 648  2.7513  6.3880 12.3254
504 648  3.9569  1.5469 11.0385
528 648  4.5686  3.8101 13.4462
552 648  3.7940 -0.5447 12.9613
576 648  2.4931 -2.3270 21.6791
600 648  2.1559 -3.8791 18.1151
624 648  2.1958 -4.0531 14.3995
648 648  1.1139 -4.6632 12.9682
672 648  0.8823 -4.0035 15.2186
696 648 -2.1631 -1.0517 16.4937
720 648 -3.5947 -0.3879 15.9182
744 648  1.1999  8.0359 14.9349
768 648 -5.8254  0.0863 12.6240
792 648 -6.8161  0.3441 19.1693
816 648 -7.4763  0.8634 15.8481
840 648 -8.8445  0.9381 12.8993
864 648 -2.1482  9.2279 13.0203
888 648 -1.3172  7.7203 13.8356
912 648 -4.1941  3.8936 15.0288
936 648  0.4286  1.7918 17.0295
960 648  0.7563  1.1974 16.0917
984 648  3.6029  0.0655  8.7471
 24 672 -0.0097  0.0486 12.5828
 48 672 -0.1395  2.0851 16.1147
 72 672 -0.3545  1.1928 18.4520
 96 672 -0.0637  1.9470 16.3676
120 672  1.2086  7.1474 13.3514
144 672  8.1422 -1.7093 12.9637
168 672  7.0188 -1.0383 11.9401
192 672  4.9967 -1.0001 15.5382
216 672  3.9163  0.1430 13.0335
240 672  5.7879  6.9633 13.4604
264 672  0.9813  6.0868 10.6277
288 672  0.7210  8.0543 14.1656
312 672  0.8219  7.8628 12.4653
336 672 -0.8864  0.4702 15.3510
360 672 -0.0435 -1.0007 19.4867
384 672 -0.3830 -5.0260 18.8877
408 672 -0.9719 -5.8415 15.3325
432 672 -0.0509 -3.1730 14.0226
456 672 -0.3822 -0.1258 13.0559
480 672  2.6381  7.1724 10.8712
504 672  2.7809  7.0302  9.5170
528 672  3.1872  5.1122 16.0704
552 672  4.0971 -0.0449 13.2880
576 672  2.8246 -1.9714 19.5860
600 672  2.1922 -3.7222 19.2152
624 672  1.3428 -2.9547 14.8440
648 672 -2.8912 -2.8266 15.1507
672 672 -2.9702 -2.7625 13.5473
696 672 -3.4466 -1.0502 17.7516
720 672 -3.7365 -0.9644 19.1091
744 672 -0.2132  4.1413 12.1996
768 672  1.7206  4.7828 13.2351
792 672  0.1345  3.1865 16.1221
816 672 -1.1068  4.8300 12.7454
840 672 -9.2004  0.8818 13.0853
864 672 -2.1884  5.9002 10.8892
888 672 -0.7552  6.7588 10.0529
912 672  4.2133  6.6576 10.0914
936 672  5.8885  2.4041 17.2783
960 672  5.4605  1.5815 16.0243
984 672  3.6482  0.2440  9.0055
 24 696 -0.0273  0.1426 12.7287
 48 696  1.9397  3.7752 19.0773
 72 696  7.8600  0.3829 11.8726
 96 696  8.1615  0.0403 14.6762
120 696  9.7409  0.0907 12.5693
144 696 11.7407 -1.3577 12.0380
168 696 14.9725 -4.1892 11.4178
192 696  5.3719 -0.1009 12.7689
216 696  4.0110  0.9628 14.3025
240 696  2.0895  4.7798 11.6202
264 696 -1.8661  9.1734 18.6217
288 696 -1.7789  9.0150 18.3831
312 696  3.8241  9.0176 14.3509
336 696 -0.1355 -3.9375  9.1627
360 696  0.0211 -3.9789 16.6064
384 696 -0.1050 -4.0215 17.5779
408 696 -0.3903 -3.6702 14.9770
432 696 -3.4644 -8.3583 14.9982
456 696 -3.6878 -0.2786 18.6179
480 696 -3.6911 -0.1987 23.1096
504 696 -1.9604  1.0356 11.3010
528 696  3.2185  6.3138 12.8484
552 696  3.7209 -0.3601 11.7925
576 696  2.9959 -0.3106 15.9893
600 696  1.0059  0.7183 19.3791
624 696  0.3023 -1.2188 13.2034
648 696 -3.2604 -2.9030 22.1493
672 696 -3.5829 -3.4423 21.1279
696 696 -2.6465 -1.0224 17.6311
720 696 -2.1065 -1.7007 18.9248
744 696 -2.3523 -2.5531 15.9182
768 696  0.2728  3.2737 13.6115
792 696 -0.0491  4.5842 18.2389
816 696 -1.7757  5.8543 23.2016
840 696 -1.7686  5.9764 18.2229
864 696 -7.9204  0.8892 11.7284
888 696  1.9742  9.5809  9.2287
912 696  7.0813  3.9738 13.9395
936 696  7.5923  3.3787 20.8973
960 696  6.7465  2.3734 16.5985
984 696  3.6237  0.2151  8.5539
 24 720 -0.0213  0.1044 12.5818
 48 720  2.1239  3.1130 16.1104
 72 720  7.6789  1.3237 15.9654
 96 720  7.9541  0.7728 18.4995
120 720  8.1030  0.1595 17.5112
144 720  8.8284 -1.4754  8.2868
168 720  5.4068  0.0301 10.0596
192 720  3.9936  0.9439 11.5319
216 720  4.3697  3.9139 14.8077
240 720 -1.8094  0.1257 11.7439
264 720  3.7459 -0.3441 14.3024
288 720  2.7657  3.2461 13.0843
312 720  1.2055  3.9169 14.5084
336 720 -1.7543 -3.9067 11.0596
360 720 -1.9850 -4.8023 16.6804
384 720 -1.9351 -4.6417 12.4985
408 720 -6.8589 -9.8651  8.5627
432 720 -4.8789 -10.0747 15.9210
456 720 -3.4313 -0.5566 15.6851
480 720 -3.2466 -0.4588 24.7025
504 720 -2.6707  1.9523 19.4973
528 720 -2.0286  2.6641 16.8296
552 720 -1.8224 -13.9156  8.7493
576 720  0.4123  0.8262 19.5868
600 720  0.1644  0.9837 19.7320
624 720 -1.1253  2.9641 18.7670
648 720 -0.0841 -0.0171 10.8651
672 720 -2.9420 -2.2221 12.9302
696 720 -2.4906 -1.5638 16.9411
720 720 -1.9600 -1.5524 18.7492
744 720 -2.0470 -2.5409 16.4284
768 720 -2.7233 -0.0580 16.5581
792 720 -1.1476  1.3132 15.9810
816 720 -0.9232  3.1871 16.1909
840 720 -0.8438  0.9986 20.2381
864 720 -0.1479  0.5573 16.0082
888 720  4.0919 -0.9878 14.0973
912 720  6.6638  0.7179 13.6428
936 720  7.8890  3.0878 12.6695
960 720  5.3433  4.2254 12.3738
984 720  3.6040  0.0610  8.5301
 24 744  0.0041  0.0747 12.5090
 48 744  2.7505  1.6501 14.3499
 72 744  3.8659  1.5791 11.6368
 96 744  7.1210  1.4799 14.5718
120 744  8.0551 -0.2866 13.2203
144 744  6.1102 -1.8835 17.1214
168 744  4.5005 -0.1834 15.0311
192 744  3.6569  0.8741 13.7631
216 744  2.8186  2.3019 16.8409
240 744  5.3162 -1.7596 13.3668
264 744  4.6104 -1.6475 19.1036
288 744  2.7419  3.2356 18.7806
312 744 -0.0007  4.4782 15.8540
336 744  0.2770  4.7018 12.4377
360 744 -5.6903 -1.8052 10.9252
384 744 -5.6278 -2.0448 13.8143
408 744 -5.3544 -4.5695 12.4549
432 744 -4.9302 -10.1938 12.0337
456 744 -2.1675  0.1829 14.1410
480 744 -2.7001 -0.0642 17.9287
504 744 -3.0395 -0.5031 13.1838
528 744 -2.2237  3.3395 12.5664
552 744  0.3494 -0.9235 24.7202
576 744  1.6299 -0.5531 15.2483
600 744  1.1871  3.6436 12.8837
624 744 -0.0999  2.2994 21.3616
648 744 -1.8308  2.1608 22.7790
672 744 -0.0885 -4.2325 12.6530
696 744 -1.3335 -5.1712 14.1113
720 744  1.9478 -9.2487 10.1135
744 744  4.0015 -9.1781 11.5840
768 744 -1.3423 -0.0768 18.0979
792 744 -0.5952  0.6690 21.4276
816 744 -0.4650  1.4761 24.0317
840 744 -0.6306  0.8678 19.9648
864 744  3.6812 -1.1090 24.0738
888 744  3.7607 -0.9475 23.7502
912 744  8.8851 -3.1578 12.8646
936 744  8.6993 -3.5633 17.3017
960 744  5.4817  3.9906 13.7383
984 744  3.6654  0.0368  8.6688
 24 768 -0.0083  0.0106 12.5858
 48 768  2.2298  1.7317 12.2030
 72 768  3.7900  0.8388 13.0520
 96 768  5.7641 -0.0950 14.4861
120 768  8.8391 -0.9915  9.3355
144 768  9.1631 -0.3474 18.1252
168 768  5.7897  0.2336 13.3569
192 768  3.2058  0.8840 15.9236
216 768  2.7306  0.4673 12.1556
240 768  4.7836 -4.0962 10.1073
264 768  5.5411 -2.1016 13.2885
288 768  4.6341  0.1233 17.5163
312 768  0.8069  1.8574 10.4939
336 768  0.8206  5.7831 11.8294
360 768  7.1663  6.5155  8.9180
384 768 -5.9947 -3.7710 18.1067
408 768 -5.9130 -4.5578 17.4578
432 768 -5.7881 -5.7820 11.5422
456 768 -3.6378 -0.7997 15.5669
480 768 -2.4386  1.3933 14.7451
504 768  0.2614  6.2825 17.9793
528 768  0.2024  5.5152 17.7470
552 768  0.2914 -0.4531 18.5434
576 768  1.0154 -0.2355 15.1509
600 768  3.9324  4.9545 17.7168
624 768 -0.2037  2.9676 20.4418
648 768 -0.9163  2.9873 19.8423
672 768 -0.1315 -4.5975 16.7007
696 768 -0.2495 -4.7907 14.9065
720 768  5.6978 -10.4177 11.8408
744 768  4.1835 -9.4460 13.0393
768 768  3.9029 -3.1021 15.0375
792 768  0.2083 -0.9396 15.2537
816 768 -0.5288  0.8202 23.4402
840 768  0.6282 -0.1211 15.9253
864 768  3.8509 -0.9366 21.2711
888 768  4.1666 -0.5239 15.2536
912 768  9.2221 -0.2061 11.0124
936 768  8.2291 -3.6322 15.8760
960 768  8.8462  0.0992 10.6488
984 768  3.6417  0.0038  8.2948
 24 792 -0.0340 -0.2062 12.4092
 48 792 -0.3213 -3.0011 14.1205
 72 792  5.7819 -0.3869 16.4998
 96 792  8.0292 -8.3522 12.0626
120 792  7.9181 -7.7332 13.2498
144 792  8.0955  1.1625 13.4423
168 792  7.5294  2.5919 11.5206
192 792  4.1758  0.4582 11.4895
216 792  4.9201 -3.9831  7.9370
240 792  6.0242 -9.0205 11.9464
264 792  7.8983 -3.2132 10.4513
288 792  4.9299 -0.5292 14.2263
312 792  3.3406 -0.1803 15.7515
336 792  6.1472  5.2357 14.5852
360 792  7.9382  7.8508 15.5411
384 792 -4.5354 -1.5625 12.3044
408 792 -4.1463 -2.6746 14.0872
432 792 -4.0164 -3.0790 15.8952
456 792 -4.4147 -2.6723 18.8999
480 792 -1.7209  1.9399 15.6728
504 792 -0.0442  5.2866 16.4851
528 792  0.1778  4.7016 16.7030
552 792  0.8716  3.6757 18.1807
576 792  0.7889  1.0113 19.7014
600 792  1.9771 -1.9565 13.6307
624 792  5.9780  6.8060 17.3176
648 792  1.2175  3.0730 13.0442
672 792  1.8609  0.1680 14.5691
696 792 -0.1864 -3.5350 11.6602
720 792  5.9219 -10.6372 12.4764
744 792  5.1208 -10.1760 11.4793
768 792  3.9056 -2.9902 17.0934
792 792  3.2947 -1.1336 18.5101
816 792  1.1116 -1.2625 19.9957
840 792  0.2687 -3.9422 23.0683
864 792  0.0997 -4.0666 12.5067
888 792  8.7796  0.3538 17.8839
912 792  8.3495 -0.0747 13.6462
936 792  7.0682 -3.3531 17.9491
960 792  6.9062  3.3194 11.1181
984 792  3.5818  0.0558  8.1836
 24 816 -0.0293 -0.0919 12.5633
 48 816 -0.0473 -4.3771 14.3348
 72 816  7.7578 -2.1222  9.3148
 96 816 10.9243 -8.8181 11.2580
120 816  8.3973 -6.1359 15.9264
144 816  5.9624  5.0329 10.7744
168 816  7.3323  4.4407 11.7933
192 816  7.8645 -0.0503 11.4972
216 816  8.1762 -2.0748 13.7361
240 816  6.8023 -7.3011 13.4706
264 816  7.0101 -6.9228 14.1123
288 816  9.0770 -5.1429 13.7999
312 816  5.1561  3.9116 10.6924
336 816  4.9682  3.9955 12.7993
360 816  4.1256  0.4830 15.6512
384 816  2.2086  1.3816 13.2632
408 816  0.7402 -0.1405 12.8153
432 816 -2.2134 -2.3178 17.6472
456 816 -3.1592 -2.7808 19.0036
480 816 -2.0145  2.4625 15.1585
504 816 -4.1469 -1.4718 13.6752
528 816 -1.0136  2.2843 13.0070
552 816  0.3514  4.0041 18.5678
576 816  0.0752  2.9873 18.0321
600 816  0.8386  0.8260 18.6594
624 816  5.8384  6.6903 23.9025
648 816  5.6355  6.4795 17.9723
672 816  2.1756  1.7744 15.0476
696 816  3.7056  3.9225  9.9093
720 816 -1.7091 -15.4884 15.3431
744 816 -0.6873 -17.0622  9.4945
768 816  3.9454 -2.8953 17.3214
792 816  2.9200 -0.8551 23.8387
816 816  2.5158 -0.6016 19.2988
840 816  1.2481 -3.5382 15.4219
864 816  0.0362 -4.6198 15.4124
888 816  0.3526 -2.8619 12.3271
912 816  7.7123  0.1616 11.6681
936 816  7.1655 -2.7250 14.6284
960 816  7.0505  4.9925 11.5765
984 816  3.5802  0.0363  8.2955
 24 840 -0.0092 -0.0231 12.4605
 48 840  7.4081 -6.6388  9.8799
 72 840  8.1409 -6.9839 10.2080
 96 840  9.8138 -6.4669 10.5722
120 840  9.3695 -5.1288 19.9345
144 840  5.3916 -1.2187 10.1051
168 840  5.7380 -0.1366 14.4552
192 840  4.4844  0.3086 11.8987
216 840  6.6329 -1.4238 13.0557
240 840  7.2560 -4.0982 10.3140
264 840  7.7734 -5.6875 12.7221
288 840  9.1059 -6.4318  9.3795
312 840  5.6335  3.5989  6.7202
336 840  0.0953  4.8010 13.2271
360 840  1.7829  2.6388 15.6200
384 840  0.7159  1.1307 10.5552
408 840 -0.0397 -0.2868  8.3211
432 840 -0.2488 -0.5431 14.0190
456 840 -2.7469 -1.4944 11.9111
480 840 -2.4343  3.8013 12.2847
504 840 -4.0580 -1.7051 11.1080
528 840 -5.8033 -3.2248 13.1843
552 840 -6.4431 -4.0290 16.6715
576 840 -6.8003 -3.3133 12.5985
600 840  0.7277  0.8048 21.0970
624 840  0.0614  0.7109 14.5216
648 840  4.7556  5.1067 11.2055
672 840  3.6452  3.1471 10.6294
696 840  5.9224 -2.6084  9.3065
720 840 -1.1931 -15.2250 13.2096
744 840 -0.9474 -15.6570 10.8249
768 840  1.9183 -2.7896 18.6980
792 840  2.8057 -1.0195 19.6803
816 840  2.7856 -0.9849 21.9019
840 840  2.9261 -3.2408 20.6718
864 840  0.3706 -4.0988 15.1974
888 840 -0.8474 -2.0438 13.9385
912 840 -3.2389 -7.8709 12.5388
936 840  3.0786 -2.1464 11.8083
960 840 10.9944  5.9670 14.5171
984 840  0.4027 -0.0811  7.8964
 24 864 -0.0088 -0.0086 12.6825
 48 864  7.8552 -8.0349 13.6178
 72 864  7.6017 -7.4561 18.6293
 96 864  6.6151 -7.8711 15.2506
120 864  7.0818 -5.5421 11.7101
144 864  2.8075 -3.1148 17.7078
168 864  2.7875 -0.0271 15.8634
192 864  3.0207  0.9972 16.5898
216 864  3.8931 -0.1509 17.6142
240 864  4.9770 -1.3030 12.8851
264 864  7.8814 -6.5950 13.8734
288 864  6.4796 -9.0816 11.5466
312 864 -19.2905 -27.2330 10.2543
336 864  2.0141  3.7660 11.9095
360 864  1.8861  2.0971 13.1921
384 864  1.1794  0.8957  9.1027
408 864 -0.7171  0.9787  8.9436
432 864 -3.7626  4.8540  9.3532
456 864 -6.0744  6.0055 12.7701
480 864 -6.2288  3.6863 14.9266
504 864 -7.5488  3.1199 13.9249
528 864 -8.4288 -4.9737 17.2688
552 864 -7.0462 -4.3278 18.7100
576 864 -6.5085 -3.6105 15.6514
600 864 -1.1524  0.7288 21.6668
624 864 -0.9295  1.2654 19.4234
648 864 -1.5853  4.6392 17.3228
672 864 -1.0926  4.9116 16.2331
696 864 -3.9611 -8.8232 16.5490
720 864 -3.9634 -7.8586 13.2288
744 864 -2.7547 -6.8865 10.7027
768 864  0.5229 -1.5923 21.4326
792 864  1.0324 -2.0521 19.7812
816 864  4.1123 -3.8725 14.3310
840 864  3.9570 -3.8017 17.3151
864 864  1.7298 -2.3587 16.1574
888 864  1.0208 -2.8346 14.2653
912 864 -2.9131 -6.7304 13.6992
936 864  1.2683 -2.7800 14.4452
960 864  3.9323 -0.2724 14.9481
984 864  3.5808  0.2252  8.4773
 24 888 -0.0028 -0.0041 12.6208
 48 888  7.0692 -9.5400 14.2618
 72 888  7.0418 -6.9838 17.5167
 96 888  5.9840 -7.6457 15.7810
120 888  3.2175 -4.0499 15.6180
144 888  2.1029 -3.8267 16.4520
168 888  1.5763 -0.2050 13.0170
192 888  1.7415  0.6019 15.9253
216 888  3.2375  0.7382 15.2075
240 888  5.7106 -0.0197 11.6053
264 888  9.5763 -3.0956 14.0103
288 888  6.3700 -9.3052  9.3956
312 888  2.9388  9.6904 11.3729
336 888  6.0483  8.5734 11.2133
360 888  6.7596 -2.0049 11.4013
384 888  2.4529  4.1581 11.9753
408 888 -0.0250  5.0591 14.4172
432 888 -3.6681  4.2918  9.6492
456 888 -3.9266  5.1619 10.9356
480 888 -5.0185  5.3812 11.9781
504 888 -6.5659  3.8127 12.8766
528 888 -4.7805 -0.1955 11.3748
552 888 -5.9513 -4.2177 14.5789
576 888 -4.7544 -4.4367 17.3225
600 888 -2.5484  0.7281 19.3943
624 888 -1.7433  1.4386 17.5535
648 888 -2.0752  2.1594 14.0506
672 888 -2.5860  3.1857 11.7637
696 888 -4.0766 -6.8412 12.1736
720 888 -3.6961 -6.8487 12.3711
744 888 -2.5720 -5.0627  9.7045
768 888 -0.0799 -1.6767 14.9240
792 888  0.1966 -1.5873 15.3057
816 888  3.9598 -1.7596 13.8735
840 888  4.7972 -4.8535 14.6522
864 888  3.0506 -3.4376 15.4911
888 888  2.9996 -2.8610 15.5622
912 888  1.5177 -2.7426 16.0139
936 888  1.2994 -3.1902 14.0725
960 888  3.9587  0.0608 13.6433
984 888  1.4691  0.2367  8.4382
 24 912 -0.0185 -0.0179 12.7247
 48 912  7.2254 -8.3416 10.2454
 72 912  8.7226 -7.1703 21.4718
 96 912  7.8263 -6.8470 16.3231
120 912  4.9007 -3.4490 13.6263
144 912  3.9179 -4.0609 15.4669
168 912  1.7088  0.0801 12.5616
192 912  1.1344  1.1033 17.1287
216 912  2.7760  1.7999 14.9136
240 912  6.3220  0.6287 12.1770
264 912  8.9430 -0.2147 14.8919
288 912  6.5360  0.0866 12.0408
312 912  5.0433  7.8167  9.7012
336 912  7.9871 10.5936 14.1066
360 912  6.5457 -2.4008 11.8456
384 912  2.6927  3.5506 12.1984
408 912  0.2765  5.2612 17.5369
432 912 -1.8927  5.6707 11.3311
456 912 -2.0512  7.0207  7.7159
480 912 -3.0963  6.1819  9.4536
504 912 -4.4178  4.9246 15.2760
528 912 -5.8299  2.5750 15.0939
552 912 -2.8917  1.1632 11.1353
576 912 -2.7053  0.7343 13.8594
600 912 -2.9420  0.7962 17.4435
624 912 -3.0666  0.9316 17.6900
648 912 -5.8040 -0.6179 18.0038
672 912 -6.0868 -1.7878 12.0984
696 912 -6.0789 -5.0390 14.1444
720 912 -9.9722 -6.5155 12.4252
744 912 -3.7181  3.2973 12.6849
768 912 -2.2719  2.2490 14.0441
792 912  0.4915 -1.0865 17.2023
816 912  1.9390 -2.6530 17.9111
840 912  3.3598 -7.2446 14.3691
864 912  3.8887 -7.0828 12.5242
888 912  3.7246 -2.8680 14.8537
912 912  2.0122 -1.4738 12.9678
936 912  2.3615 -2.2362 13.6510
960 912  2.9277 -1.2191 11.6666
984 912  3.6151 -0.0231  8.4096
 24 936 -0.0311  0.0231 12.8048
 48 936  8.2997 -6.7267  9.7939
 72 936  8.3359 -6.8780 15.3014
 96 936  2.5743 -2.3405 12.7776
120 936  3.3581 -2.4138 13.4441
144 936  3.5213 -3.2221 15.0202
168 936  1.9133  0.5077 17.7443
192 936  2.6852  2.8060 15.2708
216 936  2.8597  5.3715 12.6463
240 936  7.9924  6.6865  9.4519
264 936  9.2062  3.7594 11.9421
288 936  6.4752  0.2747 13.6732
312 936  4.4525  6.3764 13.6899
336 936  5.0180  7.5169 11.4206
360 936  3.8399 -0.4382 15.0104
384 936  0.9471  6.8393 13.8950
408 936  0.0237  5.7235 18.0682
432 936 -1.8465  5.7726 13.1404
456 936 -1.1242 14.5689 10.8033
480 936 -1.8799 15.2103 11.6864
504 936 -3.1862  6.1203 13.0940
528 936 -6.7585  6.6177 11.8620
552 936 -6.8651  2.4360 10.1234
576 936 -2.3128  0.7391 15.7677
600 936 -3.8847  2.6585 10.4713
624 936 -6.0653  2.2512 10.4168
648 936 -6.4569  0.0515 12.5701
672 936 -7.9085 -0.5358 11.7627
696 936 -6.0622 -3.8537 12.6317
720 936 -2.4500 -2.9253 10.3996
744 936 -6.0903 -5.8659 10.5759
768 936 -1.1102  2.2834 12.2914
792 936  0.9122  0.5455 12.4924
816 936  3.9253 -2.2556 15.1735
840 936  3.9696 -7.6657 15.5990
864 936  3.6697 -7.2095 10.2731
888 936  3.0248 -4.6452 10.4737
912 936  2.7739 -2.7896 12.5749
936 936  0.1859 -3.5347 16.3871
960 936 -0.3791 -3.1800 15.0169
984 936  3.7611  0.1188  9.3784
 24 960 -0.0158  0.0160 12.6939
 48 960  7.7876 -5.8627 14.0125
 72 960  0.8918  6.2643 10.8364
 96 960  0.2425 -2.8076 15.2436
120 960  1.7528 -2.3730 19.2790
144 960  2.2011 -2.0488 17.8676
168 960  3.6767  1.6767 11.0818
192 960  4.0210  5.9936 13.2266
216 960  4.6286  8.1410 13.9570
240 960  5.9794  8.7553 14.6776
264 960  9.2492  7.9973 10.1531
288 960  6.0340  5.1431 12.0456
312 960  5.0893  5.6960 15.0134
336 960  3.3590  0.6667 16.1628
360 960  4.0363 -0.2221 11.4652
384 960  1.6988  6.7163 14.9203
408 960  0.0360  5.1650 14.1461
432 960 -0.4168  5.1226 17.4360
456 960 -1.3331  7.2811  7.8137
480 960 -11.9043 -27.2433  9.0434
504 960 -6.7115  9.6753 10.7128
528 960 -5.9878  9.0675 13.1547
552 960 -5.8613  7.7121 10.6559
576 960 -8.3818  6.0898 12.1406
600 960 -7.6870  6.8973 12.4776
624 960 -6.3562  4.9340 11.8211
648 960 -1.0159  7.5921  6.6599
672 960 -2.4306 -1.5714  9.1989
696 960 -2.1934 -1.8721 16.4424
720 960 -1.7784  0.1496 14.2334
744 960 -0.1218  2.8701 10.5807
768 960  4.8317  6.3099 17.7647
792 960  5.2119  5.5167 14.5913
816 960 -0.9454 -4.7891  8.5005
840 960  0.4161 -8.0949 13.9232
864 960  0.8814 -8.2414 12.3771
888 960  0.1399 -5.2827 12.2436
912 960 -0.0709 -5.2563 15.0321
936 960  0.1336 -4.3968 15.6890
960 960  0.0998 -3.8326 14.4581
984 960  3.6820 -0.0024  9.1994
 24 984 -0.0118 -0.0273 15.1522
 48 984 -0.0035 -0.0314 12.3799
 72 984  0.0281 -0.0219 12.6511
 96 984 -0.0100 -0.0271 12.7081
120 984  0.0165 -0.0427 12.4294
144 984  0.0708 -0.0446 12.3345
168 984  0.0793 -0.0336 12.0327
192 984 -0.0024 -0.0221 12.6673
216 984 -0.0163 -0.0360 12.1492
240 984  0.0435 -0.0208 12.1133
264 984  0.0516 -0.0198 12.6970
288 984 -0.0322 -0.0382 12.4373
312 984  0.0091 -0.0307 12.2997
336 984 -0.0077 -0.0339 12.2692
360 984  0.0372 -0.0277 12.2313
384 984  0.0429 -0.0312 12.0008
408 984  0.0193 -0.0264 11.9875
432 984  0.0632 -0.0075 12.7045
456 984  0.0034 -0.0070 12.9873
480 984 -0.0243 -0.0209 12.3982
504 984 -0.0148 -0.0312 11.8172
528 984  0.0402 -0.0533 11.9115
552 984  0.0077 -0.0637 12.0764
576 984 -0.0561 -0.0321 12.1360
600 984 -0.0140 -0.0300 12.1636
624 984 -0.0443 -0.0387 12.5487
648 984 -0.0391 -0.0339 12.3116
672 984 -0.0258 -0.0239 12.4966
696 984 -0.2133 -0.0261 13.1122
720 984 -0.1774 -0.0477 11.9593
744 984 -0.0333 -0.0390 11.8545
768 984  0.0134 -0.0115 12.4311
792 984 -0.0258 -0.0249 12.3796
816 984 -0.0028 -0.0329 11.9429
840 984  0.0809 -0.0351 11.3171
864 984  0.0481 -0.0526 11.7997
888 984 -0.0487 -0.0509 12.5638
912 984 -0.0432 -0.0315 12.3983
936 984  0.0944 -0.0349 12.1329
960 984  0.1303 -0.0528 12.4854
984 984  3.5526 -0.0493 11.6375
