 24  24 -0.0283 -0.1666 15.0632
 48  24  0.0252 -0.1909 11.7359
 72  24  0.0022 -0.2082 11.7040
 96  24 -0.0034 -0.2258 11.9817
120  24  0.0001 -0.2069 11.9583
144  24 -0.0071 -0.1886 11.5874
168  24 -0.0246 -0.1813 11.3060
192  24 -0.0090 -0.2121 11.4554
216  24  0.0224 -0.2538 11.8766
240  24 -0.0003 -0.2428 12.2321
264  24 -0.0043 -0.2272 12.1295
288  24  0.0007 -0.2082 11.7724
312  24 -0.0129 -0.2197 11.9050
336  24 -0.0234 -0.2236 11.9328
360  24  0.0122 -0.2108 11.7737
384  24 -0.0138 -0.2002 11.8346
408  24  0.0003 -0.1785 11.7023
432  24 -0.0164 -0.1953 11.6955
456  24 -0.0279 -0.1998 11.4198
480  24  0.0027 -0.2082 11.4635
504  24 -0.0055 -0.2029 11.6491
528  24 -0.0291 -0.1839 11.5327
552  24 -0.0083 -0.2244 11.6273
576  24 -0.0098 -0.2152 11.6547
600  24 -0.0180 -0.2193 12.0361
624  24 -0.0903 -0.2097 11.5876
648  24 -0.0962 -0.2177 11.5669
672  24 -0.0102 -0.1992 11.7207
696  24  0.0025 -0.1778 11.5396
720  24 -0.0082 -0.2385 12.1750
744  24 -0.0054 -0.2490 12.0996
768  24  0.0053 -0.1991 11.7601
792  24 -0.0110 -0.1900 11.7328
816  24 -0.0160 -0.2003 11.7309
840  24 -0.0397 -0.2012 11.9793
864  24 -0.0493 -0.2174 12.1659
888  24  0.0188 -0.2032 11.8782
912  24 -0.0335 -0.2163 12.2033
936  24 -0.0029 -0.1804 11.8687
960  24  0.0146 -0.1595 11.5204
984  24  0.8623 -0.1808 13.2552
 24  48 -0.0211  0.0035 12.5843
 48  48  7.1295  1.6341 17.0205
 72  48  5.0278  0.0809 17.8867
 96  48  5.9186 -2.5944  7.4879
120  48  4.1597  2.1575 17.9439
144  48  4.6669  2.3167 14.8133
168  48  6.1034  1.0782 14.1177
192  48  4.3579  0.2812 14.8900
216  48  3.9346 -1.0716 20.4348
240  48  3.9840 -0.9252 19.6524
264  48  3.7869 -0.2118 19.7115
288  48  2.9472  0.9034 20.7732
312  48  2.6201  2.0697 21.9601
336  48 -1.9184 -1.3515 15.4478
360  48 -2.6851 -2.3807 15.6101
384  48 -0.0475  0.9676 19.4197
408  48 -0.0733  3.2079 17.0296
432  48  0.1154  3.6336 16.2221
456  48  0.4748  3.1484 17.7770
480  48  2.7293  1.9887 15.9918
504  48 -0.6978  3.7252 13.1118
528  48 -1.2418  3.6975 16.7693
552  48 -0.4469  5.6707 13.9890
576  48 -1.1682  4.0980 12.7602
600  48 -1.9019  4.0666 14.0489
624  48 -5.9722 -0.1598 11.0561
648  48 -6.8129 -0.4747 15.7043
672  48 -10.2196 -1.3957 12.2179
696  48 -10.9806 -1.2624 18.5415
720  48 -11.8591 -0.4385 12.5929
744  48 -11.9734  1.5737 15.8202
768  48 -9.8999 -0.4847 13.5263
792  48 -7.1435  0.2212 15.3700
816  48 -7.2569  0.0018 13.7078
840  48 -7.2963 -0.2271 13.2534
864  48 -5.4558 -0.1225 15.1349
888  48 -5.2334 -0.4732 11.2902
912  48 -2.0219  0.7392 14.3943
936  48  0.2620 -1.5914 16.3395
960  48  0.3755 -0.7891 17.6086
984  48  0.6144 -0.0069  9.9251
 24  72 -0.0108  0.0054 12.4075
 48  72  0.1441 -1.7866 13.2047
 72  72  7.9193  1.1866  9.1752
 96  72  2.3882  3.6713  9.8020
120  72  3.9634  2.6224 19.6726
144  72  3.9397  1.8720 16.4737
168  72  1.1857 -0.1384 17.6579
192  72  3.2104  1.7732 18.7028
216  72  4.6510 -2.0999 19.2440
240  72  3.9252 -0.4612 18.2836
264  72  3.6750  0.0941 19.9047
288  72  3.0489  0.8005 18.9409
312  72  2.6608  2.4772 18.0046
336  72  1.8008  1.9964 14.2548
360  72 -2.5920 -2.7868 16.0041
384  72  0.2127 -0.1620 16.6043
408  72  1.6398  3.1046 18.9223
432  72  1.9403  3.2671 16.0420
456  72  2.5424  2.8232 17.8288
480  72  1.8289  1.3146 13.5725
504  72  1.3403  5.7785 15.4143
528  72  0.3437  5.2022 17.9088
552  72  0.0656  5.8021 19.3012
576  72 -1.0853  3.9176 14.8632
600  72 -1.1091  3.8903 16.8536
624  72 -1.7003  4.2092 13.1360
648  72 -6.9367 -0.8589 12.8560
672  72 -12.9519 -2.5518 10.0446
696  72 -11.2116 -1.5045 17.1395
720  72 -11.0819 -1.2930 11.2017
744  72 -9.2944  0.2121 16.2373
768  72 -7.0144  0.2711 16.6206
792  72 -6.8973  0.6901 14.2329
816  72 -5.0191  0.6908 15.1934
840  72 -5.1129  0.1343 13.3083
864  72 -6.9398 -0.7253 15.6920
888  72 -5.8627 -0.1837 18.1140
912  72 -2.2988 -1.8084 14.0500
936  72  0.0331 -2.1801 14.8414
960  72 -0.9493 -2.0285 14.5330
984  72  0.7941 -0.0151 10.3308
 24  96 -0.0052 -0.0157 12.5459
 48  96 -3.5195  2.9834 16.8034
 72  96  1.5151  5.1847 11.9916
 96  96  4.1242  5.6938 16.3456
120  96  3.1415  3.2559 14.8054
144  96  3.9104  1.9906 16.7306
168  96  3.1159  1.8395 16.6415
192  96  2.7979  1.1491 18.7487
216  96  4.2078 -2.2504 17.5274
240  96  2.9839  0.6320 17.1240
264  96  2.7679  0.5022 18.2511
288  96  2.7370  1.2862 20.7300
312  96  3.0356  1.5872 17.7102
336  96  2.3417  1.7905 14.5752
360  96  1.1347 -0.3213 19.9480
384  96  0.8659 -0.3841 18.6794
408  96  1.8394  3.3542 19.6093
432  96  2.0936  3.2570 17.2678
456  96  1.4679  0.9992 17.0171
480  96  0.2042  0.0262 10.8803
504  96 -0.5945  4.9518 12.4799
528  96 -0.4375  4.6288 15.7164
552  96  0.3283  1.9749 14.6678
576  96 -1.8453  3.9182 13.7604
600  96 -1.7749  3.8764 15.8561
624  96 -1.2798  4.9560 15.1597
648  96 -6.0691 -0.2433 13.6968
672  96 -12.0587 -0.0514 12.0615
696  96 -13.0135 -1.9306 14.8193
720  96 -11.4578 -0.3673 12.8076
744  96 -11.1829  0.1147 17.6577
768  96 -10.0327  0.5392 12.9768
792  96 -7.3267  0.3589 14.6193
816  96 -5.3572  0.0941 15.8863
840  96 -4.8741  0.3182 14.8288
864  96 -4.4848 -0.1124 15.5358
888  96 -4.9653 -0.3839 15.4552
912  96 -2.8141 -3.8709 15.8047
936  96 -2.7901 -2.2659 16.3094
960  96 -1.8897 -0.6893 14.7528
984  96  1.0037 -0.0233 10.3261
 24 120 -0.0079  0.0202 12.5014
 48 120 -3.2521  3.0466 16.8964
 72 120 -0.0345  4.1056 15.0627
 96 120  3.2551  6.1338 15.1770
120 120  2.5777  3.3200 16.7746
144 120  2.3321  2.6294 20.9287
168 120  3.0094  2.2688 17.3052
192 120  1.8638 -2.4160 11.8154
216 120  3.7865 -2.8126 16.5866
240 120  2.0181 -1.5362 13.9436
264 120  1.9772 -1.0825 14.1588
288 120  1.8850 -0.7942 16.8754
312 120  2.1421  0.3787 16.7597
336 120  4.0306  0.2661 18.6885
360 120  5.9618  0.7335 16.9543
384 120  3.5216  0.2871 17.4723
408 120  2.0747  0.8757 20.4005
432 120  2.8168  3.7336 19.4923
456 120  2.2945  3.5057 13.8886
480 120  1.8015  6.3292 10.0610
504 120 -0.2641  5.2338 13.0785
528 120  0.0143  2.5605 14.7653
552 120  0.6627  2.9973 15.2709
576 120 -0.1027  4.6067 15.7864
600 120 -2.4207  3.1206 12.2488
624 120 -4.1055  0.4410 15.6560
648 120 -6.0156  0.0776 21.4030
672 120 -7.1228  0.6305 16.4815
696 120 -8.1570  0.9210 13.9599
720 120 -10.9341 -0.0895 13.8860
744 120 -10.9621 -0.2991 14.0912
768 120 -8.0926 -0.4726 11.4739
792 120 -7.2677  0.1306 12.6244
816 120 -6.6848  0.1969 17.4857
840 120 -5.1404 -0.6297 15.3588
864 120 -3.4193 -0.2108 17.6509
888 120 -2.8946 -0.5648 18.4946
912 120 -3.7829 -2.5340 18.8587
936 120 -2.2002 -2.9235 17.7544
960 120 -2.0062 -3.0700 15.8837
984 120  0.6746 -0.0839  9.8118
 24 144  0.0035  0.0086 12.1284
 48 144 -2.7037  5.2342 16.5079
 72 144 -2.0682  6.6951 12.1725
 96 144  1.6635  3.9769  9.3509
120 144  4.1307  4.2797 10.7483
144 144  1.7623  2.1032 15.5970
168 144 -1.7348  0.6412 15.6218
192 144  2.7006 -3.0990 11.8196
216 144  3.5400 -2.2885 17.9518
240 144  2.6018 -1.7692 16.0040
264 144  3.8474 -1.9132 19.8078
288 144  5.7975 -0.6815 15.7948
312 144  2.0099 -0.1375 18.4418
336 144  2.0774  0.1322 19.5320
360 144  4.1437  0.2165 18.9795
384 144  3.1162  0.8461 19.6770
408 144  2.5764  0.7556 18.7832
432 144  2.2849  3.1205 15.8308
456 144  2.7809  2.7951 16.4634
480 144  3.7020  1.1865 16.0686
504 144  4.2147  1.0825 15.9190
528 144  2.9411 -0.3750 15.6459
552 144  1.9876  3.6310 11.9899
576 144  0.1795  4.6484 13.7627
600 144 -31.0299  7.9226  6.3974
624 144  8.4429 -5.1463 11.0693
648 144  1.8247 -10.7080  9.4437
672 144 -6.0788  0.9458 14.9920
696 144 -6.3647  0.9318 12.5668
720 144 -7.6393  0.8686 12.5324
744 144 -4.4128  0.4006 12.2389
768 144 -7.7547 -1.8565 11.7648
792 144 -7.0103 -0.4908 11.2726
816 144 -6.5245 -0.0170 13.5790
840 144 -5.5393 -0.7840 14.3040
864 144 -4.3820  0.3585 20.5887
888 144 -4.6554 -0.0314 21.9157
912 144 -3.9337 -1.9442 19.8841
936 144 -3.8498 -2.2251 19.1922
960 144 -4.6356 -3.2461 13.8361
984 144  0.7761 -0.0757 10.1091
 24 168  0.0192  0.0265 12.1053
 48 168  0.9797  6.9858 15.1945
 72 168  4.7774  3.9696 17.3908
 96 168  1.3150  2.1810 14.3978
120 168  4.3043  4.3531  7.8266
144 168 -2.3213  0.0370 12.7200
168 168 -1.8926  0.1832 21.8904
192 168 -1.6294  0.4621 13.7807
216 168  4.9521 -0.6307 16.7109
240 168  1.0431 -1.7044 20.8117
264 168  2.9572 -1.8535 20.2220
288 168  3.6966  0.8688 15.2224
312 168  3.8927  1.0277 15.7406
336 168  1.0041  1.6242 19.9108
360 168  0.4488  0.9016 19.4359
384 168  0.8387  0.8461 15.8877
408 168  2.7805  0.9506 14.7764
432 168  3.7100  1.4753 16.3640
456 168  5.5068  2.2636 18.0540
480 168  5.1566  1.9589 15.1567
504 168  4.1759  1.0439 16.9380
528 168  4.0576  0.5894 14.6148
552 168  3.9749  3.6662 12.3616
576 168  1.0744  3.9295 10.9205
600 168 -5.2456 16.8119  9.5033
624 168 -12.2636 12.7479  9.1901
648 168  2.2054 -10.2113 10.8361
672 168 -2.7116  1.8550 11.8931
696 168 -2.3543  1.9869 12.0887
720 168 -2.0523  0.8591 13.8551
744 168 -4.3452  0.3716 15.4164
768 168 -6.0296 -0.2618 15.3213
792 168 -6.5908 -0.8666 17.1462
816 168 -4.1558  0.0021 13.3929
840 168 -3.9161  0.1545 14.6452
864 168 -4.3098  0.5518 17.0723
888 168 -4.9264  0.4141 17.3479
912 168 -5.7327 -0.3154 16.4187
936 168 -6.0362 -1.9666 12.2622
960 168 -6.4120 -2.7434 12.4328
984 168  0.8798 -0.0086 10.1101
 24 192  0.0104  0.0056 12.2374
 48 192  0.1253  2.8996 10.9202
 72 192  3.2532  3.9994 14.8672
 96 192  3.7721  3.0487 13.8764
120 192  1.0000  1.0000  6.9069
144 192  1.0000  1.0000  9.9698
168 192 -0.0452 -0.2185 19.5909
192 192 -0.0060 -0.1986 18.7880
216 192  0.0534 -0.1897 18.1917
240 192  0.3317 -0.1424 20.3185
264 192  0.5756  1.0081 19.4144
288 192 -0.3258  3.2242 14.5395
312 192 -1.1922  2.3435 12.9740
336 192 -0.3228  2.8327 16.9649
360 192 -0.0087  2.6647 22.7637
384 192  2.7435  2.0103 18.5871
408 192  3.3598  2.1548 16.6570
432 192  3.6468  1.6468 17.9839
456 192  3.7441  1.8475 18.8260
480 192  2.0860  0.3870 13.4357
504 192  3.2489  0.8164 11.3604
528 192  3.7802  1.2025 12.9233
552 192  3.8128  1.4610 14.1432
576 192  2.0487  2.1648 14.4379
600 192  1.2560  1.0167 14.2931
624 192 -0.5029 -0.0515 14.1261
648 192 -1.0244 -0.2546 18.4281
672 192 -5.0160  3.6951 11.6109
696 192 -1.1126  2.3719 12.0608
720 192 -1.4961  2.0504 14.2781
744 192 -7.8942 -0.2980 15.2578
768 192 -6.0967  1.2103 15.6196
792 192 -4.1170  0.2580 12.9936
816 192 -2.9458 -0.5166 14.9955
840 192 -2.9637  0.0932 17.2537
864 192 -4.4308  1.2003 15.9669
888 192 -4.1685  1.2864 17.1671
912 192 -5.5216  0.2207 15.6304
936 192 -6.1450 -1.6426 14.1820
960 192 -8.6553 -2.8437 12.1537
984 192  0.7444  0.0121  9.9528
 24 216 -0.0059 -0.0038 12.3723
 48 216 -2.0351  0.4919 14.6992
 72 216 -2.1622  2.4842 15.2594
 96 216 -2.0861  2.1385 18.0390
120 216 -1.7073  1.7359 11.0327
144 216 -0.0451 -0.1295 12.1646
168 216  0.6148 -1.3527 15.5787
192 216  0.1448 -0.7702 21.6786
216 216  0.0135 -0.5987 21.4462
240 216 -0.9077 -0.2236 18.4581
264 216 -1.0000  0.7379 16.0147
288 216 -1.6798  2.1896 14.5107
312 216 -1.8728  1.1719 16.5002
336 216 -0.2127  2.8640 16.5019
360 216  0.4143  2.7577 16.2024
384 216  1.4995  2.3851 18.0297
408 216  1.5324  2.1683 18.4210
432 216  2.2218  2.7602 23.7092
456 216  3.1367  1.6128 17.4659
480 216  3.7662  0.7360 16.1694
504 216  2.5258 -0.1325 12.3820
528 216  3.3494  0.8918 17.6000
552 216  3.9355  1.6991 14.1547
576 216  2.2144  1.0803 15.7491
600 216  1.6367  0.8074 15.8912
624 216  0.6298 -0.0593 18.7636
648 216 -1.0122  1.7436 19.8749
672 216 -1.9039  3.3559 15.5051
696 216  0.6628  2.7896 14.0712
720 216  1.1768  2.1089 12.3887
744 216 -8.3340 -1.3355 13.4904
768 216 -5.8392  1.4353 11.9567
792 216 -1.7334  0.0299 15.5585
816 216 -1.3320  0.0848 19.1084
840 216 -1.3962  1.6468 14.2118
864 216 -3.8250  2.3910 16.9026
888 216 -4.0104  1.8484 14.8930
912 216 -3.2062  0.1701 13.0913
936 216 -3.4383  0.0458 13.6408
960 216 -4.6571 -1.8534 13.6258
984 216  0.7108 -0.0478 10.0986
 24 240 -0.0136 -0.0010 12.3602
 48 240 -2.0119  4.0876 10.6586
 72 240 -1.8347  2.7547 15.4816
 96 240 -2.8498  0.0238 19.3989
120 240 -2.5984 -0.8295 17.7463
144 240 -0.0599 -1.7641 18.9529
168 240  2.1453 -2.6441 20.4291
192 240  2.9746 -0.5944  8.9629
216 240 -0.0953 -1.1312 22.8812
240 240 -0.9836 -0.1360 17.7173
264 240 -0.8929 -0.0008 18.6323
288 240 -2.9480 -0.9645 16.7269
312 240 -2.5020 -0.8845 16.7937
336 240  0.7512  4.1280 16.6687
360 240  1.1732  3.4200 16.7403
384 240  3.6027  1.1236 17.0325
408 240  4.4752  0.1387 15.8536
432 240  2.6059  1.7116 15.0695
456 240  2.8790  1.8323 16.2490
480 240  4.9266  0.3663 18.3562
504 240  5.3707 -0.0451 17.9597
528 240  5.6487  0.4756 17.0950
552 240  3.2286  0.2235 19.5232
576 240  2.1907  1.0745 17.2396
600 240  1.7814  1.1648 17.7554
624 240  0.2829  0.1758 19.7643
648 240 -0.3358  1.3247 18.2318
672 240  0.7188  2.7995 17.5887
696 240  1.5600  3.9175 14.6501
720 240  0.9749  3.5956 12.6553
744 240  1.7363  2.7327 11.3305
768 240  0.6892  2.0248 13.5841
792 240 -0.0979  2.1092 16.3907
816 240 -2.0187  1.7242 14.5394
840 240 -3.3001  2.6199 14.2880
864 240 -2.8460  2.9348 15.0944
888 240 -2.8143  3.3375 14.5979
912 240 -1.0531  1.7193 13.2628
936 240 -1.2608  0.5483 18.9338
960 240 -0.9589 -0.6460 21.9988
984 240  0.6544 -0.0439 10.2462
 24 264 -0.0061  0.0184 12.4088
 48 264 -10.9122 -1.2498 10.1659
 72 264  1.9554 -8.2848 10.0488
 96 264 -2.8422 -0.0777 22.3584
120 264 -2.9887 -0.6571 20.4036
144 264 -0.6051 -0.1560 16.3750
168 264 -0.9974  0.0543 16.1509
192 264 -0.0242 -0.6894 17.2771
216 264 -0.0436 -1.1774 16.6236
240 264 -1.0266  0.1118 17.7653
264 264 -0.7680 -0.2723 17.5506
288 264 -0.7845 -1.0607 18.8665
312 264 -0.3045 -0.7456 15.0321
336 264  0.7101  3.6614 14.6457
360 264  0.9713  3.7769 24.1677
384 264  3.4422  4.0995 16.9075
408 264  5.5514  2.0770 16.8407
432 264  4.1731  1.3734 14.6242
456 264  3.9201  2.0252 13.2726
480 264  5.7469  1.4374 13.3829
504 264  5.7898  0.2958 17.5199
528 264  3.3448  0.2518 15.0515
552 264  2.9316  0.4906 15.5652
576 264  2.5468  1.0517 14.3455
600 264  1.7173  0.8860 16.9948
624 264  0.1995  0.4093 20.1347
648 264  0.3036  0.9888 16.7356
672 264  1.0569  3.3061 16.5607
696 264  1.4578  4.1590 17.9938
720 264  0.3288  3.0923 14.5811
744 264  0.1431  2.9213 12.1421
768 264  0.3592  3.9940 12.1863
792 264  0.7639  3.0051 10.1595
816 264 -2.4865  3.1930 15.0470
840 264 -4.4881  3.9269 16.0107
864 264 -3.7719  4.4529 13.1107
888 264 -3.8601  3.8712 20.0065
912 264 -1.0010  2.1110 16.2813
936 264 -0.9513  0.6694 18.6474
960 264 -0.9517  0.3670 20.3179
984 264  0.8934  0.0098 10.5687
 24 288 -0.0028  0.0200 12.4643
 48 288 -4.9306 -9.9811 14.6326
 72 288 -5.5490 -10.0712 19.2515
 96 288 -3.9201 -2.2597 16.2475
120 288 -2.8704 -0.3244 19.0475
144 288 -0.7171 -0.1447 13.3635
168 288 -1.3089  0.0790 18.2369
192 288 -0.0889 -0.7792 15.4496
216 288 -2.1619 -0.5715 14.6113
240 288 -0.8739 -0.1463 15.7583
264 288 -0.8516 -0.6994 19.3022
288 288  0.7529 -0.9302 23.5157
312 288 -0.0040 -0.9513 24.5689
336 288 -0.2109 -1.0463 16.9526
360 288  2.0589  6.4806 12.9544
384 288  3.9976  6.8523 16.4453
408 288  5.8178  2.6540 15.6987
432 288  6.1635  1.1037 19.0723
456 288  5.8154  1.0747 13.3119
480 288  6.0593  1.6127 13.2606
504 288  5.3897  1.0107 12.8352
528 288  3.6136  1.6039 15.0003
552 288  1.1792  0.3800 13.6038
576 288  4.3423 -0.1498 16.9681
600 288  3.3416  0.3553 13.7325
624 288  0.1291  1.0260 16.9763
648 288 -0.0813  0.9760 19.6455
672 288 -0.9676  1.8371 15.2654
696 288 -1.1577  3.7980 13.1971
720 288 -1.3403  5.4403 12.0059
744 288 -2.6388  5.2393 12.7397
768 288 -1.1769  5.9278 11.9543
792 288 -2.9760  4.8777 11.2662
816 288 -2.0768  3.2387 17.3228
840 288 -2.4313  4.0752 12.4689
864 288 -3.9218  4.8513 12.1025
888 288 -4.2133  2.8338 13.6256
912 288 -1.7792  2.5964 13.2669
936 288 -1.7930  2.7797 14.6608
960 288 -2.1112  2.8204 13.8642
984 288  0.8895  0.0793 10.4339
 24 312 -0.0152 -0.0240 12.4853
 48 312 -4.2081 -8.6992 13.3973
 72 312 -5.4715 -8.5587 15.4005
 96 312  0.1252 16.1912  9.0277
120 312  1.0000  1.0000  7.4894
144 312 -2.1648  2.6760 11.7417
168 312  0.1975 -1.0237 18.2722
192 312  0.1288 -1.1098 19.2567
216 312 -1.6588 -0.7366 15.0243
240 312 -0.7906 -0.4355 15.5895
264 312 -0.1911 -1.0090 15.3439
288 312  2.0019 -1.7512 15.5396
312 312 -0.6038 -1.0058 19.1388
336 312 -0.3173 -0.7270 21.3893
360 312 -1.7835 -1.3448 14.0114
384 312  6.2116  7.1557 13.1409
408 312  4.2229  5.0838 12.4924
432 312  6.0002  0.7743 16.7434
456 312  5.7004  0.7499 14.6801
480 312  5.2520  1.0109 14.8720
504 312  3.1683  0.3970 13.0595
528 312  2.9453  1.6521 14.4818
552 312 -0.3880  0.8490 21.6362
576 312  4.5525 -1.2387 18.7793
600 312  0.0136 -0.1102  9.5224
624 312 -3.1613 -0.0723 19.2270
648 312 -1.4543  1.2626 17.2912
672 312 -3.1115  3.5431 16.3667
696 312 -2.7865  3.5822 14.2716
720 312 -2.1516  4.5275 15.2786
744 312 -2.2544  4.8056 17.8009
768 312 -1.9117  4.8266 15.9068
792 312 -1.9239  5.6069 14.5563
816 312 -1.2539  4.6250 16.3774
840 312 -1.6532  4.5435 11.7895
864 312 -1.9362  6.0168 11.8313
888 312 -0.4129  3.2148 10.3340
912 312  0.1138  2.9162 14.1344
936 312 -0.3999  4.0648 16.4334
960 312 -2.1290  3.1712 16.8335
984 312  0.7579  0.0625 10.3240
 24 336 -0.0129 -0.0237 12.5420
 48 336  7.8618 -7.9169 15.1690
 72 336  1.0073 -6.0290 12.2634
 96 336  1.2211 -8.2955 18.7126
120 336 -1.6745 -2.7897 16.8555
144 336 -1.0087 -1.3279 21.2041
168 336 -0.0614 -0.9617 20.3376
192 336  0.1500 -1.3951 15.4335
216 336  1.7579 -0.9787  9.5449
240 336 -0.1611 -0.1057 14.0835
264 336  1.0331 -2.7127 15.2701
288 336 -0.0868 -0.6962 16.5805
312 336  0.2184 -0.1854 18.1257
336 336  2.0441 -1.6430 18.2221
360 336  3.2127 -2.7954 19.7142
384 336  2.1793  3.4935 12.4336
408 336  4.1115  4.8297 12.8363
432 336  5.8489 -0.5768 12.8007
456 336  4.0232 -0.6421 18.1819
480 336  2.9642 -0.1435 17.2417
504 336 -14.0204  0.2483 17.8237
528 336 -15.1864 -0.0783 15.6768
552 336 -20.6797 39.4681 15.6801
576 336 -0.1373  0.1125 15.1289
600 336 -2.2442 -0.2865 12.4625
624 336 -3.5737 -0.2227 20.2853
648 336 -2.0857  1.2811 12.1459
672 336 -3.5411  4.3835 20.8115
696 336 -2.6250  3.4277 17.0496
720 336 -1.9205  2.9271 16.9315
744 336 -2.0125  3.2346 15.2985
768 336 -1.9741  3.3890 19.9242
792 336 -1.3150  4.8567 18.8018
816 336 -1.1815  4.8393 13.7859
840 336 -1.8532  4.9545 13.2772
864 336 -2.1826  5.8756 13.5221
888 336 -0.1388  5.5324 12.4707
912 336 -1.1007  5.8161 18.1973
936 336 -1.8851  5.7148 16.6026
960 336 -0.8614  2.1634 17.0665
984 336  0.8698  0.0187 10.3444
 24 360  0.0091  0.0104 12.3432
 48 360  7.4912 -7.6700 10.0623
 72 360  0.6734 -6.1522 13.7420
 96 360  0.1109 -6.3038 14.3801
120 360 -1.5926 -2.6348 17.3770
144 360 -4.2349 -1.8994 15.3651
168 360 -5.2587 -1.3160 18.4349
192 360 -4.3516 -1.2606 25.8579
216 360 -0.0213 -1.7338 17.1861
240 360 -0.1076  0.1362 17.1184
264 360  1.6174 -2.3901 16.2377
288 360 -0.2947 -0.9168 19.8868
312 360  0.2894  0.0152 16.8144
336 360  3.8087 -2.0393 16.6436
360 360  3.0181 -2.9477 18.1013
384 360  1.6833 -3.3117 18.5234
408 360  1.7650 -3.4515 26.5325
432 360  2.0082 -3.3616 18.2063
456 360  3.2742 -2.1916 16.7422
480 360  1.8456 -1.8672 17.3526
504 360 -13.8690 -1.1985 20.4876
528 360 -14.7508 -1.2966 14.0006
552 360 23.0724 -1.6375 16.4151
576 360  3.6155  1.9335  7.5458
600 360  0.1270  0.9022 17.4938
624 360  0.4120  1.4138 18.4828
648 360  1.0265  4.1404 12.9527
672 360  0.2207  2.2373 15.4794
696 360 -0.3122  0.9833 15.3799
720 360 -2.0241  2.5421 15.4333
744 360 -1.9829  3.0426 18.0798
768 360 -2.1766  2.9963 19.5703
792 360 -2.1773  3.2612 17.1282
816 360 -2.2189  3.4012 18.9364
840 360 -4.0173  3.7506 15.8032
864 360 -3.1115  5.7790 13.1195
888 360 -2.9641  5.7575 11.8500
912 360 -2.6055  5.8682 18.7949
936 360 -2.2560  4.8252 16.3136
960 360 -1.2345  2.5918 14.0589
984 360  0.9349  0.0230 10.3967
 24 384  0.0053 -0.0059 12.3277
 48 384 -1.8439 -5.5295 11.4107
 72 384  0.1518 -5.5078 12.2741
 96 384  1.0000  1.0000  8.8528
120 384 -3.7541 -0.9952 10.5868
144 384 -5.1264 -0.8066 15.4237
168 384 -5.5601 -1.0264 17.9958
192 384 -4.1529 -1.6143 22.5461
216 384 -0.7245 -0.4584 18.7488
240 384 -0.8766 -1.4538 22.2039
264 384 -0.6492 -1.9375 22.3444
288 384 -0.3415 -1.0558  9.7833
312 384  1.0152 -4.7998 13.1994
336 384  1.7116 -4.8206 16.1780
360 384  2.1060 -4.5787 16.0184
384 384  2.0088 -3.7377 22.4076
408 384  2.0298 -3.3681 25.6086
432 384  2.3611 -3.6186 23.3395
456 384  2.2563 -3.6712 17.4960
480 384  1.7595 -3.5385 16.4060
504 384 -13.9099 -7.6578 10.6197
528 384  4.5898 -2.6548  8.9585
552 384  7.9837  1.7494 11.0868
576 384  4.0315 -1.0394 10.0486
600 384  2.2691 -1.9686 18.4428
624 384  0.2868 -1.9868 15.7754
648 384  0.2165 -0.5627 19.6810
672 384  0.9438  0.4602 17.3175
696 384 -0.1917  2.1148 14.1715
720 384 -3.9356  2.8160 15.7758
744 384 -1.2566  3.0637 16.2981
768 384 -5.2336  2.7247 16.6585
792 384 -5.6618  3.0270 13.4503
816 384 -4.2396  3.1338 14.3396
840 384 -4.9542  2.4148 16.1166
864 384 -4.8706  2.3519 15.4025
888 384 -5.8035  2.8734 12.2107
912 384 -4.7531  0.0694 12.7066
936 384 -5.5783  2.1092 16.7558
960 384 -4.1178  2.8243 16.0219
984 384  1.0798 -0.0073 10.5544
 24 408 -0.0046 -0.0156 12.5079
 48 408 -0.7567 -4.4782 13.1450
 72 408 -0.0446 -5.8743 18.0712
 96 408 -1.2424 -8.4139 13.4290
120 408 -6.1386 -5.2076 18.5340
144 408 -8.0281 -2.9739 13.9907
168 408 -7.2251 -2.8414 16.6680
192 408 -4.9762 -1.3399 16.0785
216 408 -0.4930 -1.2398 12.2722
240 408 -0.7887 -2.5641 17.0412
264 408 -0.9756 -2.4423 16.6313
288 408 -0.8618 -1.4122 12.4953
312 408  0.1005 -5.1553 10.1769
336 408  5.0066 -5.5399 10.9382
360 408  4.0305 -3.7463 14.8224
384 408  3.8560 -3.9665 16.9612
408 408  3.1838 -4.2239 16.5079
432 408  2.9204 -4.4098 14.4733
456 408  3.8631 -4.9457 12.9381
480 408  1.9324 -3.8281 14.5326
504 408  4.2537 -4.0905 15.8399
528 408  4.0307 -4.5245 17.5555
552 408  3.4859 -3.9050 17.4850
576 408  3.8668 -3.9923 20.3269
600 408  4.0232 -4.3373 22.5855
624 408  0.4308 -2.0530 13.8341
648 408 -0.0974 -0.5561 19.5829
672 408  0.2001  0.3236 22.7378
696 408 -0.3967  2.0401 15.0652
720 408 -3.3504  3.0672 15.6533
744 408 -4.2051  4.5085 12.4192
768 408 -3.8576  6.5740 12.8924
792 408 -4.1478  5.2739 12.9975
816 408 -4.8658  5.0662 12.7951
840 408 -5.1762  2.6111 12.5817
864 408 -2.2957  1.7107  8.8954
888 408 -2.3759  2.8877 10.6543
912 408 -4.2700  1.4923 12.3086
936 408 -3.9180  1.3199 13.4497
960 408 -3.0056  1.4410 14.2845
984 408  1.0718 -0.0060 10.2372
 24 432  0.0118 -0.0094 12.1350
 48 432  0.6319 -5.2095 14.9951
 72 432 -0.0767 -6.0108 15.9739
 96 432 -0.9603 -7.8172 11.4937
120 432 -6.3546 -5.3143 13.7740
144 432 -8.2151 -4.8985 10.0854
168 432 -6.7755 -2.9980 12.1127
192 432 -3.5142 -5.5105 11.6623
216 432  1.9993  7.7822  8.8789
240 432 -1.0947 -3.4564 17.1791
264 432 -1.3185 -3.4007 14.2751
288 432 -3.7982 -2.8092 18.8281
312 432  1.0000  1.0000  7.0446
336 432  5.9175 -5.2392 16.9203
360 432  6.1361 -4.8388 16.6108
384 432  7.7734 -2.9776 18.5254
408 432  6.2754 -2.2302 13.7492
432 432  3.2358 -4.7839 13.9191
456 432  4.9757 -6.1104 17.9236
480 432  4.1437 -5.1571 13.8910
504 432  4.0576 -4.6815 15.2190
528 432  2.2827 -4.7767 15.3332
552 432  3.7656 -4.5925 18.7658
576 432  3.5770 -4.8095 15.2124
600 432  3.5508 -4.2878 16.6704
624 432  1.8737 -2.8128 14.0732
648 432 -0.1593 -0.1859 25.3699
672 432 -0.1576 -0.1728 25.4151
696 432 -0.2055  0.2555 18.9170
720 432 -1.8405  3.4236 14.4324
744 432 -4.1185  5.3251 14.5905
768 432 -2.9877  6.2755 15.0295
792 432 -0.5717  5.6277 13.8238
816 432 -1.6119  5.4799  9.8699
840 432 -6.5547  2.7729  9.0830
864 432 -6.4444  0.3605 11.3705
888 432 -6.0448  1.1649 10.2180
912 432 -2.2848  2.7311 10.2024
936 432 -1.7963  2.6162 14.9232
960 432 -2.7709  0.8568 17.0282
984 432  1.1126 -0.0079 10.4056
 24 456  0.0589 -0.0015 12.0483
 48 456 -1.5864 -7.5670 13.0660
 72 456  0.7699 -5.8877 12.6820
 96 456  0.9611 -6.0307 11.7501
120 456  0.0333 -4.1534 14.2245
144 456 -0.7307 -5.1598 12.4427
168 456 -3.6702 -0.3645 11.4403
192 456 -1.8448  0.5396 10.0861
216 456  7.1396 16.0091  7.2253
240 456 -3.6562 -3.1601 21.4764
264 456 -1.9835 -3.5248 17.1280
288 456 -1.7380 -3.2280 22.5391
312 456  1.0000  1.0000  8.3945
336 456  6.1446 -8.1482 12.9944
360 456  5.1521 -3.1292 14.2101
384 456  5.3565 -0.2012 16.8300
408 456  4.9065 -0.1702 14.9143
432 456  3.3609 -5.1734 14.0050
456 456  4.8494 -6.0823 21.4343
480 456  3.8643 -5.4075 18.3571
504 456  4.2391 -5.1477 15.5386
528 456  2.2422 -5.2534 16.0420
552 456  1.7043 -5.4862 18.6517
576 456  1.4304 -4.1181 16.4574
600 456  2.4362 -3.4538 14.9348
624 456  0.6643 -4.0582 15.2369
648 456 -1.3908 -4.7523 19.5787
672 456 -0.3648 -1.0831 21.5685
696 456 -0.2161 -0.4591 19.0588
720 456 -0.4013  2.0998 14.0701
744 456 -0.0638  3.5210 14.0818
768 456  0.2247  4.0169 13.1707
792 456 -0.8206  6.2739 15.2496
816 456 -0.4207  5.5383 15.0244
840 456 -0.1074  5.5637 13.1895
864 456 -6.6547  1.2886  9.6674
888 456 -6.3516  1.9100 14.9336
912 456 -1.2211  3.7184 11.4868
936 456 -0.6268  3.7831 14.0927
960 456 -2.0321  0.1155 13.0042
984 456  1.0371  0.0207 10.2625
 24 480  0.0563 -0.0304 12.3485
 48 480  4.8813 -2.1462 12.2959
 72 480  1.3895 -5.9557 16.0992
 96 480  1.2343 -5.5242 17.2327
120 480  0.1635 -4.2681 22.1460
144 480 -2.2780 -2.0767 14.2648
168 480 -2.4539 -2.1634 17.6110
192 480 -2.9638 -1.0868 16.9458
216 480 -1.9712 -3.0671  8.7082
240 480 -1.4335 -3.8182 22.0399
264 480 -1.5175 -3.6634 18.5950
288 480 -0.9491 -2.8084 14.9056
312 480  1.0000  1.0000  6.9590
336 480  4.9195 -2.3038 12.3245
360 480  4.7136 -2.8573 13.1791
384 480  4.7106 -0.7871 19.1301
408 480  4.0904 -0.2283 18.2689
432 480  1.0007 -2.0200 11.3527
456 480  4.6623 -6.6889 13.4132
480 480  3.9642 -7.2273 14.8190
504 480  3.7323 -5.1071 21.5508
528 480  2.4732 -5.1991 19.7003
552 480  1.5739 -5.2281 16.0685
576 480  1.9562 -4.4248 19.8894
600 480  2.9752 -4.7709 17.7664
624 480  1.7510 -4.2361 16.7894
648 480 -0.7928 -5.1492 17.2927
672 480 -0.3021 -3.0381 16.8689
696 480 -0.2221 -1.2438 19.8457
720 480 -0.0129 -0.3007 15.4406
744 480  0.7065  2.6108 15.1559
768 480  0.5717  4.5471 15.4957
792 480 -0.3385  5.4149 12.3574
816 480 -2.6030  6.3827 12.5470
840 480 -1.2496  5.5443 12.3415
864 480 -2.9077  4.2445 12.3671
888 480 -4.9639  3.6144 15.0246
912 480  0.2330  1.8571 11.3614
936 480  0.0868  1.3945 13.1496
960 480 -0.8608  0.8168 14.5506
984 480  0.9976  0.0332 10.2135
 24 504  0.0153 -0.0440 12.3156
 48 504  4.8611 -1.6507 12.4138
 72 504  1.1605 -4.9579 14.4023
 96 504  1.1673 -5.2758 19.8955
120 504  0.2010 -4.8000 16.5042
144 504 -3.2238 -3.8834 16.1594
168 504 -3.7153 -3.1162 16.8615
192 504 -3.1957 -4.2917 15.5060
216 504 -0.1252 -4.7148 12.2815
240 504 -0.8396 -3.9289 15.4797
264 504 -0.8932 -3.8305 15.1115
288 504 -1.0141 -3.9923  9.7167
312 504 -0.0658 -1.1130 13.9093
336 504  0.2970 -2.9274 17.2984
360 504 -0.5188 -3.2555 12.9147
384 504  3.4443 -0.7298 16.1427
408 504  2.2746 -0.3531 15.6251
432 504  3.9956 -2.9716 12.8181
456 504  7.7941 -5.4478 14.7049
480 504  5.9814 -4.9615 13.1233
504 504  3.2504 -4.8801 14.7740
528 504  2.9040 -5.1734 14.7862
552 504  3.8742 -6.6199 13.1641
576 504  3.8073 -5.3556 15.1409
600 504  3.6657 -5.2785 17.9380
624 504  3.2469 -4.8890 15.3189
648 504  1.7454 -5.6448 15.9955
672 504  0.0098 -3.3795 17.2995
696 504 -0.4668 -2.0361 16.9287
720 504 -0.2494 -0.9267 15.8574
744 504  0.1297  3.7121 15.5438
768 504  0.1424  4.4281 17.6364
792 504 -0.3214  4.9720 11.7344
816 504 -4.2819  7.0303 10.5450
840 504 -4.7761  4.1459 13.9799
864 504 -4.5558  3.7209 18.3628
888 504 -4.6358  4.0409 14.0914
912 504 -4.7357 -2.6125 13.9094
936 504  0.0308  0.2331 11.6549
960 504  2.6807  1.0226 16.0034
984 504  1.0238  0.0194 10.4933
 24 528 -0.0270 -0.0044 12.7512
 48 528 -1.6325 -8.3515  9.7571
 72 528 -2.1915 -9.1861 10.6603
 96 528 -0.7877 -5.3669 11.0204
120 528 -2.0563 -3.9826 15.6179
144 528 -2.7687 -3.2114 18.3527
168 528 -4.5963 -2.8316 14.3641
192 528 -2.0704 -4.9814 15.5228
216 528  1.8159 -6.9108 15.7187
240 528  7.0061 -7.9958 12.6101
264 528  4.0950 -5.7965 13.8845
288 528  1.8608 -5.2668 13.1466
312 528 -0.2158 -0.9835 17.0617
336 528 -0.5110 -1.0642 16.6224
360 528  1.0559 -5.9162 12.3771
384 528  3.0030  0.0129 15.8209
408 528  3.8457 -0.8559 17.2711
432 528  5.7384 -3.1450 18.6180
456 528  4.9419 -3.4179 18.0208
480 528  5.5668 -4.5292 17.4933
504 528  6.1345 -4.4371 21.0430
528 528  4.1700 -5.0725 13.5165
552 528  4.0722 -6.5666 16.2937
576 528  4.0680 -5.1234 14.9828
600 528  3.3895 -3.7892 14.4647
624 528  2.2458 -3.0504 11.5332
648 528  2.0712 -3.5038 13.5693
672 528  0.8430 -1.1669 17.3013
696 528  0.4583 -0.0998 16.3130
720 528  0.0382 -0.1576 15.1348
744 528 -0.0885 -0.6502 21.9507
768 528 -0.7568  5.1167 14.3939
792 528 -1.0854  5.2976 15.5612
816 528 -4.1176  6.8032 13.0525
840 528 -3.1103  4.8714 14.8027
864 528 -4.1549  2.9189 18.4009
888 528 -4.0825 -0.1943 13.3520
912 528 -5.6380 -1.7668 14.6645
936 528 -3.9477 -0.1111 13.0026
960 528  0.3770  2.4402 12.0798
984 528  1.0259  0.0273 10.2910
 24 552 -0.0441  0.0051 12.7097
 48 552 -2.9321 -7.1566 15.9289
 72 552 -2.9575 -8.3801 17.1434
 96 552 -2.5777 -7.9384 15.2758
120 552 -1.7079 -7.2174 14.0805
144 552 -2.8759 -1.8404 18.7423
168 552 -0.0396 -2.8812 11.7094
192 552  0.4271 -5.6531 13.7644
216 552  0.0862 -5.1536 13.4311
240 552  2.0011 -6.8563 16.5095
264 552  2.3809 -6.9627 14.6824
288 552  1.9157 -1.1687 13.8703
312 552 -0.1253 -1.5291 16.4294
336 552  0.0596 -1.6723 17.2540
360 552  0.2349 -2.5674 17.1559
384 552  1.2433 -1.1969 16.2408
408 552  3.9753 -1.4597 14.7472
432 552  5.9165 -2.8667 17.5586
456 552  6.3192 -2.6950 17.6075
480 552  6.4565 -3.3489 17.5692
504 552  6.5618 -3.7842 16.0650
528 552  5.2211 -3.3544 13.8273
552 552  4.9318 -3.8169 17.2303
576 552  4.5160 -4.0193 16.0405
600 552  2.9933 -3.5296 16.0758
624 552  1.7360 -1.9869 16.5690
648 552  0.3417 -1.0587 19.0775
672 552  0.2398 -0.2584 19.2703
696 552  1.6384  0.9570 18.6302
720 552  0.1681  0.3914 20.7525
744 552 -0.1338 -0.3829 22.8848
768 552 -2.0754  0.7134 12.0386
792 552 -4.2899  3.5794 17.9079
816 552 -4.3902  3.9073 17.9005
840 552 -3.1981  2.0645 14.2589
864 552 -4.7489  2.6002 14.4144
888 552 -6.8008  2.7249 17.9720
912 552 -5.8069 -1.4122 14.0768
936 552 -5.6478 -1.8530 22.2166
960 552 -4.0695 -0.6530 15.6781
984 552  1.1321 -0.0053 10.5716
 24 576 -0.0066 -0.0516 12.0450
 48 576 -2.5355 -6.8359 13.6252
 72 576 -2.2686 -7.1051 17.3161
 96 576 -2.1402 -6.4433 13.9475
120 576 -3.2306 -1.9761 18.2145
144 576 -3.1944 -1.6726 18.4403
168 576 -0.0874 -3.1762 14.9226
192 576  0.6566 -4.8782 14.9919
216 576  0.0003 -5.0134 14.2550
240 576  0.0186 -5.0732 11.5024
264 576  3.7329 -8.1768  8.0089
288 576 -2.6847 -0.6949 16.8003
312 576 -0.8065 -0.1307 18.6760
336 576  0.5620 -1.9169 17.8373
360 576  0.7403 -1.9167 14.8152
384 576  2.9273 -1.8244 16.0504
408 576  3.1426 -2.0420 15.5027
432 576  4.9063 -2.1839 16.9245
456 576  6.0149 -2.4377 15.6876
480 576  6.1641 -2.2201 17.6201
504 576  6.5390 -2.4045 17.9238
528 576  5.1157 -3.4387 16.7033
552 576  5.1481 -3.5159 15.6134
576 576  4.2949 -2.9353 14.6191
600 576  1.6922 -2.8154 12.1916
624 576  0.4246 -1.0886 14.9374
648 576  0.2379 -0.6478 20.6461
672 576 -0.0290 -0.2169 22.7724
696 576 -0.0075  0.4452 17.5795
720 576  0.3589  0.5530 16.6258
744 576 -0.1475  0.1284 12.0345
768 576 -5.6005  4.1879 18.7052
792 576 -5.6229  3.9752 21.6759
816 576 -4.8395  4.5313 15.9527
840 576 -3.9874  3.2295 10.6372
864 576 -3.2839 -0.7786 12.3018
888 576 -5.1155  0.4644 11.8520
912 576  0.8866  0.3951 12.8523
936 576 -5.6268 -1.7550 21.6874
960 576 -1.9330 -0.8381 16.8905
984 576  1.1795  0.0172 10.3248
 24 600  0.0088 -0.0377 11.5797
 48 600 -1.8052 -5.8718 17.1593
 72 600 -0.3028 -7.1354 19.6532
 96 600 -1.3621 -3.6380 16.5597
120 600 -3.8883 -2.1671 18.7865
144 600 -3.7376 -2.1224 13.3871
168 600 -2.7264 -2.9795 14.8247
192 600 -1.2202 -4.1090 17.8015
216 600 -2.4581 -5.6307 11.5178
240 600  0.1846 -12.7079 11.7969
264 600 -6.1002 -9.8320 10.1016
288 600 -1.7733  0.3306 18.0855
312 600 -0.7667  0.1448 18.3457
336 600  3.5794 -1.2167 16.9576
360 600  3.5423 -1.9367 14.9047
384 600  3.5601 -2.2882 18.2346
408 600  4.2039 -2.6263 18.4713
432 600  4.7956 -1.6826 18.3912
456 600  5.0614 -1.8708 15.9090
480 600  5.6787 -1.8113 15.5470
504 600  5.9940 -1.4685 19.7037
528 600  6.3108 -2.8005 16.1395
552 600  6.5519 -4.1629 14.6861
576 600  6.0345 -4.0760 12.2419
600 600  3.7404 -3.3161 11.1282
624 600  1.0524 -0.2099 12.3827
648 600  0.4180 -0.2542 18.0082
672 600 -0.0519 -0.3480 19.3882
696 600 -2.1095  0.4930 17.8021
720 600 -2.8546  1.6269 14.4544
744 600 -4.2219  6.3077 16.7256
768 600 -6.1881  4.8436 14.3675
792 600 -6.1594  3.3054 17.2757
816 600 -4.6418  4.4079 14.6271
840 600 -2.1275 -0.9521 14.6275
864 600 -2.6268 -0.8962 20.9750
888 600 -2.7440 -1.0982 19.6279
912 600  0.9090  0.5681 19.9211
936 600  0.9349  0.2957 13.6412
960 600 -4.7506 -0.8871 11.8130
984 600  1.1433 -0.0079 10.1974
 24 624  0.0003 -0.1044 12.3245
 48 624 -2.7024 -5.1883 18.5855
 72 624  0.1060 -5.0499 20.3171
 96 624 -0.7876 -3.3002 17.5802
120 624 -0.1017 -2.4505 20.3681
144 624 -0.8980 -2.2133 17.3619
168 624 -2.7175 -2.9426 14.9189
192 624 -1.1168 -3.6104 16.6184
216 624 -0.3802 -2.8386 10.1494
240 624  6.8046 -5.8172 10.6098
264 624  4.0550 -4.1007  8.5325
288 624 -1.5865  0.6564 14.7251
312 624  3.1042 -1.2438 14.6791
336 624  3.5835 -2.1236 17.6091
360 624  3.9395 -2.2902 14.2612
384 624  4.7031 -3.7722 14.7987
408 624  4.2901 -2.8741 18.1395
432 624  5.5869 -2.1387 20.6883
456 624  5.7009 -1.9469 15.8592
480 624  5.7609 -2.0606 12.1779
504 624  5.9690 -1.9370 17.0757
528 624  7.7318 -4.1121 12.9379
552 624  8.0532 -4.8029 15.0583
576 624  7.1980 -6.3398 12.4772
600 624  3.9120 -3.0172 13.2978
624 624  2.1030 -0.6440 14.3206
648 624  1.8477 -0.1766 16.8214
672 624  0.2967 -1.7376 17.4115
696 624 -1.8016  0.0568 16.6992
720 624 -3.8901  0.9280 13.3298
744 624 -4.0235  6.4379 19.1828
768 624 -1.9884  4.2572 11.4497
792 624 -2.9077  5.1109 12.3082
816 624 -0.9008  0.9463 18.3283
840 624 -2.0459 -0.5465 23.3448
864 624 -2.5973 -1.0368 28.5237
888 624 -2.8877 -1.0420 22.7895
912 624 -3.2104 -3.0907 10.9275
936 624  1.9760  6.0367 11.9666
960 624  1.0008  3.3067 12.6419
984 624  1.1337  0.0026 10.6400
 24 648  0.0106 -0.0377 12.3328
 48 648 -3.7694 -4.0817 15.3532
 72 648  0.9164 -3.8530 13.8011
 96 648  0.1130 -2.8539 16.3342
120 648 -0.2944 -1.4182 16.5741
144 648 -1.7456 -4.6903 18.8541
168 648  0.2695 -6.6996 12.3576
192 648 -40.0911 -1.5138 11.1646
216 648  6.1710 -3.8945 19.4699
240 648  7.4831 -8.3659 13.7813
264 648  7.1837 -8.5739 13.6278
288 648  6.0568 -2.3298 17.9133
312 648  6.0863 -1.8753 19.9883
336 648  5.9608 -1.4461 17.2595
360 648  6.4178 -2.5724 16.0026
384 648  6.1432 -2.2156 14.9856
408 648  4.7866 -3.1095 12.4605
432 648  6.8081 -1.5248 17.0954
456 648  6.1936 -2.1961 20.6278
480 648  5.9429 -2.7280 14.8230
504 648  6.0857 -3.3190 14.4153
528 648  7.1286 -7.2983 13.7409
552 648  4.3573 -8.4265 12.9343
576 648 -0.0712 -6.8764  9.6517
600 648 -1.6260 -4.2184 17.9588
624 648  0.2691 -4.9056 17.0851
648 648  0.7018 -2.7115 17.5199
672 648  0.6514 -2.7437 16.5488
696 648 -1.7696 -4.2205 15.5603
720 648 -4.1289  0.1087 11.1491
744 648 -5.6920  7.0899 12.1595
768 648 -1.7703  6.5733 11.1441
792 648 -3.1416  5.3609 12.6423
816 648 -1.2377  0.8612 16.6649
840 648 -1.9942 -0.5905 23.6670
864 648 -2.8069 -0.9869 22.8723
888 648 -3.8839 -1.8046 20.7483
912 648 -3.4984 -3.2144 16.8651
936 648 -2.3627 -3.5012 14.5048
960 648  0.6261  3.4756 15.0341
984 648  1.0910  0.0218 10.2991
 24 672  0.0011  0.0323 12.0263
 48 672 -3.2195 -2.0555 12.0896
 72 672 -6.6485 -4.1475 14.0805
 96 672 -4.8964 -4.8338 11.6085
120 672 -3.1893 -4.3329 13.4103
144 672 -1.1683 -5.4917 19.1363
168 672  0.1873 -5.9473 13.3669
192 672 -39.2379 -5.2264 11.6615
216 672  6.1353 -4.7890 18.7584
240 672  6.8862 -6.3057 12.0706
264 672  4.8248 -2.1954 12.9501
288 672  4.4332 -2.5477 15.1922
312 672  6.3819 -2.8963 13.8538
336 672  7.7553 -0.3394 15.3670
360 672  6.5918 -2.0907 13.4497
384 672  6.1608 -4.2949 13.3427
408 672  9.7980 -0.0048 11.2613
432 672  8.7801  0.0599 13.2028
456 672  5.7835 -4.0538 15.5423
480 672  5.6587 -4.5161 17.3183
504 672  4.9866 -5.7735 12.4197
528 672  5.9475 -7.6400 10.1744
552 672 -0.9055 -5.6578 13.2961
576 672 -1.8930 -5.3944 17.9467
600 672 -1.8875 -5.1819 22.4315
624 672  0.1626 -4.8906 18.8451
648 672  1.0705 -3.8876 15.4441
672 672 -1.7363 -3.7714 16.0049
696 672 -1.8025 -4.3965 17.3382
720 672 -1.8268 -4.9782 10.7524
744 672 -3.4745  9.5532 12.3998
768 672  1.7705  3.7807  9.5577
792 672  2.3329 -0.1119 11.7302
816 672  2.8477  0.9036 14.3468
840 672 -3.9730  0.5029 18.1658
864 672 -3.6629  0.2797 16.1073
888 672 -4.1396 -0.4903 13.7510
912 672 -4.3100 -2.0124  9.8038
936 672 -8.6100 -6.2351 13.3412
960 672  3.8988 -1.4790 13.0419
984 672  1.1567 -0.0093 10.3869
 24 696 -0.0204 -0.0419 12.4294
 48 696 -3.4200 -5.0327 16.2337
 72 696 -6.9030 -4.2566 15.0896
 96 696 -6.9501 -7.6278 12.9486
120 696 -6.7075 -7.9225 12.9480
144 696 -2.7600 -5.1198 10.9232
168 696 -0.2606 -4.7671 12.8548
192 696  0.9922 -4.7897 16.0345
216 696  1.9707 -0.7207 13.5597
240 696  4.0097  0.5760 16.9025
264 696  3.0277 -1.5938 17.2428
288 696  3.0836 -2.1194 20.4962
312 696  5.3133  0.1087  7.9606
336 696  6.3239 -0.6307 14.6409
360 696  5.4089 -8.3060 12.0112
384 696  5.9035 -6.9791 16.3380
408 696 10.8158  0.8334  9.6977
432 696  9.9676  0.2095 15.5995
456 696  7.7554  0.1592 12.8049
480 696  4.3114 -3.3005 17.5255
504 696  3.4740 -5.2451 16.5055
528 696  0.0137 -6.9308 16.1344
552 696 -0.2398 -6.2340 19.6333
576 696 -0.1830 -6.2304 18.6136
600 696 -1.9112 -4.5205 11.1885
624 696  1.0000  1.0000  7.8480
648 696  0.1258 -4.2699 11.8873
672 696 -1.1416 -3.1103 16.0615
696 696 -1.3683 -4.6303 17.8924
720 696 -4.6704 -1.3708 12.2810
744 696 -0.7049  5.9184 12.6977
768 696  0.6259  4.1252 17.1885
792 696  1.1353  3.9838 14.9198
816 696  2.6659  0.5856 14.8092
840 696 -3.9103  1.1893 12.5759
864 696 -4.1591  0.7403 11.7816
888 696  0.3628  1.7924 17.9729
912 696 -1.4705  1.2464  9.2323
936 696 -7.8309 -8.4087 12.8346
960 696  4.1339 -4.2225 13.6241
984 696  1.1136 -0.0244 10.4759
 24 720 -0.0112 -0.0319 12.2523
 48 720 -3.4876 -3.9883 18.8271
 72 720 -5.9344 -5.2231 14.1343
 96 720 -5.5112 -7.7322 14.2919
120 720 -5.1290 -8.9242 16.7638
144 720 -5.3661 -9.1460 13.2932
168 720 -5.9495 -8.3374  9.5425
192 720  1.5971 -6.1593 13.6914
216 720  0.7686 -5.1049 10.4866
240 720  4.2669 -0.0131 13.3039
264 720  4.0926 -0.8655 12.0113
288 720 -1.8472 -1.9875 15.6177
312 720  1.6054 -3.1418 13.4994
336 720  0.3207 -3.9832 13.7336
360 720  3.8951 -5.1593 12.3606
384 720  6.6338 -6.8849 13.4206
408 720  8.8047 -0.9051  9.7447
432 720  8.8554  1.5080 16.3233
456 720  8.2678  1.6656 18.4487
480 720  4.5736 -1.9120 13.0181
504 720  4.1414 -4.8705 15.5164
528 720  4.1303 -0.4199 11.1303
552 720  1.1829 -8.5998 11.4655
576 720  0.8573 -8.7821 12.5161
600 720  0.6641 -14.0858 11.8816
624 720  0.2542 -13.0289 11.2883
648 720  2.2063 -7.0766 11.8049
672 720  1.1280 -6.4953 15.9802
696 720  0.1614 -6.8114 14.3588
720 720 -3.5178 -2.9579 14.7490
744 720 -0.0182  3.6476 15.5943
768 720  0.3657  3.6228 17.7069
792 720  4.0736  4.9304 11.5525
816 720  5.9736  5.1991 11.3617
840 720 -1.7643  6.0414 14.7279
864 720  2.0633  0.0468 22.9369
888 720  1.7429  0.2537 20.7651
912 720  0.7884 -1.3978 10.4850
936 720 -0.1055 -4.2525 17.3570
960 720 -1.1298 -3.1446 13.8980
984 720  0.4885 -0.0192  9.9199
 24 744  0.0043 -0.0728 12.1575
 48 744 -2.7386 -3.0711 14.2183
 72 744 -12.1167 14.8226  9.8420
 96 744 -4.8346 -8.0479 11.0336
120 744 -5.8139 -10.0947 13.0643
144 744 -6.5412 -9.2753 13.3759
168 744 -7.5008 -9.2924 13.4251
192 744 -7.9664 -9.2175 11.8893
216 744 -7.1638 -8.9365  9.5982
240 744 -6.0677  2.1874 15.3483
264 744 -5.9450  2.8502 12.1537
288 744 -1.8525 -2.1813 15.6446
312 744 -1.0024 -4.5734 15.8350
336 744  0.3980 -4.0497 15.4069
360 744  1.8476 -5.2723 15.1749
384 744  4.8557 -8.1224 13.9598
408 744  4.9865 -8.5967  8.9824
432 744  8.2844  1.9215 11.8394
456 744  8.5484  0.9948 17.9322
480 744 -4.6403  2.8430  9.7042
504 744  1.0000  1.0000  7.1071
528 744  4.9963 -2.6583 10.1971
552 744  6.6310 -9.8362 18.7498
576 744  4.9253 -8.9432 15.5687
600 744  1.0811 -14.1346 18.3510
624 744  0.4153 -13.5463 15.5339
648 744  1.2161 -8.1484 12.5912
672 744  1.2518 -7.4807 17.4490
696 744  1.6994 -6.8908 13.9648
720 744 -1.0206 -3.2419 13.7724
744 744  4.1226 -2.5572 13.3224
768 744  4.6001 -2.6871 13.8763
792 744  6.1048  5.4386 12.2604
816 744  6.1454  5.4070 12.7588
840 744  3.5003  9.2291 12.2878
864 744  1.6996  0.1791 20.3943
888 744  1.4911  0.0277 24.9404
912 744 -0.0088 -1.6606 14.3805
936 744 -1.7372 -3.0510 18.0335
960 744 -2.1338 -0.2317 12.7783
984 744  0.6735  0.0067  9.8144
 24 768 -0.0101 -0.0507 12.5248
 48 768 -0.3826 -3.0987 15.9299
 72 768 -9.4661 -23.9259 10.9096
 96 768 -9.9276 -23.8822 11.4584
120 768 -7.7324 -6.8361 13.2658
144 768 -6.2271 -7.8531 12.7335
168 768 -7.0287 -9.2498 13.4590
192 768 -5.0293 -7.9782 13.3927
216 768 -5.1109 -7.1001 14.8077
240 768 -2.4200 -3.1269 11.1139
264 768 -2.9807  0.6256 13.7896
288 768 -1.7336 -4.7520 13.7139
312 768  1.5762 -4.1634 10.2362
336 768  6.6538 -7.0566 10.5772
360 768  7.7103 -6.8871 16.0749
384 768  6.0158 -4.3587 14.3208
408 768  5.6947 -4.8668 10.8289
432 768  9.0988 -4.8515  7.4250
456 768  5.3936 -0.3782 12.1151
480 768  3.9166 -1.2263 12.1426
504 768  4.3561 -3.2755 13.9940
528 768  4.8874 -2.5791 19.3817
552 768  5.8913 -2.9034 11.6845
576 768  6.9546 -7.7570  9.5462
600 768 17.8185 -15.0202  6.9160
624 768 -0.2150 -10.8232 12.0903
648 768 -1.3426 -6.0551 14.7441
672 768  0.0786 -8.0632 14.1767
696 768  0.1363 -10.0490 14.0400
720 768  0.3962 -8.5413 13.9512
744 768  3.3777 -3.9696 15.1586
768 768  4.4091 -2.7585 19.0120
792 768  5.9676  4.3713  9.2371
816 768  7.8609  5.2424 12.0226
840 768  3.1803  9.4506 12.6643
864 768  3.1701  8.7309 13.7225
888 768  1.0341  0.9731 14.6201
912 768 -1.7191 -1.1126 15.3346
936 768 -2.4150 -2.4063 17.5672
960 768 -2.4153 -3.0845 13.2177
984 768  1.0207 -0.0028  9.9607
 24 792 -0.0305 -0.0701 13.1773
 48 792  0.0158 -3.7269 17.6796
 72 792  0.3698 18.5948  9.4040
 96 792  1.0125 17.3059 13.9783
120 792 -0.2053 -1.2713 11.9014
144 792 -3.8439 -5.3190 13.8245
168 792 -6.0403 -9.0190 11.4913
192 792 -5.0050 -8.2734 15.6499
216 792 -5.0604 -8.7886 19.1266
240 792 -4.0590 -8.1888 16.4502
264 792 -2.7178 -3.6070 12.3418
288 792 -1.8671 -5.0750 15.9052
312 792  1.2702 -5.5723 16.6008
336 792  3.8768 -6.3591 11.8883
360 792  5.1569 -6.0501 13.6204
384 792  7.6488 -5.2105 16.8498
408 792  7.2169 -4.9211 16.1875
432 792  4.2645 -2.7845  8.7367
456 792  4.3989 -1.8126 16.9281
480 792  4.0264 -1.3846 17.7383
504 792  4.1209 -2.9903 21.6085
528 792  4.6081 -2.7847 19.7583
552 792  6.2986 -2.0458 19.9073
576 792  6.8260 -2.0150 18.5128
600 792  3.9490 -4.1391  9.0420
624 792 -1.4768 -6.9017 17.7777
648 792 -1.3285 -7.1880 14.9740
672 792 -1.0640 -7.1216 15.7152
696 792 -0.2227 -5.3903 14.1107
720 792  0.9441 -6.9763 11.3109
744 792  3.5741 -4.9619 12.7995
768 792  5.6157 -2.3159 11.5231
792 792  2.9864  9.5932 10.4224
816 792  8.0133  9.9346 16.4550
840 792  2.8920  7.8897 13.0384
864 792  2.4307  8.1310 16.0078
888 792  0.3736  2.7022 15.1732
912 792  1.7118  1.2600 17.5233
936 792  0.0392  0.1383 19.1241
960 792 -2.0200 -3.0443 15.1269
984 792  0.9130 -0.0490 10.3087
 24 816 -0.0231 -0.0545 12.9107
 48 816 -1.1070 -3.6167 21.1588
 72 816 -1.5665 -3.0842 11.8975
 96 816 -0.1760 -1.0712 14.3575
120 816 -0.3354 -1.0422 20.9793
144 816 -0.1483 -1.3566 16.0666
168 816 -4.1818 -7.8527 11.5990
192 816 -4.7951 -8.1824 12.7042
216 816 -4.1306 -10.2297 18.9052
240 816 -3.7339 -10.1197 17.0696
264 816 -0.7835 -6.8089 13.4538
288 816 -2.0211 -5.0478 15.4957
312 816 -1.8583 -6.0384 13.9473
336 816  1.7616 -6.9898 13.0945
360 816  2.9470 -5.3741 12.7232
384 816  5.1418 -4.8730 16.2906
408 816  5.3713 -5.1494 11.9265
432 816  8.2291  3.2194 16.6304
456 816  6.1896  3.8186 17.9710
480 816  3.9968 -1.2202 17.3874
504 816  3.3868 -2.5765 16.9978
528 816  5.6452 -2.0479 14.3545
552 816  6.1798 -1.7455 16.2678
576 816  6.5654 -2.2674 15.7976
600 816  7.1183 -5.2013 11.7017
624 816  0.0322  0.5229  9.3804
648 816  0.0232  0.0136 13.6260
672 816 -0.3215 -2.8497 11.6307
696 816 -0.1705 -3.1850 11.9660
720 816 -0.5855 -8.0580 12.0232
744 816  0.1564 -7.4033 14.8442
768 816  3.6213  7.9190 16.0005
792 816  3.1529  8.9939 14.8681
816 816  7.0713  9.7895 16.1580
840 816  3.3236  8.8690 11.8454
864 816  2.9390  7.8998 13.9776
888 816  0.4197  2.5818 15.0713
912 816  0.3519  2.0910 20.8525
936 816 -0.9301  0.0875 18.1244
960 816 -2.0845 -1.7012 15.0894
984 816  1.0404  0.0053 10.5383
 24 840  0.0039 -0.0694 12.1774
 48 840 -0.1527 -2.7187 19.1765
 72 840 -1.6343 -1.4118 16.8088
 96 840 -2.5813 -1.8032 23.1459
120 840 -1.7520 -1.0908 21.1374
144 840 -0.3143 -2.3425 15.7525
168 840 -0.1144 -4.9723 15.5123
192 840 -0.5936 -6.1629 14.2085
216 840 -0.7398 -6.4018 11.2431
240 840 -0.7172 -6.6986 14.0645
264 840 -0.5365 -6.1135 15.1500
288 840 -0.3364 -6.0410 13.6063
312 840  1.4433 -7.2136 12.4847
336 840  2.8847 -4.8939  9.7203
360 840  3.0899 -4.7554 15.8350
384 840  6.0257 -3.8304 12.8999
408 840  6.2739 -0.0453  8.3490
432 840  8.5188  3.5926 18.7518
456 840  8.6279  3.8462 18.3794
480 840  3.5765 -0.4260 11.7861
504 840 12.0454 21.1320  7.6690
528 840 -18.2009 -2.7073 19.1093
552 840 26.3912  1.0774 21.2052
576 840  7.2858 -6.9887  6.7885
600 840  6.9193 -6.5445 11.7858
624 840  1.3117  0.2158 12.2431
648 840  0.1675  0.2260 14.4334
672 840 -0.2895 -3.0512 16.1145
696 840 -0.3127 -3.2362 16.7065
720 840 -0.2947 -2.8695 11.5150
744 840 -0.2688  2.7398 11.4084
768 840  2.9016  5.1195 11.2233
792 840  2.9285  5.9691 11.1939
816 840  3.6195  8.8259 15.6805
840 840  3.3724  8.8396 13.9152
864 840  2.0937  7.1097 13.4314
888 840  2.8187  2.1346 15.8856
912 840 -0.0123  1.1622 16.9533
936 840 -1.0788  0.8833 15.1012
960 840 -1.8257  1.5620 13.9187
984 840  1.1747  0.0110 10.7920
 24 864 -0.0131 -0.0974 12.6249
 48 864  0.1576 -0.6775 15.9317
 72 864 -1.3616 -0.7858 20.5086
 96 864 -1.2820 -1.3293 18.5389
120 864 -2.7922 -2.8594 16.2665
144 864 -1.1392 -3.8213 20.3041
168 864 -0.2005 -3.5064 19.7940
192 864 -0.1474 -4.3545 15.0788
216 864 -0.2890 -5.2142 16.8602
240 864 -0.3636 -5.3442 19.6603
264 864 -0.3774 -5.1690 19.3594
288 864 -0.3325 -4.9998 17.6374
312 864  3.1532 -4.8684 13.3542
336 864  3.2608 -4.9216 12.5879
360 864  3.8364 -3.2373 15.2523
384 864  3.9216 -3.0924 13.1742
408 864  5.2465  1.8257 15.7575
432 864  8.2008  3.2329 19.7898
456 864  8.2562  3.6663 16.0668
480 864  7.9070  4.5614 11.9257
504 864  4.2978 -23.9990  8.2054
528 864 -18.8922 -0.3033 16.5492
552 864 26.8561 -0.1033 17.0567
576 864  8.0937 -35.3995  7.2519
600 864  2.0180 -0.8427 16.0138
624 864  1.6639 -0.1064 18.6015
648 864  1.8543  1.6688 18.9584
672 864 -0.6636 -1.0392 17.3693
696 864 -0.0930 -2.2304 17.4448
720 864 -0.2084 -1.2005 11.4639
744 864  0.9314  1.0014 15.4516
768 864 -0.5554  3.6243 12.6423
792 864  0.9062  3.0964 11.6837
816 864  1.7044  4.0909 14.6008
840 864  2.0174  5.9123 11.3201
864 864  2.9356  7.7743 11.9982
888 864  2.7851  2.3190 14.1835
912 864  1.9368  3.7707 18.5801
936 864  0.7025  2.1041 14.6837
960 864 -1.3954  4.0849 10.2837
984 864  0.9113  0.0313 10.5152
 24 888 -0.0201 -0.0234 12.9067
 48 888  0.0853  1.5779 18.2307
 72 888 -0.2654  0.8472 20.4443
 96 888 -1.2277 -0.6401 17.9335
120 888 -2.7271 -2.8300 21.0906
144 888 -3.2344 -2.2728 18.0858
168 888 -3.9842 -1.3185 17.3082
192 888 -3.7529 -4.8050 15.9618
216 888 -2.2096 -3.7370 13.6106
240 888 -1.3008 -0.3465 15.5145
264 888 -2.8029 -3.9928 17.6023
288 888 -2.2544 -3.8239 16.3644
312 888  0.6704 -4.4660 13.0191
336 888  1.6243 -3.6686 19.8079
360 888  1.8866 -4.0056 20.2225
384 888  3.6023 -3.8416 13.9761
408 888  5.3289  1.5553 13.8509
432 888  5.9196  2.0965 16.1421
456 888  7.8238  3.4256 16.7156
480 888  6.3552  3.1270 15.5899
504 888  6.0811  2.8785 12.3604
528 888  3.9381 -1.3935 14.5956
552 888  3.9090 -1.4955 22.3350
576 888  2.1786  3.7829 14.2796
600 888  1.2437  1.8947 17.1602
624 888  1.9706 -1.0097 20.4108
648 888  2.8370  0.2691 22.3826
672 888  2.5667 -0.2417 14.7364
696 888  3.5823 -0.5891 16.7316
720 888  4.1656  1.3199 17.1502
744 888  0.6799  1.8653 16.1285
768 888  0.2299  1.6392 11.5834
792 888  1.7333  2.5225 14.5132
816 888  1.7884  2.5380 15.6214
840 888  3.8589  5.8465 14.8249
864 888  0.5941  8.6770 13.4622
888 888  3.0281  4.4417 16.2009
912 888  2.5377  4.0358 15.4907
936 888  0.8334  3.4446 14.5754
960 888 -0.7282  3.9651 10.2218
984 888  0.5936  0.0532 10.0938
 24 912  0.0016 -0.0200 12.4706
 48 912 -0.1733 -0.7357 16.4365
 72 912  0.0149 -1.7844 15.8042
 96 912 -2.0654 -2.5913 17.5680
120 912 -3.6333 -2.7924 18.5733
144 912 -3.4849 -0.1142 14.6923
168 912 -3.6722 -1.9009 16.0426
192 912 -3.5637 -2.1118 15.2511
216 912 -2.0957  0.1731 13.4583
240 912 -2.1705 -0.0431 15.9498
264 912 -2.2889 -1.8552 17.7948
288 912 -1.8754 -2.4733 16.3197
312 912  0.7601 -4.5818 12.7220
336 912  1.1361 -3.2400 16.7701
360 912  1.7896 -3.6407 18.6198
384 912  2.7522 -3.2821 12.6285
408 912  3.8596  0.0342 14.1721
432 912  5.8376  1.9457 15.4333
456 912  7.9644  0.7948 11.4006
480 912  6.1312  2.6505 11.9787
504 912  4.3303  5.0311 10.8521
528 912  5.5563  1.8141 13.4326
552 912  3.2780 -0.9045 14.4901
576 912  2.1209  3.4557 15.4363
600 912  1.9450  2.4465 15.2679
624 912  2.0716 -1.8473 18.0243
648 912  2.8964  0.2566 16.4979
672 912  2.2988  4.3024 16.2737
696 912  3.1441 -0.2282 16.5269
720 912  3.8146  1.7544 17.0403
744 912  3.7192  2.1195 16.3389
768 912  2.0586  1.1232 17.3400
792 912  2.7437  2.0819 20.6772
816 912  2.6861  1.7346 16.6737
840 912  4.0303  7.2982 11.3151
864 912  4.0236  7.4079 16.2459
888 912  4.0444  4.1779 13.5437
912 912  3.7705  4.6212 14.3165
936 912  1.7712  3.1048 17.8676
960 912  0.3225  3.8755 15.7956
984 912  0.6204  0.0046  9.9721
 24 936 -0.0214 -0.0304 12.9011
 48 936 -3.0831  1.5084 14.0644
 72 936 -2.1835 -1.7075 16.3974
 96 936 -3.6405 -3.2458 15.8369
120 936 -7.1618 -0.0139 12.8872
144 936 -7.2151 -0.0049 15.4608
168 936 -5.6655 -0.7599 15.0023
192 936 -5.2444 -0.8028 16.4458
216 936 -4.4525  2.0642 15.1866
240 936 -3.8392  1.3824 17.2667
264 936 -2.7854 -0.7237 15.0797
288 936 -1.5882 -2.0237 12.9969
312 936  0.6857 -2.6398 15.4321
336 936  0.7035 -3.1501 18.3151
360 936  1.8763 -3.8007 16.5680
384 936  2.4760 -3.1456 17.1249
408 936  2.2355  1.2594 13.2838
432 936  4.9682  2.5244 14.2065
456 936  3.5997  1.3308 16.6398
480 936  3.0492  2.8735 20.5071
504 936  2.6983  3.8078 14.6296
528 936  4.2552  5.6667 14.8196
552 936  2.0381  6.1211 14.6941
576 936 -0.7843  5.8999 11.4280
600 936  1.8703 -0.0678 13.1678
624 936  2.7327 -0.2058 16.4121
648 936  3.9491  3.0298 11.8470
672 936  3.8585  5.1976 15.7990
696 936  4.0925  4.3513 15.3163
720 936  3.8062  1.6974 15.7730
744 936  2.3632  0.5272 15.8527
768 936  5.9857  3.0307 10.7937
792 936  7.0441  6.0097 16.2822
816 936  3.9840  4.9394 13.6803
840 936  7.3230 10.0018 17.2616
864 936  6.3061  7.5449 12.0670
888 936  4.1693  4.8774 14.0040
912 936  4.1155  4.8123 13.0094
936 936  2.6358  3.4111 14.6736
960 936  2.5597  3.4622 14.2012
984 936  0.6643  0.0208 10.0933
 24 960 -0.0150 -0.0081 12.6173
 48 960 -3.0661 -2.9709 14.1257
 72 960 -0.8740 -0.0843 14.2957
 96 960 -7.0816  1.2833  9.2646
120 960 -7.0730  1.7106 13.1228
144 960 -7.7944  0.6880 13.2742
168 960 -4.4472 -0.4748 13.1232
192 960 -5.7485  0.2300 12.8636
216 960 -5.9223  1.1192 13.1154
240 960 -3.2187  0.4500 15.8922
264 960 -3.7687 -0.1895 19.3022
288 960 -1.8909 -2.7373 16.9057
312 960  0.0938 -2.8920 16.6413
336 960  0.4573 -3.1480 12.3852
360 960  2.0870 -4.1597 13.9489
384 960  2.0482 -3.0757 15.8764
408 960  2.2981  1.7494 14.2833
432 960  5.0517  3.1219 17.9652
456 960  3.6977  1.5913 18.1762
480 960  3.1183  2.5693 17.2555
504 960  2.9445  1.3260 17.7423
528 960  1.7245  5.9728 14.0080
552 960  0.2464  6.3419 15.6062
576 960 -6.6572 -3.0869 13.4398
600 960 -5.2785 -4.1765 18.7023
624 960  1.0501  0.0442 18.3625
648 960  2.2913  2.3766 14.8548
672 960  3.9877  3.7404 16.4169
696 960  3.9631  5.7928 14.0804
720 960  4.7919  3.0443 16.5286
744 960  2.3414  0.0456 16.5225
768 960  2.5898 -0.7593 20.3426
792 960  7.0685  6.4264 18.8940
816 960  6.0776  7.0957 19.6180
840 960  7.9302  9.7097 12.7654
864 960  8.8586  6.2057 14.7146
888 960  7.8529  7.0667 11.9753
912 960  3.2496  3.4677 10.2393
936 960  3.0020  3.4079 18.1479
960 960  3.0274  3.2885 14.6685
984 960  1.0563  0.0060 10.4585
 24 984 -0.0001 -0.0448 15.0842
 48 984 -0.0141 -0.0412 12.2653
 72 984 -0.0276 -0.0407 12.3696
 96 984  0.0145 -0.0341 12.3803
120 984  0.0083 -0.0246 12.4708
144 984 -0.0157 -0.0257 12.4398
168 984  0.0083 -0.0410 12.2942
192 984 -0.0065 -0.0255 12.4822
216 984 -0.0102 -0.0080 12.6831
240 984 -0.0102 -0.0248 12.6597
264 984 -0.0572 -0.0325 12.6121
288 984 -0.0226 -0.0381 12.5146
312 984 -0.0239 -0.0406 12.4486
336 984 -0.0269 -0.0360 12.4020
360 984  0.0039 -0.0329 12.4474
384 984 -0.0026 -0.0296 12.4538
408 984  0.0331 -0.0307 12.3205
432 984  0.0351 -0.0397 12.1729
456 984  0.0108 -0.0344 11.9939
480 984  0.0333 -0.0296 12.2637
504 984 -0.0303 -0.0336 12.5038
528 984 -0.0178 -0.0174 12.5020
552 984  0.0011 -0.0221 12.5198
576 984 -0.0167 -0.0504 12.5081
600 984  0.0540 -0.0115 13.3547
624 984  0.0658  0.0000 13.2582
648 984  0.0340 -0.0323 12.1892
672 984  0.0049 -0.0239 12.2555
696 984 -0.0230 -0.0181 12.4215
720 984  0.0067 -0.0310 12.1678
744 984  0.0447 -0.0332 12.2629
768 984  0.0738 -0.0317 12.3266
792 984  0.0500 -0.0353 12.0955
816 984  0.0073 -0.0299 12.3599
840 984 -0.0111 -0.0151 12.7376
864 984  0.0189 -0.0250 12.4921
888 984 -0.0049 -0.0428 12.3469
912 984 -0.0089 -0.0335 12.4889
936 984  0.0167 -0.0368 12.0734
960 984  0.0025 -0.0375 12.1310
984 984  1.1330 -0.0331 13.7260
